,kboTIME,x,y,z
0,2453687.10288095,-5773113678.679086,3626464961.6039414,-2164719497.8876843
1,2453687.352904239,-5772652756.179454,3625997679.05793,-2164738227.1309524
2,2453687.602927597,-5772194311.211591,3625524917.325295,-2164753630.7229314
3,2453687.852951322,-5771725731.411073,3625050478.5422316,-2164767362.052176
4,2453688.102974999,-5771251219.588751,3624585934.2422442,-2164784432.946911
5,2453688.352998332,-5770783370.211979,3624127397.0610414,-2164803147.0909815
6,2453688.603021737,-5770317890.35874,3623663343.1777687,-2164818507.4245296
7,2453688.853045508,-5769842240.66722,3623197773.337914,-2164832253.416662
8,2453689.1030692225,-5769360840.066795,3622742191.2109356,-2164849367.331707
9,2453689.3530925917,-5768886208.048471,3622292511.365708,-2164868067.0094676
10,2453689.6031160383,-5768413836.126174,3621837279.5323725,-2164883385.6725
11,2453689.8531398475,-5767931261.70479,3621380693.930801,-2164897148.3508883
12,2453690.103163593,-5767443118.581991,3620934187.0063047,-2164914306.264737
13,2453690.3531869925,-5766961847.627677,3620493476.507706,-2164932991.93167
14,2453690.603210474,-5766482726.18752,3620047181.137259,-2164948270.3228846
15,2453690.8532343144,-5765993372.184423,3619599695.3728,-2164962051.4866805
16,2453691.1032580836,-5765498632.977678,3619162377.0725822,-2164979254.1302853
17,2453691.353281507,-5765010867.198966,3618730748.44669,-2164997925.9981623
18,2453691.603305016,-5764525139.486731,3618293504.5455294,-2165013165.268509
19,2453691.853328882,-5764029152.008463,3617855234.8070006,-2165026966.4420476
20,2453692.1033526687,-5763527964.311716,3617427219.138727,-2165044214.256731
21,2453692.3533761087,-5763033849.191408,3617004785.529834,-2165062872.2600465
22,2453692.6033996395,-5762541660.094821,3616576708.7125497,-2165078073.2871842
23,2453692.8534235233,-5762039187.125992,3616147771.7108955,-2165091895.702207
24,2453693.10344732,-5761531700.573244,3615729173.124482,-2165109188.8295736
25,2453693.3534707706,-5761031383.808939,3615316048.0819407,-2165127832.6227164
26,2453693.603494316,-5760532880.654227,3614897254.294882,-2165142996.014626
27,2453693.853518211,-5760024072.801354,3614477766.9315276,-2165156840.6197286
28,2453694.103542011,-5759510439.754685,3614068699.941381,-2165174178.916579
29,2453694.3535654647,-5759004071.889893,3613664997.0035105,-2165192807.8934975
30,2453694.603589018,-5758499405.014578,3613255602.0770817,-2165207934.011955
31,2453694.853612917,-5757984416.019249,3612845680.9727306,-2165221801.4992795
32,2453695.1036367137,-5757464792.023728,3612446259.6715803,-2165239184.5671215
33,2453695.353660164,-5756952526.847415,3612052091.870767,-2165257797.8928204
34,2453695.6036837175,-5756441849.946274,3611652211.0211067,-2165272886.886014
35,2453695.853707614,-5755920836.979637,3611251972.020269,-2165286777.724684
36,2453696.1037314,-5755395381.01059,3610862309.59249,-2165304204.943702
37,2453696.3537548394,-5754877375.762167,3610477788.9811964,-2165322801.588011
38,2453696.6037783865,-5754360846.053735,3610087536.35152,-2165337853.423439
39,2453696.8538022726,-5753833969.84807,3609697094.082617,-2165351767.8914995
40,2453697.103826041,-5753302844.412823,3609317302.386426,-2165369238.45153
41,2453697.3538494627,-5752779259.859855,3608942539.6426907,-2165387817.218583
42,2453697.6038729963,-5752257038.144278,3608562027.932191,-2165402831.7105594
43,2453697.853896865,-5751724463.034474,3608181495.4607677,-2165416769.920641
44,2453698.1039206083,-5751187834.202509,3607811684.7067204,-2165434282.8452353
45,2453698.353944005,-5750658834.664846,3607446788.836981,-2165452842.395655
46,2453698.6039675176,-5750131085.345608,3607076129.025978,-2165467819.2252126
47,2453698.8539913613,-5749592979.291376,3606705617.601216,-2165481781.1425085
48,2453699.1040150723,-5749051016.721109,3606345896.1191983,-2165499335.305474
49,2453699.354038437,-5748516770.106705,3605990974.2431545,-2165517874.171256
50,2453699.604061921,-5747983661.237975,3605630275.3923316,-2165532812.8991947
51,2453699.8540857327,-5747440195.884467,3605269894.2582436,-2165546798.3531666
52,2453700.1041094037,-5746893072.900185,3604920368.318416,-2165564392.4895415
53,2453700.354132729,-5746353750.801367,3604575525.4957504,-2165582909.0842643
54,2453700.6041561775,-5745815454.204795,3604224894.5740438,-2165597809.1604767
55,2453700.8541799495,-5745266805.020236,3603874750.795043,-2165611817.853972
56,2453701.1042035725,-5744714698.772043,3603535524.4277654,-2165629450.569681
57,2453701.354226851,-5744170476.649186,3603200863.4674783,-2165647943.1987395
58,2453701.6042502564,-5743627168.120535,3602860405.145333,-2165662803.9729986
59,2453701.8542739805,-5743073514.624194,3602520603.379224,-2165676835.494369
60,2453702.104297549,-5742516606.336681,3602191778.123766,-2165694505.280598
61,2453702.3543207725,-5741967663.786659,3601867399.3032355,-2165712972.157918
62,2453702.6043441272,-5741419523.380863,3601537215.636251,-2165727792.898945
63,2453702.8543677963,-5740861049.440402,3601207857.778138,-2165741846.744297
64,2453703.104391302,-5740299524.718792,3600889532.2831883,-2165759552.0038776
65,2453703.3544144635,-5739746045.786048,3600575532.900448,-2165777991.282582
66,2453703.6044377596,-5739193258.126939,3600255722.8286905,-2165792771.2129087
67,2453703.854461366,-5738630152.259336,3599936907.454523,-2165806846.8258805
68,2453704.1044848007,-5738064201.37496,3599629176.8641167,-2165824585.9189124
69,2453704.3545078924,-5737506374.814552,3599325650.563844,-2165842995.7427697
70,2453704.6045311224,-5736949129.326257,3599016309.1762614,-2165857734.09565
71,2453704.854554658,-5736381584.887443,3598708130.746547,-2165871830.9302335
72,2453705.1045780145,-5735811402.916737,3598411085.8454885,-2165889602.2434196
73,2453705.3546010284,-5735249422.273925,3598118121.7085404,-2165907980.8223467
74,2453705.6046241843,-5734687913.190671,3597819339.2803698,-2165922676.922604
75,2453705.854647641,-5734116128.305137,3597521887.132123,-2165936794.5291643
76,2453706.1046709116,-5733541914.970685,3597235613.300949,-2165954596.5670905
77,2453706.35469384,-5732975978.326228,3596953294.771096,-2165972942.272868
78,2453706.604716914,-5732410404.334273,3596665155.672279,-2165987595.635644
79,2453706.854740284,-5731834581.426912,3596378512.9218917,-2166001733.7617946
80,2453707.10476346,-5731256540.515787,3596103089.048437,-2166019565.2493854
81,2453707.354786295,-5730686849.789686,3595831492.8661757,-2166037876.7184515
82,2453707.6048092796,-5730117413.21579,3595554074.5314274,-2166052487.150518
83,2453707.8548325547,-5729537758.086343,3595278317.0968614,-2166066645.839596
84,2453708.1048556287,-5728956096.41577,3595013814.6664524,-2166084505.8167562
85,2453708.354878363,-5728382856.231989,3594753010.040883,-2166102782.0396113
86,2453708.60490125,-5727809761.815563,3594486382.2358985,-2166117349.7218733
87,2453708.8549244227,-5727226482.328458,3594221578.210216,-2166131529.387282
88,2453709.104947387,-5726641408.367121,3593968060.7979116,-2166149417.2741227
89,2453709.3549700123,-5726064824.621759,3593718109.025403,-2166167657.650405
90,2453709.604992794,-5725488278.044859,3593462333.597284,-2166182183.1818976
91,2453709.8550158567,-5724901582.636549,3593208543.135439,-2166196384.6394196
92,2453710.1050387034,-5724313305.006626,3592966066.4315453,-2166214300.2565236
93,2453710.3550612126,-5723733583.3821745,3592727021.058234,-2166232504.602965
94,2453710.6050838814,-5723153789.811323,3592482152.2305284,-2166246988.9964566
95,2453710.8551068264,-5722563886.073787,3592239427.971979,-2166261213.4479017
96,2453711.105129548,-5721972612.190611,3592008040.3257256,-2166279156.988501
97,2453711.355151934,-5721389956.864965,3591779947.8024125,-2166297325.4999185
98,2453711.605174483,-5720807119.73928,3591546032.929705,-2166311770.132398
99,2453711.8551973025,-5720214213.294931,3591314420.8419857,-2166326019.1068807
100,2453712.1052198918,-5719620148.336289,3591094164.1829615,-2166343991.0699415
101,2453712.355242147,-5719034761.052057,3590877064.851314,-2166362124.2445807
102,2453712.6052645687,-5718449081.254605,3590654145.4572043,-2166376530.7758217
103,2453712.8552872557,-5717853375.030299,3590433685.91446,-2166390806.0431485
104,2453713.1053097057,-5717256721.313615,3590224596.8611026,-2166408807.1427226
105,2453713.3553318237,-5716668800.857749,3590018526.08103,-2166426905.688004
106,2453713.605354111,-5716080476.294304,3589806638.993905,-2166441275.9632974
107,2453713.855376659,-5715482170.194823,3589597367.9129105,-2166455579.4351115
108,2453714.1053989627,-5714883126.942117,3589399478.9019227,-2166473610.501067
109,2453714.355420936,-5714292868.998637,3589204468.1670113,-2166491675.2339206
110,2453714.6054430827,-5713702094.5325365,3589003646.6150565,-2166506011.184183
111,2453714.855465484,-5713101385.45193,3588805596.5256186,-2166520344.8149953
112,2453715.1054876344,-5712500148.873593,3588618936.854283,-2166538406.6958923
113,2453715.3555094567,-5711907746.175941,3588435014.8020167,-2166556438.447309
114,2453715.605531456,-5711314713.843718,3588245289.3878355,-2166570741.9951153
115,2453715.8555537043,-5710711795.939145,3588058490.370013,-2166585107.690609
116,2453716.105575695,-5710108559.562781,3587883087.0946627,-2166603201.165126
117,2453716.3555973596,-5709514202.274776,3587710280.3636813,-2166621200.6944933
118,2453716.605619204,-5708919101.714963,3587531679.877974,-2166635473.6709223
119,2453716.855641293,-5708314166.879091,3587356160.33134,-2166649873.2079015
120,2453717.105663118,-5707709122.063103,3587192038.9913893,-2166667998.9086804
121,2453717.3556846185,-5707112998.331418,3587030372.898037,-2166685966.8313737
122,2453717.605706302,-5706516017.371874,3586862924.9465632,-2166700210.906951
123,2453717.8557282244,-5705909255.851033,3586698712.1668983,-2166714645.868136
124,2453718.1057498767,-5705302592.431133,3586545897.310472,-2166732804.2211356
125,2453718.355771207,-5704704889.057416,3586395396.321214,-2166750740.952354
126,2453718.605792723,-5704106214.408611,3586239127.7421217,-2166764957.5850964
127,2453718.855814473,-5703497815.512612,3586086248.2834105,-2166779429.311698
128,2453719.1058359453,-5702889722.524899,3585944763.773832,-2166797620.4938784
129,2453719.355857099,-5702290625.698685,3585805451.754898,-2166815526.211436
130,2453719.605878442,-5701690443.69127,3585660388.8106275,-2166829716.6144114
131,2453719.855900012,-5701080596.530327,3585518868.6201587,-2166844226.1786547
132,2453720.105921299,-5700471262.943713,3585388737.715621,-2166862450.095845
133,2453720.3559422693,-5699870958.966683,3585260637.957553,-2166880324.7232523
134,2453720.605963432,-5699269456.262274,3585126806.304941,-2166894489.852505
135,2453720.8559848163,-5698658350.439024,3584996670.641884,-2166909038.0504107
136,2453721.1060059112,-5698047965.825312,3584877915.8658147,-2166927294.335087
137,2453721.356026692,-5697446641.756313,3584761050.907544,-2166945137.543921
138,2453721.606047668,-5696844005.962942,3584638475.378282,-2166959278.1049986
139,2453721.8560688603,-5696231832.154554,3584519748.555181,-2166973865.4670234
140,2453722.1060897564,-5695620587.235432,3584412391.4034505,-2166992153.492884
141,2453722.356110341,-5695018431.400899,3584306782.70861,-2167009964.7207446
142,2453722.6061311243,-5694414851.54434,3584195486.9583592,-2167024081.1895266
143,2453722.8561521173,-5693801801.9329,3584088191.968444,-2167038708.004139
144,2453723.1061728084,-5693189888.969756,3583992252.520143,-2167057026.9121614
145,2453723.3561931904,-5692587091.313667,3583897920.074971,-2167074805.3905396
146,2453723.6062137745,-5691982758.14716,3583797926.172035,-2167088898.04238
147,2453723.8562345617,-5691369026.689451,3583702084.2737055,-2167103564.386396
148,2453724.1062550414,-5690756639.715581,3583617580.7761626,-2167121913.11616
149,2453724.356275215,-5690153391.996736,3583534542.6778736,-2167139657.902017
150,2453724.606295592,-5689548498.164672,3583445870.6975436,-2167153726.843105
151,2453724.856316168,-5688934280.724139,3583361501.0185413,-2167168432.6129174
152,2453725.1063364292,-5688321615.64885,3583288449.5046244,-2167186809.933587
153,2453725.356356387,-5687718111.5209,3583216721.5931077,-2167204519.9394116
154,2453725.606376552,-5687112851.617026,3583139389.264869,-2167218565.1355233
155,2453725.856396909,-5686498346.002909,3583066508.4671984,-2167233310.0748487
156,2453726.1064169453,-5685885600.635981,3583004922.4394755,-2167251714.6119337
157,2453726.3564366815,-5685282035.661395,3582944518.0003614,-2167269388.630991
158,2453726.6064566276,-5684676606.234849,3582878540.42923,-2167283409.930963
159,2453726.8564767586,-5684062012.202995,3582817162.4492707,-2167298193.6529584
160,2453727.106496564,-5683449386.254665,3582767052.6387763,-2167316623.9093075
161,2453727.356516072,-5682845957.90771,3582717982.1788,-2167334260.635056
162,2453727.6065357924,-5682240557.471078,3582663371.6352415,-2167348257.7885313
163,2453727.8565556915,-5681626076.739475,3582613507.4871497,-2167363079.7924695
164,2453728.106575259,-5681013771.847046,3582574881.6685276,-2167381534.1642313
165,2453728.3565945323,-5680410679.5545635,3582537152.7390366,-2167399132.205295
166,2453728.60661402,-5679805508.640123,3582493918.487283,-2167413104.8766856
167,2453728.856633681,-5679191344.961843,3582455576.0936694,-2167427964.5616655
168,2453729.106653004,-5678579564.781888,3582428438.915241,-2167446441.352281
169,2453729.356672036,-5677977010.036588,3582402055.9368615,-2167463999.2465405
170,2453729.606691285,-5677372271.330438,3582370204.049426,-2167477947.0293183
171,2453729.8567107003,-5676758630.648315,3582343388.0420976,-2167492843.7096305
172,2453730.1067297724,-5676147581.032611,3582327740.8086443,-2167511341.14698
173,2453730.3567485567,-5675545767.590052,3582312704.8303795,-2167528857.3804326
174,2453730.6067675604,-5674941666.147755,3582292237.9178004,-2167542779.8178635
175,2453730.8567867237,-5674328756.825795,3582276949.333786,-2167557712.7466135
176,2453731.1068055383,-5673718646.066557,3582272789.664165,-2167576229.0103297
177,2453731.3568240684,-5673117780.200987,3582269097.976486,-2167593702.0480676
178,2453731.60684282,-5672514523.708153,3582260014.7503777,-2167607598.668034
179,2453731.856861725,-5671902556.790668,3582256250.5411305,-2167622567.0768495
180,2453732.1068802755,-5671293595.8725605,3582263571.8197327,-2167641100.3437104
181,2453732.356898545,-5670693886.614574,3582271217.3437138,-2167658528.680894
182,2453732.606917038,-5670091685.600459,3582273511.9403105,-2167672399.052467
183,2453732.856935677,-5669480874.991341,3582281264.2285843,-2167687402.2144313
184,2453733.106953957,-5668873277.726775,3582300054.795373,-2167705950.728271
185,2453733.356971959,-5668274936.943891,3582319025.20591,-2167723332.9666657
186,2453733.6069901874,-5667674004.794406,3582332686.2444353,-2167737176.7827306
187,2453733.8570085545,-5667064567.189624,3582351941.323134,-2167752214.1012864
188,2453734.1070265574,-5666458550.059408,3582382183.4199476,-2167770776.2682457
189,2453734.357044286,-5665861792.193503,3582412460.0472455,-2167788111.216857
190,2453734.6070622425,-5665262344.773062,3582437469.497144,-2167801928.3988595
191,2453734.857080331,-5664654499.156174,3582468206.6765456,-2167816999.515905
192,2453735.1070980504,-5664050280.671118,3582509875.290275,-2167835574.01508
193,2453735.3571154987,-5663455321.960233,3582551431.9755483,-2167852860.8016963
194,2453735.607133177,-5662857576.688857,3582587764.043511,-2167866651.6100283
195,2453735.8571509807,-5662251543.261887,3582629954.5913057,-2167881756.513485
196,2453736.10716841,-5661649342.750924,3582683016.4689164,-2167900342.400086
197,2453736.3571855724,-5661056399.88125,3582735818.674944,-2167917580.567948
198,2453736.607202966,-5660460574.259113,3582783439.031759,-2167931345.6898866
199,2453736.857220479,-5659856572.852685,3582837045.537436,-2167946484.79104
200,2453737.107237612,-5659256608.776846,3582901458.706494,-2167965081.5614095
201,2453737.357254482,-5658665897.121353,3582965463.208656,-2167982271.1202106
202,2453737.607271585,-5658072206.914193,3583024328.8624854,-2167996011.7055316
203,2453737.857288801,-5657470455.144579,3583089305.3023705,-2168011185.858216
204,2453738.107305632,-5656872943.253416,3583165019.332565,-2168029793.4517984
205,2453738.357322204,-5656284675.055417,3583240174.675402,-2168046934.861937
206,2453738.607339011,-5655693332.531041,3583310234.618029,-2168060652.489649
207,2453738.857355924,-5655094044.11497,3583386527.183115,-2168075862.94023
208,2453739.1073724474,-5654499195.864566,3583473484.1828833,-2168094481.6734147
209,2453739.3573887157,-5653913578.780274,3583559731.8276806,-2168111575.7645097
210,2453739.607405221,-5653324791.392322,3583640928.312749,-2168125272.347746
211,2453739.857421825,-5652728174.985506,3583728476.7965665,-2168140520.628662
212,2453740.107438036,-5652136196.542782,3583826612.887687,-2168159151.07872
213,2453740.3574539954,-5651553432.817707,3583923888.748815,-2168176198.925336
214,2453740.6074701943,-5650967402.554819,3584016158.86557,-2168189876.5810785
215,2453740.8574864846,-5650373661.27162,3584114898.253141,-2168205164.3773017
216,2453741.107502377,-5649784753.2002945,3584224145.153794,-2168223807.247581
217,2453741.3575180233,-5649205039.513568,3584332381.1554,-2168240810.0342007
218,2453741.60753391,-5648621962.890413,3584435658.3414025,-2168254470.949582
219,2453741.8575498816,-5648031294.428696,3584545520.2642,-2168269799.9685607
220,2453742.1075654514,-5647445651.935293,3584665806.674513,-2168288455.963441
221,2453742.357580779,-5646869179.752781,3584784932.0566726,-2168305414.864659
222,2453742.607596349,-5646289248.254477,3584899147.3176165,-2168319061.182951
223,2453742.857611997,-5645701845.416505,3585020061.1837153,-2168334433.0477004
224,2453743.1076272395,-5645119658.934908,3585151313.824597,-2168353102.773462
225,2453743.357642244,-5644546615.144749,3585281256.0898604,-2168370018.8621073
226,2453743.6076574926,-5643970015.900357,3585406338.855196,-2168383652.5977983
227,2453743.8576728124,-5643386067.293142,3585538232.617755,-2168399068.7694626
228,2453744.107687723,-5642807523.203467,3585680376.916356,-2168417752.664479
229,2453744.3577024005,-5642238090.845695,3585821062.4358845,-2168434626.8486114
230,2453744.607717323,-5641665007.360712,3585956941.090429,-2168448249.830461
231,2453744.8577323104,-5641084698.125376,3586099741.71106,-2168463711.5575294
232,2453745.1077468847,-5640509979.476786,3586252702.2015305,-2168482409.8476458
233,2453745.3577612303,-5639944338.456629,3586404056.557479,-2168499242.831229
234,2453745.6077758227,-5639374951.3130665,3586550658.730121,-2168512856.6674924
235,2453745.857790473,-5638798463.809517,3586704292.4195886,-2168528364.9555755
236,2453746.107804707,-5638227750.989423,3586867992.940329,-2168547077.6283855
237,2453746.3578187167,-5637666078.730677,3587029941.0823917,-2168563869.889433
238,2453746.6078329748,-5637100566.223247,3587187193.7650414,-2168577475.9492817
239,2453746.8578472836,-5636528080.648743,3587351586.068609,-2168593031.5458636
240,2453747.1078611724,-5635961551.985035,3587525949.8167467,-2168611758.3388443
241,2453747.3578748424,-5635404024.016504,3587698416.086793,-2168628510.120434
242,2453747.6078887614,-5634842562.722336,3587866245.6306114,-2168642109.5275083
243,2453747.857902725,-5634274257.664381,3588041321.3984685,-2168657712.918191
244,2453748.1079162653,-5633712089.962676,3588226270.8759737,-2168676453.3176756
245,2453748.3579295906,-5633158880.440118,3588409178.9297028,-2168693164.6293144
246,2453748.6079431674,-5632601645.724091,3588587510.9429636,-2168706758.265255
247,2453748.857956781,-5632037698.648539,3588773194.2062,-2168722409.679654
248,2453749.107969968,-5631480067.663825,3588968651.075021,-2168741162.929144
249,2453749.3579829456,-5630931349.824793,3589161923.7159677,-2168757833.5571384
250,2453749.6079961755,-5630378516.275841,3589350682.877476,-2168771422.073881
251,2453749.8580094352,-5629819103.943646,3589546896.6429653,-2168787121.5000715
252,2453750.108022265,-5629266184.777818,3589752781.502725,-2168805886.616771
253,2453750.358034891,-5628722131.319528,3589956340.4428134,-2168822516.1424413
254,2453750.60804777,-5628173873.106839,3590155450.246376,-2168836099.9820185
255,2453750.8580606715,-5627619171.907727,3590362116.2277656,-2168851847.188123
256,2453751.1080731405,-5627071139.321309,3590578348.3350363,-2168870622.986159
257,2453751.35808541,-5626531922.690033,3590792113.9027166,-2168887210.810171
258,2453751.608097934,-5625988413.828705,3591001496.3558207,-2168900790.230041
259,2453751.858110474,-5625438600.022796,3591218534.6656737,-2168916584.790797
260,2453752.1081225784,-5624895628.653722,3591445031.6217074,-2168935369.908768
261,2453752.358134488,-5624361421.241201,3591668922.4462633,-2168951915.279113
262,2453752.6081466526,-5623822835.765698,3591888497.752601,-2168965490.380412
263,2453752.858158827,-5623278085.634527,3592115826.5860944,-2168981331.705928
264,2453753.108170562,-5622740350.128806,3592352504.0238194,-2169000124.6360135
265,2453753.3581821085,-5622211324.384033,3592586436.7262645,-2169016626.6767817
266,2453753.60819391,-5621677836.441319,3592816122.9819026,-2169030197.4326577
267,2453753.8582057143,-5621138326.363735,3593053658.320721,-2169046084.7966714
268,2453754.108217077,-5620606001.437116,3593300429.617737,-2169064883.912627
269,2453754.3582282555,-5620082329.915872,3593544318.532844,-2169081341.6511483
270,2453754.608239691,-5619554113.803691,3593784031.457818,-2169094907.9329576
271,2453754.858251121,-5619020020.284975,3594031686.8128443,-2169110840.4985857
272,2453755.1082621072,-5618493280.746398,3594288462.84546,-2169129644.080952
273,2453755.358272915,-5617975136.131314,3594542219.7859416,-2169146056.471872
274,2453755.6082839794,-5617452366.316082,3594791872.4981084,-2169159618.0722227
275,2453755.858295032,-5616923866.005944,3595049558.693141,-2169175594.914534
276,2453756.108305638,-5616402886.778916,3595316247.6289577,-2169194401.1727996
277,2453756.358316071,-5615890441.906607,3595579781.684552,-2169210767.1194124
278,2453756.6083267606,-5615373293.057166,3595839284.5032144,-2169224323.772733
279,2453756.8583374317,-5614850562.791779,3596106909.4820333,-2169240343.899305
280,2453757.1083476543,-5614335518.9675665,3596383416.5882273,-2169259150.9927025
281,2453757.3583577084,-5613828946.8944845,3596656633.931395,-2169275469.36759
282,2453757.6083680205,-5613317593.960604,3596925894.17721,-2169289020.770884
283,2453757.858378306,-5612800810.854411,3597203362.795373,-2169305083.1435237
284,2453758.1083881413,-5612291877.798684,3597489590.21873,-2169323889.2040524
285,2453758.3583978135,-5611791351.922595,3597772393.8679695,-2169340158.873215
286,2453758.6084077433,-5611285970.26951,3598051315.605357,-2169353704.7115917
287,2453758.8584176404,-5610775311.861632,3598338529.3482347,-2169369808.2742815
288,2453759.1084270845,-5610272665.372024,3598634375.8043256,-2169388611.437572
289,2453759.3584363707,-5609778359.598275,3598926665.278869,-2169404831.2940235
290,2453759.608445916,-5609279125.177182,3599215148.9314504,-2169418371.277392
291,2453759.85845542,-5608774769.601816,3599512005.486869,-2169434514.997135
292,2453760.1084644697,-5608278586.074327,3599817365.785559,-2169453313.4479876
293,2453760.358473367,-5607790674.972255,3600119036.5786514,-2169469482.461815
294,2453760.608482523,-5607297764.45842,3600416978.346743,-2169483016.3797154
295,2453760.858491631,-5606799890.556518,3600723370.9648356,-2169499199.307038
296,2453761.108500283,-5606310347.062769,3601038135.310462,-2169517991.3460226
297,2453761.3585087885,-5605829005.898398,3601349078.1279616,-2169534108.636714
298,2453761.608517552,-5605342596.667237,3601656369.1661525,-2169547636.436242
299,2453761.8585262606,-5604851383.894136,3601972185.778982,-2169563857.789142
300,2453762.108534511,-5604368658.0093775,3602296238.835922,-2169582641.9225664
301,2453762.3585426207,-5603894062.481358,3602616338.612827,-2169598706.8541117
302,2453762.608550988,-5603414332.238538,3602932864.005786,-2169612228.73927
303,2453762.858559294,-5602929960.176126,3603257986.1743793,-2169628488.006379
304,2453763.108567141,-5602454229.363546,3603591205.9985833,-2169647263.05241
305,2453763.3585748514,-5601986554.849832,3603920340.829787,-2169663275.3407207
306,2453763.6085828203,-5601513680.731446,3604245978.5408006,-2169676791.8793473
307,2453763.85859072,-5601036328.036758,3604580280.4432807,-2169693088.9247966
308,2453764.1085981596,-5600567768.443638,3604922537.5324297,-2169711854.114437
309,2453764.358605468,-5600107188.64691,3605260577.807697,-2169727813.922126
310,2453764.608613035,-5599641345.718889,3605595197.923215,-2169741326.1320915
311,2453764.8586205263,-5599171188.4877825,3605938545.7348084,-2169757661.2708745
312,2453765.108627556,-5598709973.189526,3606289702.5675693,-2169776416.310273
313,2453765.3586344603,-5598256658.281136,3606636510.69072,-2169792324.293738
314,2453765.6086416226,-5597798017.605817,3606979975.338559,-2169805833.672887
315,2453765.858648702,-5597335227.389963,3607332227.365458,-2169822207.6820965
316,2453766.108655319,-5596881524.389726,3607692138.7617455,-2169840952.743635
317,2453766.358661817,-5596435639.025094,3608047569.7414293,-2169856810.023056
318,2453766.6086685723,-5595984365.725601,3608399733.9116526,-2169870318.4981627
319,2453766.858675238,-5595529107.680499,3608760741.6366906,-2169886732.5453644
320,2453767.108681441,-5595083078.175197,3609129256.015533,-2169905468.175844
321,2453767.35868753,-5594644779.908321,3609493158.915827,-2169921276.224176
322,2453767.608693877,-5594201031.757515,3609853872.080625,-2169934786.023064
323,2453767.858700127,-5593753463.4286,3610223481.9256706,-2169951241.5243087
324,2453768.108705913,-5593315260.810436,3610600443.1789494,-2169969968.4909754
325,2453768.358711592,-5592884699.321882,3610972663.070304,-2169985728.970244
326,2453768.608717528,-5592448626.200915,3611341771.1780643,-2169999242.4517903
327,2453768.858723361,-5592008897.212064,3611719826.5083303,-2170015740.899101
328,2453769.10872873,-5591578666.98165,3612105075.983029,-2170034460.017244
329,2453769.358733997,-5591155984.204563,3612485455.871774,-2170050174.608172
330,2453769.6087395214,-5590727728.424782,3612862803.197475,-2170063694.09671
331,2453769.8587449356,-5590295980.976909,3613249146.0711384,-2170080236.9003863
332,2453770.1087498856,-5589873861.397829,3613642524.199871,-2170098948.88523
333,2453770.35875474,-5589459192.304985,3614030906.525109,-2170114619.1493025
334,2453770.608759851,-5589038889.502198,3614416337.0244355,-2170128146.807965
335,2453770.858764846,-5588615259.351043,3614810809.399822,-2170144735.182677
336,2453771.108769376,-5588201382.489379,3615212156.759782,-2170163440.548635
337,2453771.358773817,-5587794856.172714,3615608384.305433,-2170179067.8397603
338,2453771.6087785135,-5587382636.406191,3616001742.385291,-2170192605.5941606
339,2453771.8587830877,-5586967253.963581,3616404186.758274,-2170209240.494832
340,2453772.108787197,-5586561746.777617,3616813344.5845156,-2170227939.50305
341,2453772.3587912233,-5586163487.513972,3617217260.878025,-2170243524.9253926
342,2453772.608795505,-5585759476.296973,3617618391.6920524,-2170257074.4306555
343,2453772.858799658,-5585352467.618621,3618028651.300924,-2170273756.5282235
344,2453773.1088033463,-5584955452.899549,3618445461.611939,-2170292449.170295
345,2453773.358806957,-5584565581.040481,3618856910.980552,-2170307993.5685396
346,2453773.608810823,-5584169900.176193,3619265660.426887,-2170321556.2050366
347,2453773.858814554,-5583771387.743367,3619683579.202536,-2170338285.887197
348,2453774.10881782,-5583382984.844639,3620107884.7114573,-2170356971.8902106
349,2453774.3588210153,-5583001617.494943,3620526712.161319,-2170372475.8578296
350,2453774.608824465,-5582614385.705375,3620942926.7368298,-2170386052.741984
351,2453774.8588277726,-5582224489.007426,3621368349.139233,-2170402830.1262693
352,2453775.1088306163,-5581844814.3853445,3621799993.0774426,-2170421508.9677157
353,2453775.358833396,-5581472065.905096,3622226044.10734,-2170436972.863018
354,2453775.6088364283,-5581093399.297013,3622649570.715067,-2170450564.8641243
355,2453775.8588393126,-5580712235.2649975,3623082341.5381985,-2170467389.815541
356,2453776.1088417335,-5580341402.884722,3623521167.4593253,-2170486060.7415257
357,2453776.3588440963,-5579977385.270602,3623954287.86397,-2170501484.70599
358,2453776.608846711,-5579607397.694124,3624384973.616837,-2170515092.4646792
359,2453776.8588491715,-5579235081.039791,3624824937.794228,-2170531964.6145244
360,2453777.1088511697,-5578873202.698224,3625270789.3812637,-2170550626.658775
361,2453777.3588531152,-5578518025.892131,3625710825.058637,-2170566010.635982
362,2453777.608855312,-5578156829.235782,3626148517.0868263,-2170579634.58326
363,2453777.858857348,-5577793472.734847,3626595519.4994173,-2170596553.34858
364,2453778.108858923,-5577440658.334449,3627048240.372045,-2170615205.3522367
365,2453778.3588604513,-5577094430.488432,3627495037.1283383,-2170630549.10775
366,2453778.60886223,-5576742134.93468,3627939582.38131,-2170644189.4851675
367,2453778.8588638413,-5576387849.673667,3628393467.656926,-2170661154.089646
368,2453779.1088649924,-5576044207.461891,3628852901.1675196,-2170679794.722725
369,2453779.3588661035,-5575707035.16983,3629306304.508002,-2170695097.8658
370,2453779.6088674637,-5575363749.417691,3629757549.5401173,-2170708754.7477016
371,2453779.85886865,-5575018645.007581,3630218161.834571,-2170725764.2448225
372,2453780.1088693775,-5574684281.782323,3630684150.8442945,-2170744392.030068
373,2453780.358870071,-5574356270.276357,3631144005.7433715,-2170759654.037829
374,2453780.6088710125,-5574022101.727333,3631601796.4783287,-2170773327.356082
375,2453780.858871774,-5573686286.478997,3632068979.2355504,-2170790380.6548114
376,2453781.1088720774,-5573361307.754297,3632541365.8702345,-2170808993.994031
377,2453781.358872353,-5573042561.060134,3633007516.5225325,-2170824214.2379727
378,2453781.6088728756,-5572717615.961866,3633471698.0005994,-2170837903.8088655
379,2453781.858873212,-5572391197.018418,3633945293.697604,-2170854999.7013206
380,2453782.1088730916,-5572075707.146646,3634423919.0908604,-2170873596.9035034
381,2453782.3588729496,-5571766328.195504,3634896208.652219,-2170888774.6775475
382,2453782.608873053,-5571450711.742722,3635366624.7699885,-2170902480.229934
383,2453782.858872964,-5571133795.1703205,3635846474.6570587,-2170919617.4200563
384,2453783.10887242,-5570827897.424661,3636331178.6911054,-2170938196.730287
385,2453783.3588718604,-5570527988.127763,3636809449.0194697,-2170953331.2793565
386,2453783.6088715447,-5570221804.528609,3637285942.271496,-2170967052.483141
387,2453783.85887103,-5569914495.376117,3637771886.1156216,-2170984229.61558
388,2453784.1088700625,-5569618292.005627,3638262507.1660805,-2171002789.2440467
389,2453784.3588690856,-5569327953.305379,3638746598.566465,-2171017879.792699
390,2453784.6088683507,-5569031305.82883,3639229009.7902775,-2171031616.287372
391,2453784.8588674115,-5568733708.172983,3639720885.620333,-2171048831.97651
392,2453785.10886602,-5568447300.447705,3640217260.3001895,-2171067370.127868
393,2453785.358864626,-5568166632.36325,3640707011.265247,-2171082415.909585
394,2453785.608863472,-5567879623.384905,3641195179.3773146,-2171096167.3337746
395,2453785.8588621076,-5567591840.377495,3641692823.214535,-2171113420.1942554
396,2453786.1088602934,-5567315328.638438,3642194786.0966134,-2171131935.099111
397,2453786.358858482,-5567044430.318173,3642690033.0178123,-2171146935.388388
398,2453786.6088569094,-5566767161.374012,3643183794.7112947,-2171160701.412993
399,2453786.8588551204,-5566489295.296698,3643687040.251705,-2171177990.0947137
400,2453787.1088528833,-5566222779.011816,3644194423.53239,-2171196480.0466
401,2453787.3588506556,-5565961748.788409,3644695000.3409944,-2171211434.1975956
402,2453787.608848664,-5565694320.625623,3645194189.701255,-2171225214.5665913
403,2453787.8588464507,-5565426472.934347,3645702867.9035273,-2171242537.7985296
404,2453788.1088437913,-5565170050.734025,3646215500.9593616,-2171261001.200896
405,2453788.3588411473,-5564918986.14636,3646721238.6479945,-2171275908.6973896
406,2453788.6088387375,-5564661498.725729,3647225686.637009,-2171289703.2810764
407,2453788.8588361,-5564403770.028135,3647739625.168414,-2171307059.928618
408,2453789.108833019,-5564157539.652211,3648257333.9615903,-2171325495.35639
409,2453789.3588299593,-5563916537.354126,3648768059.947454,-2171340355.8771467
410,2453789.6088271323,-5563669089.711245,3649277593.7253375,-2171354164.741439
411,2453789.858824071,-5563421579.572071,3649796616.24379,-2171371553.8800087
412,2453790.1088205692,-5563185637.61103,3650319222.566744,-2171389960.1573954
413,2453790.3588170945,-5562954793.0380335,3650834759.901901,-2171404773.6574054
414,2453790.60881385,-5562717482.864504,3651349202.009232,-2171418597.1480036
415,2453790.858810366,-5562480289.291765,3651873127.326401,-2171436018.1499324
416,2453791.1088064443,-5562254730.569437,3652400447.954942,-2171454394.4391875
417,2453791.358802555,-5562034137.208679,3652920614.4804025,-2171469161.2389846
418,2453791.6087988946,-5561807060.000692,3653439782.0080247,-2171483000.0699635
419,2453791.858794989,-5561580278.467627,3653968423.292151,-2171500452.691138
420,2453792.1087906477,-5561365194.933885,3654500269.238951,-2171518798.5756383
421,2453792.358786346,-5561154943.086072,3655024876.9077487,-2171533519.4388256
422,2453792.60878227,-5560938190.776878,3655548580.911342,-2171547374.7626514
423,2453792.858777944,-5560721912.731438,3656081745.21647,-2171564859.2030234
424,2453793.1087731845,-5560517391.859687,3656617921.39658,-2171583174.7360997
425,2453793.358768471,-5560317566.93822,3657146776.096083,-2171597850.904368
426,2453793.608763981,-5560111226.116374,3657674821.595954,-2171611724.331301
427,2453793.8587592356,-5559905537.141985,3658212310.0579987,-2171629241.2369018
428,2453794.10875406,-5559711660.0600605,3658752615.694924,-2171647526.924615
429,2453794.3587489366,-5559522340.721235,3659285517.871983,-2171662160.080117
430,2453794.608744035,-5559326490.791658,3659817704.7030034,-2171676053.619955
431,2453794.8587388718,-5559131468.833884,3660359313.6148987,-2171693604.003833
432,2453795.1087332824,-5558948308.651617,3660903543.533821,-2171711860.7048955
433,2453795.3587277504,-5558769565.255982,3661440289.692354,-2171726452.8499236
434,2453795.6087224386,-5558584277.065589,3661976414.18758,-2171740368.773534
435,2453795.85871686,-5558399991.250827,3662521936.845394,-2171757953.86154
436,2453796.1087108585,-5558227612.096286,3663069883.4519944,-2171776182.6191435
437,2453796.3587049213,-5558059505.979692,3663610268.230521,-2171790735.896402
438,2453796.608699201,-5557884841.334203,3664150125.362044,-2171804676.5484233
439,2453796.85869321,-5557711351.738171,3664699354.2326274,-2171822297.58827
440,2453797.108686799,-5557549808.777235,3665250809.669824,-2171840499.43824
441,2453797.3586804587,-5557392392.512899,3665794627.9508004,-2171855015.940795
442,2453797.6086743334,-5557228404.666624,3666338013.358819,-2171868983.555063
443,2453797.858667932,-5557065763.0134325,3666890741.9995785,-2171886641.6408653
444,2453798.1086611147,-5556915103.335741,3667445499.9324145,-2171904817.4474015
445,2453798.358654374,-5556768421.780162,3667992548.4713793,-2171919299.0668344
446,2453798.6086478457,-5556615156.612491,3668539259.9232707,-2171933295.6288176
447,2453798.8586410373,-5556463407.552967,3669095284.262524,-2171950991.57972
448,2453799.1086338162,-5556323671.524106,3669653140.975051,-2171969141.9306083
449,2453799.358626678,-5556187763.214558,3670203219.313821,-2171983590.268222
450,2453799.6086197505,-5556045260.645754,3670753057.4391236,-2171997617.442123
451,2453799.8586125374,-5555904443.168707,3671312176.3420997,-2172015351.7453
452,2453800.1086049164,-5555775665.817303,3671872931.144967,-2172033476.909869
453,2453800.358597384,-5555650564.316636,3672425841.8735037,-2172047893.248008
454,2453800.6085900594,-5555518859.595283,3672978610.295718,-2172061952.3601894
455,2453800.858582445,-5555389008.247309,3673540625.582817,-2172079725.1654677
456,2453801.1085744267,-5555271220.410195,3674104080.7332664,-2172097825.0989947
457,2453801.358566503,-5555156955.371671,3674659629.3262405,-2172112210.4134536
458,2453801.608558785,-5555036080.055563,3675215134.4317226,-2172126302.4715247
459,2453801.8585507725,-5554917225.838274,3675779850.594828,-2172144113.6161613
460,2453802.10854236,-5554810454.976509,3676345810.972614,-2172162187.9891
461,2453802.358534049,-5554707052.880726,3676903805.435638,-2172176542.981439
462,2453802.60852594,-5554597035.497887,3677461856.0011897,-2172190668.7087927
463,2453802.8585175327,-5554489206.458719,3678029079.822339,-2172208517.7536235
464,2453803.1085087294,-5554393477.18459,3678597352.5462365,-2172226565.9884706
465,2453803.3585000336,-5554300961.807934,3679157603.035451,-2172240891.122813
466,2453803.6084915376,-5554201828.271677,3679718009.8566217,-2172255050.9950175
467,2453803.858482738,-5554105049.872377,3680287550.049758,-2172272937.260259
468,2453804.1084735477,-5554020384.278272,3680857944.134735,-2172290958.56626
469,2453804.3584644706,-5553938776.98701,3681420262.6303773,-2172305254.1024632
470,2453804.6084555904,-5553850550.859819,3681982838.2132673,-2172319448.379072
471,2453804.8584464025,-5553764846.216025,3682554505.1354446,-2172337370.9748583
472,2453805.108436828,-5553691264.095074,3683126831.222304,-2172355364.3769727
473,2453805.3584273728,-5553620584.050548,3683691031.275213,-2172369630.3978825
474,2453805.6084181117,-5553543286.736649,3684255589.5994434,-2172383859.148323
475,2453805.8584085386,-5553468676.801887,3684829195.0296645,-2172401816.9995823
476,2453806.1083985837,-5553406195.82712,3685403265.177298,-2172419781.362135
477,2453806.358388754,-5553346460.161561,3685969161.7119184,-2172434017.7959456
478,2453806.6083791154,-5553280111.080588,3686535518.0430746,-2172448280.921121
479,2453806.8583691604,-5553216614.820119,3687110875.0028753,-2172466272.7887955
480,2453807.1083588284,-5553165250.720442,3687686502.5142217,-2172484206.836173
481,2453807.358348627,-5553116474.715148,3688253911.657011,-2172498413.476537
482,2453807.6083386145,-5553061091.48212,3688821882.3761725,-2172512710.7288914
483,2453807.8583282814,-5553008726.055662,3689398804.9591413,-2172530735.2304177
484,2453808.108317576,-5552968492.802099,3689975804.2080946,-2172548637.5677066
485,2453808.358307007,-5552930690.07595,3690544543.1093326,-2172562814.094431
486,2453808.608296623,-5552886288.690647,3691113945.5290165,-2172577145.099292
487,2453808.858285915,-5552845069.642799,3691692248.7102566,-2172595200.730986
488,2453809.1082748394,-5552815979.639773,3692270434.942663,-2172613069.867071
489,2453809.358263906,-5552789162.339432,3692840321.567279,-2172627215.86974
490,2453809.608253155,-5552755757.373652,3693410973.712044,-2172641580.1499987
491,2453809.8582420754,-5552725698.817834,3693990473.1186376,-2172659665.3131523
492,2453810.1082306337,-5552707763.083361,3694569662.2114935,-2172677499.6878114
493,2453810.3582193395,-5552691942.057646,3695140515.086057,-2172691614.693604
494,2453810.608208224,-5552669546.82177,3695712235.428009,-2172706011.698738
495,2453810.858196777,-5552650661.598735,3696292747.0638127,-2172724124.7301526
496,2453811.1081849723,-5552643889.914539,3696872755.238845,-2172741922.745648
497,2453811.358173321,-5552639074.854317,3697444393.1536636,-2172756006.2516036
498,2453811.608161845,-5552627701.525406,3698017000.304204,-2172770435.391022
499,2453811.8581500333,-5552620001.3195915,3698598340.2324643,-2172788574.5977693
500,2453812.1081378693,-5552624402.3358755,3699178983.7294617,-2172806334.6545143
501,2453812.3581258645,-5552630601.865918,3699751225.4025235,-2172820386.1636786
502,2453812.6081140316,-5552630261.565503,3700324537.768176,-2172834846.84372
503,2453812.858101859,-5552633756.969323,3700906521.760369,-2172853010.5413723
504,2453813.10808934,-5552649338.256167,3701487616.4787416,-2172870731.076945
505,2453813.3580769855,-5552666559.972713,3702060280.189575,-2172884750.1376762
506,2453813.608064799,-5552677262.789607,3702634115.5991373,-2172899241.801638
507,2453813.8580522696,-5552691963.312432,3703216558.756144,-2172917428.355459
508,2453814.1080393987,-5552718731.355608,3703797919.869089,-2172935107.886501
509,2453814.3580266973,-5552746981.80788,3704370823.0650787,-2172949094.1347117
510,2453814.6080141612,-5552768736.764465,3704944998.368483,-2172963616.3058863
511,2453814.8580012787,-5552794650.784181,3705527714.711937,-2172981824.1750984
512,2453815.1079880595,-5552832610.922056,3706109156.2487392,-2172999461.3425574
513,2453815.357975016,-5552871895.532734,3706682115.116923,-2173013414.547585
514,2453815.607962134,-5552904710.487152,3707256445.746405,-2173027966.8761463
515,2453815.8579489016,-5552941845.133366,3707839247.7688937,-2173046194.6623955
516,2453816.1079353387,-5552991001.419983,3708420582.1523824,-2173063788.281367
517,2453816.357921956,-5553041324.324975,3708993411.142642,-2173077708.3968425
518,2453816.6079087313,-5553085205.7839775,3709567710.621829,-2173092290.7121253
519,2453816.8578951536,-5553133566.721645,3710150408.7820807,-2173110537.2136173
520,2453817.107881251,-5553193921.6781025,3710731446.308915,-2173128086.3291235
521,2453817.357867534,-5553255285.440516,3711303957.5991254,-2173141973.5500407
522,2453817.6078539705,-5553310238.230706,3711878036.9949303,-2173156585.9190226
523,2453817.857840051,-5553369829.284503,3712460439.1586905,-2173174850.190647
524,2453818.107825812,-5553441383.471762,3713040987.4307594,-2173192354.1390333
525,2453818.3578117643,-5553513788.59661,3713612990.351546,-2173206208.9638286
526,2453818.607797866,-5553579815.314655,3714186657.697753,-2173220851.753678
527,2453818.8577836095,-5553650637.8500185,3714768568.56657,-2173239133.1697736
528,2453819.107769039,-5553733389.176112,3715348431.9310603,-2173256591.640965
529,2453819.3577546645,-5553816833.337947,3715919732.424806,-2173270414.9323173
530,2453819.6077404367,-5553893933.493874,3716492792.2107487,-2173285088.868961
531,2453819.857725846,-5553975985.473901,3717074012.8521805,-2173303387.178812
532,2453820.1077109487,-5554069928.163618,3717652991.9846797,-2173320800.26745
533,2453820.357696252,-5554164405.0881,3718223392.254412,-2173334593.29772
534,2453820.607681698,-5554252573.900294,3718795645.155223,-2173349299.5044403
535,2453820.8576667793,-5554345848.599896,3719375972.8302402,-2173367614.8625665
536,2453821.1076515587,-5554450971.835817,3719953864.673628,-2173384983.088283
537,2453821.3576365444,-5554556469.876677,3720523163.247999,-2173398747.548382
538,2453821.6076216693,-5554655696.797399,3721094406.331144,-2173413487.5421457
539,2453821.8576064263,-5554760181.294505,3721673634.855896,-2173431820.4906716
540,2453822.1075908886,-5554876467.693462,3722250233.1474867,-2173449144.7649302
541,2453822.357575562,-5554992968.314883,3722818225.5811496,-2173462882.7148395
542,2453822.60756037,-5555103235.542072,3723388253.186109,-2173477658.3403664
543,2453822.857544808,-5555218909.285559,3723966173.9928827,-2173496009.7262344
544,2453823.107528958,-5555346333.549955,3724541270.502946,-2173513291.2521906
545,2453823.3575133234,-5555473810.087265,3725107750.7844367,-2173527005.003964
546,2453823.6074978206,-5555595091.460156,3725676356.0884404,-2173541818.3015347
547,2453823.8574819453,-5555721925.325922,3726252759.932851,-2173560189.1306615
548,2453824.1074657883,-5555860453.482665,3726826146.2910333,-2173577429.2446527
549,2453824.357449852,-5555998870.581295,3727390908.762687,-2173591121.1932616
550,2453824.607434043,-5556131131.232858,3727957885.7664075,-2173605974.2223735
551,2453824.85741786,-5556269087.399713,3728532564.7483993,-2173624365.4791594
552,2453825.1074014013,-5556418676.903481,3729104034.467189,-2173641565.46816
553,2453825.3573851683,-5556567990.846456,3729666875.8184085,-2173655237.909515
554,2453825.6073690597,-5556711187.7469845,3730232021.2783556,-2173670132.5711823
555,2453825.8573525744,-5556860220.444437,3730804770.6846747,-2173688545.0484433
556,2453826.10733582,-5557020821.112685,3731374120.884696,-2173705705.9895115
557,2453826.357319297,-5557180980.920441,3731934841.73694,-2173719360.9710593
558,2453826.6073028934,-5557335064.117017,3732497956.592576,-2173734298.8720284
559,2453826.857286112,-5557495120.978753,3733068576.152737,-2173752733.050857
560,2453827.1072690682,-5557666676.432042,3733635608.6379333,-2173769855.707196
561,2453827.35725226,-5557837625.360781,3734194014.4348307,-2173783494.9401917
562,2453827.607235568,-5558002539.506037,3734754904.515228,-2173798477.321839
563,2453827.8572184965,-5558173563.104515,3735323198.929989,-2173816933.3173676
564,2453828.107201169,-5558356012.284329,3735887720.5454626,-2173834018.1001105
565,2453828.3571840823,-5558537689.305426,3736443621.751042,-2173847642.936049
566,2453828.6071671075,-5558713375.080365,3737002097.8283734,-2173862670.664487
567,2453828.8571497514,-5558895304.279819,3737567876.6944904,-2173881148.2286906
568,2453829.107132146,-5559088582.721103,3738129699.137887,-2173898195.210803
569,2453829.3571147867,-5559280923.704187,3738682910.9509625,-2173911806.6646423
570,2453829.607097535,-5559467318.906209,3739238788.3757615,-2173926880.261899
571,2453829.8570799003,-5559660089.854264,3739801865.758765,-2173945378.821448
572,2453830.107062024,-5559864130.581206,3740360805.104707,-2173962387.7806525
573,2453830.357044397,-5560067069.0949335,3740911146.948586,-2173975986.5774107
574,2453830.6070268746,-5560264109.346837,3741464245.118496,-2173991106.270692
575,2453830.857008967,-5560467656.097814,3742024439.0121255,-2174009624.977832
576,2453831.1069908254,-5560682390.167752,3742580315.1709447,-2174026595.4479938
577,2453831.3569729375,-5560895857.949981,3743127610.1591816,-2174040182.073776
578,2453831.6069551497,-5561103477.103034,3743677751.999471,-2174055347.8457236
579,2453831.856936976,-5561317731.962293,3744234883.826736,-2174073885.6273103
580,2453832.106918574,-5561543088.759129,3744787520.0690665,-2174090816.945456
581,2453832.3569004308,-5561767015.965413,3745331594.555962,-2174104391.692123
582,2453832.6068823836,-5561985146.309443,3745878606.0988727,-2174119603.32331
583,2453832.856863949,-5562210040.012786,3746432500.3215756,-2174138158.9209857
584,2453833.1068452937,-5562445947.402185,3746981722.9170623,-2174155050.2647166
585,2453833.356826901,-5562680262.741318,3747522406.1646876,-2174168613.264543
586,2453833.6068086005,-5562908835.125469,3748066116.2446146,-2174183870.3658485
587,2453833.8567899107,-5563144296.950805,3748616600.085427,-2174202442.366276
588,2453834.1067710076,-5563390681.387304,3749162238.048774,-2174219292.7816086
589,2453834.3567523714,-5563635312.226467,3749699361.9941883,-2174232844.032862
590,2453834.606733823,-5563874256.165049,3750239602.0345025,-2174248146.0694485
591,2453834.8567148843,-5564120214.042727,3750786505.2811,-2174266732.926991
592,2453835.1066957396,-5564377000.687111,3751328390.189579,-2174283541.349503
593,2453835.3566768654,-5564631873.176871,3751861789.2724204,-2174297080.7362585
594,2453835.606658075,-5564881116.98294,3752398393.121178,-2174312427.0468345
595,2453835.856638893,-5565137497.639966,3752941547.9673376,-2174331027.102564
596,2453836.106619512,-5565404610.514832,3753479513.803284,-2174347792.3759007
597,2453836.356600406,-5565669649.754999,3754009024.806518,-2174361319.6862993
598,2453836.606581379,-5565929120.716103,3754541828.5736256,-2174376709.5018954
599,2453836.85656196,-5566195849.862218,3755081069.4503465,-2174395321.0031877
600,2453837.10654235,-5566473212.047789,3755614952.422749,-2174412041.8991942
601,2453837.3565230174,-5566748342.290725,3756140414.2819877,-2174425556.8462563
602,2453837.60650376,-5567017966.877805,3756669256.1350026,-2174440989.3124733
603,2453837.8564841095,-5567294969.419386,3757204419.4912124,-2174459610.436995
604,2453838.106464274,-5567582503.270883,3757734057.7985635,-2174476285.681065
605,2453838.3564447216,-5567867648.1390295,3758255311.3452115,-2174489787.9294105
606,2453838.6064252392,-5568147352.22145,3758780031.232568,-2174505262.135218
607,2453838.856405363,-5568434552.472758,3759310955.237766,-2174523891.0220246
608,2453839.1063853097,-5568732179.825558,3759836188.7485046,-2174540519.3259764
609,2453839.3563655424,-5569027262.506789,3760353076.3674607,-2174554008.5264254
610,2453839.6063458407,-5569316971.534997,3760873515.654357,-2174569523.541072
611,2453839.8563257447,-5569614293.386588,3761400039.8131466,-2174588158.3299546
612,2453840.1063054786,-5569921935.70801,3761920709.65848,-2174604738.4331965
613,2453840.356285502,-5570226879.087139,3762433074.859909,-2174618214.2655263
614,2453840.6062655873,-5570526518.201271,3762949075.8811255,-2174633769.1833944
615,2453840.856245277,-5570833885.204518,3763471040.5686865,-2174652408.0618773
616,2453841.1062248047,-5571151463.652457,3763986988.6613326,-2174668938.7798643
617,2453841.3562046248,-5571466190.340938,3764494675.5842752,-2174682401.002339
618,2453841.6061845017,-5571775684.369535,3765006081.1356254,-2174697994.9939356
619,2453841.8561639832,-5572093019.704059,3765523327.079312,-2174716636.2497993
620,2453842.1061433097,-5572420455.062129,3766034395.5864224,-2174733116.5273175
621,2453842.3561229324,-5572744887.298724,3766537248.465071,-2174746565.030327
622,2453842.606102607,-5573064160.623837,3767043901.266302,-2174762197.3965383
623,2453842.856081886,-5573391386.927499,3767556269.0076036,-2174780839.4727507
624,2453843.106061018,-5573728599.399693,3768062299.8129725,-2174797268.4388847
625,2453843.3560404484,-5574062658.808355,3768560162.4411163,-2174810703.299449
626,2453843.6060199267,-5574391635.086146,3769061904.6057277,-2174826373.525859
627,2453843.855999009,-5574728674.139313,3769569233.977608,-2174845015.074735
628,2453844.1059779515,-5575075582.998047,3770070068.167414,-2174861392.0963044
629,2453844.355957196,-5575419190.198419,3770562783.394365,-2174874813.630415
630,2453844.605936484,-5575757791.931755,3771059455.938654,-2174890521.438694
631,2453844.8559153755,-5576104564.19294,3771561585.5897255,-2174909161.372401
632,2453845.1058941344,-5576461087.277544,3772057062.9925985,-2174925486.103083
633,2453845.3558731987,-5576814161.344748,3772544472.28101,-2174938894.913067
634,2453845.6058523017,-5577162309.303544,3773035914.703006,-2174954640.306684
635,2453845.8558310084,-5577518733.290827,3773532681.700077,-2174973277.8412066
636,2453846.1058095903,-5577884786.349585,3774022640.514775,-2174989550.263289
637,2453846.35578848,-5578247244.114963,3774504583.5963407,-2175002947.276964
638,2453846.605767404,-5578604856.594847,3774990633.5640798,-2175018730.5776334
639,2453846.855745932,-5578970848.103027,3775481873.11707,-2175037365.2662387
640,2453847.1057243426,-5579346343.968658,3775966149.677299,-2175053585.720498
641,2453847.3557030642,-5579718099.152523,3776442464.362232,-2175066972.217014
642,2453847.6056818157,-5580085091.065105,3776922957.5745683,-2175082794.0861845
643,2453847.855660171,-5580460562.215856,3777408502.9548635,-2175101425.8359637
644,2453848.1056384165,-5580845409.817519,3777886931.7104387,-2175117595.032429
645,2453848.355616976,-5581226372.004564,3778357453.938207,-2175130972.646721
646,2453848.6055955607,-5581602653.820139,3778832224.253529,-2175146834.083317
647,2453848.85557375,-5581987511.978246,3779311907.0080943,-2175165463.1453176
648,2453849.1055518375,-5582381615.237844,3779784320.830574,-2175181582.144804
649,2453849.3555302415,-5582771688.760273,3780248885.0738697,-2175194952.8400593
650,2453849.605508666,-5583157165.387168,3780717765.019862,-2175210855.1436386
651,2453849.8554866957,-5583551312.048193,3781191415.5924115,-2175229482.0658884
652,2453850.105464631,-5583954568.788747,3781657646.5108833,-2175245552.221936
653,2453850.3554428862,-5584353651.667879,3782116086.6286836,-2175258918.220453
654,2453850.605421157,-5584748221.442163,3782578908.374623,-2175274862.9113355
655,2453850.8553990345,-5585151551.287203,3783046357.1960077,-2175293488.448005
656,2453851.105376825,-5585563852.36878,3783506237.600919,-2175309511.3046827
657,2453851.3553549377,-5585971835.547375,3783958388.149449,-2175322874.974987
658,2453851.605333062,-5586375389.577529,3784414984.9162364,-2175338863.6721907
659,2453851.855310793,-5586787789.946315,3784876063.9019065,-2175357488.6531596
660,2453852.105288446,-5587209018.881278,3785329428.114761,-2175373465.8066816
661,2453852.3552664234,-5587625785.991381,3785775125.972503,-2175386829.5187426
662,2453852.605244408,-5588038208.087844,3786225333.694929,-2175402863.791349
663,2453852.8552220007,-5588459559.077466,3786679877.923855,-2175421488.9715886
664,2453853.105199523,-5588889592.30135,3787126563.8700566,-2175437421.9188075
665,2453853.3551773718,-5589315020.105679,3787565649.88218,-2175450787.893619
666,2453853.605155224,-5589736187.3886795,3788009308.8035054,-2175466869.114326
667,2453853.855132685,-5590166362.621337,3788457158.041291,-2175485495.0336227
668,2453854.1051100837,-5590605070.40949,3788897008.6807218,-2175501385.0390763
669,2453854.3550878116,-5591039029.851715,3789329328.9790726,-2175514755.2244997
670,2453854.605065538,-5591468813.918415,3789766284.8458123,-2175530884.4564695
671,2453854.8550428753,-5591907681.807634,3790207284.6014833,-2175549511.338837
672,2453855.105020158,-5592354929.620125,3790640148.8369737,-2175565359.347129
673,2453855.354997772,-5592797287.22613,3791065555.594436,-2175578735.3436193
674,2453855.60497538,-5593235555.586643,3791495660.2551045,-2175594913.2803283
675,2453855.8549526003,-5593682980.788122,3791929662.2251267,-2175613540.9883113
676,2453856.104929774,-5594138630.715415,3792355395.1947303,-2175629347.592315
677,2453856.354907281,-5594589250.013955,3792773746.772569,-2175642730.634201
678,2453856.604884778,-5595035867.470235,3793196858.1906066,-2175658957.5933084
679,2453856.8548618886,-5595491712.205616,3793623720.1486707,-2175677585.633759
680,2453857.1048389603,-5595955624.225165,3794042183.0037575,-2175693351.090916
681,2453857.354816368,-5596414366.926463,3794453343.631865,-2175706742.0718975
682,2453857.604793761,-5596869196.665723,3794869325.483602,-2175723018.0289235
683,2453857.8547707684,-5597333321.727403,3795288910.8105993,-2175741645.593568
684,2453858.1047477457,-5597805354.617321,3795699970.190828,-2175757369.871884
685,2453858.3547250605,-5598272081.433984,3796103809.4013386,-2175770769.395252
686,2453858.6047023563,-5598734985.758518,3796512530.4821587,-2175787094.037056
687,2453858.8546792683,-5599207251.152539,3796924707.55645,-2175805720.058048
688,2453859.104656158,-5599687263.051647,3797328234.9733887,-2175821402.8924866
689,2453859.3546333867,-5600161834.180073,3797724626.9870706,-2175834811.3276567
690,2453859.604610592,-5600632674.916305,3798125960.6095514,-2175851184.1086154
691,2453859.8545874157,-5601112940.206777,3798530602.2232914,-2175869807.313538
692,2453860.1045642244,-5601600788.901187,3798926473.4992294,-2175885448.259029
693,2453860.3545413744,-5602083064.256288,3799315296.690891,-2175898865.792298
694,2453860.604518496,-5602561702.944752,3799709120.1809506,-2175915285.9828315
695,2453860.854495238,-5603049827.407166,3800106103.0689154,-2175933904.94063
696,2453861.104471973,-5603545370.453453,3800494197.898255,-2175949503.4148564
697,2453861.3544490505,-5604035209.76672,3800875334.3911147,-2175962930.089161
698,2453861.6044260953,-5604521507.741165,3801261528.7159505,-2175979396.8129354
699,2453861.8544027624,-5605017350.429143,3801650733.215825,-2175998009.968386
700,2453862.10437943,-5605520445.213504,3802030934.8550863,-2176013565.283217
701,2453862.354356442,-5606017708.088013,3802404270.238504,-2176027001.026892
702,2453862.6043334166,-5606511526.530381,3802782719.7506795,-2176043513.287511
703,2453862.854310015,-5607014946.335317,3803164029.570674,-2176062118.985956
704,2453863.1042866227,-5607525450.140772,3803536224.62559,-2176077630.3699794
705,2453863.3542635757,-5608029996.127341,3803901647.7586236,-2176091075.0175195
706,2453863.6042404864,-5608531196.155257,3804272240.0137963,-2176107631.7183266
707,2453863.8542170236,-5609042051.907942,3804645542.060907,-2176126228.224611
708,2453864.1041935775,-5609559822.031081,3805009620.3207283,-2176141694.8410273
709,2453864.3541704775,-5610071510.759828,3805367023.169075,-2176155148.15043
710,2453864.6041473313,-5610579953.573571,3805729648.7630067,-2176171748.112135
711,2453864.8541238136,-5611098104.207645,3806094832.976411,-2176190333.628664
712,2453865.1041003205,-5611622998.137924,3806450687.2391186,-2176205754.593568
713,2453865.3540771743,-5612141689.511387,3806799964.688929,-2176219216.2653294
714,2453865.6040539774,-5612657236.599802,3807154517.0575852,-2176235858.246543
715,2453865.854030411,-5613182541.369968,3807511476.191606,-2176254430.935517
716,2453866.104006877,-5613714417.017859,3807859002.02577,-2176269805.3415346
717,2453866.3539836914,-5614239971.445554,3808200051.621787,-2176283275.0441046
718,2453866.6039604503,-5614762484.824432,3808546426.754197,-2176299957.769456
719,2453866.853936842,-5615294803.546632,3808895056.063449,-2176318515.783676
720,2453867.1039132737,-5615833519.48186,3809234151.4627547,-2176333842.733095
721,2453867.3538900544,-5616365798.111595,3809566873.0309424,-2176347320.1386123
722,2453867.6038667755,-5616895140.544315,3809904969.059827,-2176364042.337772
723,2453867.8538431316,-5617434333.802468,3810245165.856937,-2176382583.862941
724,2453868.103819535,-5617979749.442072,3810575730.7639403,-2176397862.512686
725,2453868.353796289,-5618518614.323628,3810900025.9020348,-2176411347.344718
726,2453868.6037729774,-5619054649.456093,3811229742.563089,-2176428107.8034434
727,2453868.8537493045,-5619600578.704789,3811561405.648033,-2176446631.1122875
728,2453869.1037256867,-5620152554.378694,3811883341.354846,-2176461860.7303653
729,2453869.353702419,-5620697868.486824,3812199112.807452,-2176475352.822474
730,2453869.603679082,-5621240460.824036,3812520350.793243,-2176492150.443569
731,2453869.853655386,-5621792988.316024,3812843379.789753,-2176510653.958866
732,2453870.1036317525,-5622351385.141899,3813156588.2604237,-2176525833.988493
733,2453870.35360847,-5622903012.194557,3813463739.232658,-2176539333.348992
734,2453870.6035851133,-5623452026.860199,3813776399.503897,-2176556167.2177577
735,2453870.8535614004,-5624011015.34683,3814090694.1737027,-2176574649.578017
736,2453871.103537758,-5624575694.8700905,3814395077.3663893,-2176589779.7025127
737,2453871.3535144664,-5625133498.906597,3814693510.860377,-2176603286.577947
738,2453871.6034910963,-5625688801.16012,3814997494.0038857,-2176620156.0241275
739,2453871.8534673727,-5626254113.349556,3815302953.631877,-2176638616.143518
740,2453872.1034437274,-5626824936.944209,3815598412.916044,-2176653696.3432875
741,2453872.3534204327,-5627388781.670111,3815888031.1862693,-2176667211.2719026
742,2453872.603397056,-5627950236.199007,3816183236.914925,-2176684115.9194555
743,2453872.8533733278,-5628521734.000669,3816479759.858244,-2176702553.0334473
744,2453873.103349685,-5629098562.06967,3816766195.61636,-2176717583.626808
745,2453873.353326394,-5629668310.01632,3817046899.8284,-2176731107.474148
746,2453873.603303016,-5630235780.06009,3817333226.7015805,-2176748047.271511
747,2453873.8532792903,-5630813323.679183,3817620710.174425,-2176766460.9615054
748,2453874.1032556575,-5631396014.724254,3817898021.652461,-2176781442.62321
749,2453874.353232376,-5631971526.29806,3818169711.8016014,-2176794976.594427
750,2453874.603209003,-5632544872.682576,3818447057.2146497,-2176811951.8206353
751,2453874.8531852853,-5633128319.645861,3818725397.3493185,-2176830342.0135913
752,2453875.1031616684,-5633716729.289491,3818993482.789052,-2176845275.767746
753,2453875.353138403,-5634297861.794144,3819256057.904699,-2176858821.393949
754,2453875.6031150417,-5634876941.959555,3819524318.3667526,-2176875832.6385274
755,2453875.853091339,-5635466146.15507,3819793410.5645204,-2176894199.5801444
756,2453876.1030677445,-5636060126.196454,3820052167.6261206,-2176909086.7664614
757,2453876.3530445015,-5636646732.908985,3820305526.2661433,-2176922645.8644238
758,2453876.6030211584,-5637231400.011481,3820564597.966723,-2176939693.980835
759,2453876.852997477,-5637826210.822089,3820824337.535515,-2176958038.1823564
760,2453877.1029739124,-5638425608.40723,3821073664.004418,-2176972880.39612
761,2453877.352950698,-5639017537.789098,3821317705.030332,-2176986455.001938
762,2453877.60292738,-5639607639.959063,3821567484.682258,-2177003541.0354195
763,2453877.852903727,-5640207901.574603,3821817767.7450423,-2177021863.195352
764,2453878.102880198,-5640812558.568014,3822057562.502379,-2177036662.202775
765,2453878.3528570198,-5641409653.701513,3822292186.1091332,-2177050254.4816065
766,2453878.602833733,-5642005033.551546,3822532572.0348353,-2177067379.5741434
767,2453878.852810115,-5642610584.555857,3822773296.6675115,-2177085680.4783897
768,2453879.102786629,-5643220337.212324,3823003460.8733134,-2177100438.111761
769,2453879.3527634935,-5643822435.56215,3823228569.8118334,-2177114050.2490053
770,2453879.602740245,-5644422930.044553,3823459463.1986737,-2177131215.527848
771,2453879.85271667,-5645033603.374959,3823690530.7094965,-2177149495.9358964
772,2453880.1026932336,-5645648282.404839,3823910969.0961533,-2177164213.9775853
773,2453880.352670147,-5646255215.991432,3824126469.971029,-2177177848.0618963
774,2453880.6026469446,-5646860656.6822605,3824347776.1631346,-2177195054.5233274
775,2453880.852623419,-5647476280.026135,3824569092.3667607,-2177213315.0535793
776,2453881.1026000394,-5648095711.103253,3824779714.482516,-2177227995.1232076
777,2453881.3525770097,-5648707307.118693,3824985518.953339,-2177241653.0368094
778,2453881.6025538594,-5649317520.938105,3825197148.5996304,-2177258901.441426
779,2453881.85253039,-5649937917.553135,3825408624.89967,-2177277142.47239
780,2453882.1025070744,-5650561922.227051,3825609346.1139197,-2177291785.9342732
781,2453882.352484108,-5651178004.029396,3825805371.8139086,-2177305469.267632
782,2453882.602461017,-5651792814.308413,3826007241.6920943,-2177322760.0636764
783,2453882.8524376117,-5652417804.151195,3826208795.8025446,-2177340981.666646
784,2453883.102414367,-5653046201.024695,3826399537.9181457,-2177355589.571883
785,2453883.3523914707,-5653666589.350265,3826585708.953988,-2177369299.5755396
786,2453883.6023684465,-5654285817.064736,3826777742.3568087,-2177386632.861116
787,2453883.8523451113,-5654915218.033985,3826969298.5740886,-2177404834.77294
788,2453884.1023219447,-5655547824.001813,3827149989.985915,-2177419407.8422394
789,2453884.352299126,-5656172338.185603,3827326236.9869084,-2177433145.419336
790,2453884.6022761744,-5656795803.146969,3827508363.6681337,-2177450520.944531
791,2453884.852252917,-5657429432.234872,3827689852.7199736,-2177468702.5787735
792,2453885.102229835,-5658066063.585593,3827860428.1735663,-2177483241.2217326
793,2453885.3522070996,-5658694522.604543,3828026687.969473,-2177497006.9546847
794,2453885.602184228,-5659322044.438452,3828198843.751615,-2177514424.154995
795,2453885.8521610545,-5659959718.64068,3828370202.3441153,-2177532584.641116
796,2453886.1021380643,-5660600191.893982,3828530602.4312887,-2177547089.000066
797,2453886.352115419,-5661232415.128547,3828686817.507422,-2177560883.1983476
798,2453886.6020926344,-5661863813.960892,3828848943.707306,-2177578341.245648
799,2453886.8520695516,-5662505350.888792,3829010113.9298916,-2177596479.4820657
800,2453887.102046659,-5663149483.335125,3829160284.4810715,-2177610949.4862394
801,2453887.352024111,-5663785291.038385,3829306402.366883,-2177624772.2411904
802,2453887.602001419,-5664420387.898374,3829458445.188848,-2177642270.098714
803,2453887.8519784333,-5665065606.121526,3829609373.917997,-2177660384.8070073
804,2453888.1019556453,-5665713216.108464,3829749265.4211783,-2177674820.2252517
805,2453888.3519332,-5666352429.6408415,3829885238.1296773,-2177688671.4611855
806,2453888.601910607,-5666991046.650397,3830027148.1301465,-2177706207.932913
807,2453888.8518877253,-5667639765.847445,3830167786.521456,-2177724297.704876
808,2453889.101865048,-5668290672.897115,3830297353.642869,-2177738698.189856
809,2453889.351842712,-5668933114.815127,3830423137.221753,-2177752577.70568
810,2453889.6018202244,-5669575075.255253,3830554868.892274,-2177770151.475621
811,2453889.8517974527,-5670227116.264069,3830685171.994658,-2177788214.8097887
812,2453890.101774892,-5670881141.111433,3830804373.22259,-2177802579.9314876
813,2453890.351752671,-5671526635.197861,3830919927.427083,-2177816487.431674
814,2453890.601730295,-5672171763.535739,3831041438.8953032,-2177834097.0927806
815,2453890.8517076396,-5672826948.382315,3831161365.3774323,-2177852132.4210715
816,2453891.1016852017,-5673483913.008669,3831270162.7708383,-2177866461.6910024
817,2453891.351663102,-5674132284.312934,3831375450.832319,-2177880396.807991
818,2453891.6016408433,-5674780406.252578,3831486703.648455,-2177898040.883394
819,2453891.8516183095,-5675438558.215227,3831596215.599244,-2177916046.5910773
820,2453892.1015960006,-5676098285.927167,3831694574.598016,-2177930339.480891
821,2453892.351574028,-5676749360.859631,3831789563.041073,-2177944301.793018
822,2453892.6015518927,-5677400303.453308,3831890521.9988956,-2177961978.7540264
823,2453892.851529487,-5678061247.192751,3831989584.747985,-2177979953.197751
824,2453893.1015073126,-5678723562.77044,3832077473.988233,-2177994209.157199
825,2453893.3514854726,-5679377169.2676525,3832162132.4374623,-2178008198.2073407
826,2453893.6014634664,-5680030761.098197,3832252765.369482,-2178025906.4935527
827,2453893.8514411943,-5680694322.856697,3832341347.2662406,-2178043848.022861
828,2453894.10141916,-5681359052.767344,3832418738.3384504,-2178058066.5026345
829,2453894.351397459,-5682015020.516898,3832493039.2527037,-2178072081.823096
830,2453894.601375587,-5682671091.932004,3832573316.7376094,-2178089819.8700986
831,2453894.8513534544,-5683337099.774733,3832651388.8277,-2178107726.857884
832,2453895.1013315665,-5684004072.416605,3832718255.918582,-2178121907.3426285
833,2453895.3513100087,-5684662233.098664,3832782174.1958895,-2178135948.491348
834,2453895.6012882767,-5685320616.445902,3832852069.12491,-2178153714.770787
835,2453895.8512662896,-5685988900.4850445,3832919604.6755433,-2178171585.6570535
836,2453896.1012445525,-5686657946.394216,3832975924.050099,-2178185727.712476
837,2453896.351223144,-5687318133.863855,3833029436.4666085,-2178199794.323828
838,2453896.601201558,-5687978663.642855,3833088923.4401593,-2178217587.3984394
839,2453896.8511797213,-5688649056.153801,3833145897.2947197,-2178235420.7491817
840,2453897.101158141,-5689320008.076621,3833191646.610007,-2178249524.0840673
841,2453897.351136887,-5689982058.384782,3833234731.0964518,-2178263615.9340544
842,2453897.601115451,-5690644571.210592,3833283785.6679983,-2178281434.526183
843,2453897.8510937705,-5691316906.53196,3833330173.4615326,-2178299229.1045623
844,2453898.1010723524,-5691989599.254847,3833365330.9591103,-2178313293.6435924
845,2453898.351051258,-5692653350.401455,3833397965.778102,-2178327410.7238297
846,2453898.6010299786,-5693317684.676977,3833436563.6251287,-2178345253.7903438
847,2453898.851008459,-5693991798.799466,3833472340.9572935,-2178363008.631595
848,2453899.1009872085,-5694666068.650799,3833496884.647172,-2178377034.5889153
849,2453899.3509662785,-5695331359.99745,3833519047.5993857,-2178391177.1780524
850,2453899.6009451603,-5695997355.237832,3833547163.7635303,-2178409043.9790077
851,2453899.8509238074,-5696673085.042821,3833572305.482903,-2178426758.4552994
852,2453900.100902729,-5697348769.048146,3833586212.4822803,-2178440746.3942733
853,2453900.350881969,-5698015440.393915,3833597880.3112736,-2178454915.111712
854,2453900.600861018,-5698682936.230142,3833615488.680252,-2178472805.2573905
855,2453900.8508398365,-5699360118.429847,3833629968.4518924,-2178490479.11723
856,2453901.1008189362,-5700037053.196956,3833633214.6459184,-2178504429.9813104
857,2453901.350798351,-5700704943.618008,3833634362.8000975,-2178518625.8090324
858,2453901.600777572,-5701373778.60342,3833641435.9773355,-2178536539.272271
859,2453901.850756568,-5702052248.527114,3833645226.2632117,-2178554172.6428237
860,2453902.1007358506,-5702730269.023647,3833637786.3977785,-2178568087.7476106
861,2453902.3507154463,-5703399215.654277,3833628389.23708,-2178582312.012122
862,2453902.6006948436,-5704069226.0624895,3833624898.8620152,-2178600249.1002407
863,2453902.8506740225,-5704748816.48432,3833617971.351386,-2178617842.449187
864,2453903.100653494,-5705427754.906218,3833599819.568501,-2178631723.4345765
865,2453903.350633275,-5706097591.857873,3833579850.9999537,-2178645977.7502384
866,2453903.6006128555,-5706768610.663022,3833565768.4777713,-2178663939.040182
867,2453903.8505922225,-5707449150.852781,3833548094.902499,-2178681493.1028705
868,2453904.100571888,-5708128835.751889,3833519205.631876,-2178695341.8529453
869,2453904.3505518604,-5708799393.322925,3833488640.0691533,-2178709628.0359716
870,2453904.6005316293,-5709471249.497197,3833463937.5896554,-2178727614.2833447
871,2453904.85051119,-5710152564.609703,3833435490.7921386,-2178745129.9670897
872,2453905.1004910553,-5710832820.376337,3833395839.858128,-2178758948.510361
873,2453905.3504712246,-5711503924.628187,3833354653.3590713,-2178773268.476471
874,2453905.600451187,-5712176442.812704,3833319305.056611,-2178791280.5116587
875,2453905.8504309477,-5712858353.653438,3833280060.163125,-2178808758.7904067
876,2453906.1004110184,-5713539000.374456,3833229625.963034,-2178822549.19337
877,2453906.3503913903,-5714210473.079561,3833177797.4063826,-2178836904.8516216
878,2453906.600371552,-5714883473.620708,3833131780.528907,-2178854943.474869
879,2453906.850351518,-5715565796.7684965,3833081716.104004,-2178872385.285415
880,2453907.1003318,-5716246650.432486,3833020480.741641,-2178886149.5500107
881,2453907.35031238,-5716918309.358153,3832957992.935208,-2178900542.702539
882,2453907.6002927474,-5717591608.66777,3832901288.922673,-2178918608.586958
883,2453907.850272925,-5718274156.908662,3832840388.0126123,-2178936014.7350945
884,2453908.1002534237,-5718955029.909186,3832768338.3018727,-2178949754.7078004
885,2453908.3502342175,-5719626689.385987,3832695178.9429364,-2178964186.9627557
886,2453908.600214796,-5720300100.57209,3832627774.3411956,-2178982280.5719967
887,2453908.850195191,-5720982683.589392,3832556025.3367634,-2178999651.6548457
888,2453909.100175912,-5721663385.469438,3832473153.60923,-2179013368.953461
889,2453909.350156925,-5722334857.185071,3832389316.0343494,-2179027841.6568823
890,2453909.600137721,-5723008190.891687,3832311203.184458,-2179045963.182941
891,2453909.850118338,-5723690616.147627,3832228600.44581,-2179063299.532669
892,2453910.100099288,-5724370954.517075,3832134905.107837,-2179076995.495704
893,2453910.3500805264,-5725042048.463591,3832040388.780647,-2179091509.6870365
894,2453910.600061544,-5725715113.84288,3831951566.2359033,-2179109659.0125194
895,2453910.8500423906,-5726397187.5703535,3831858110.436334,-2179126960.665295
896,2453911.1000235737,-5727076969.11012,3831753596.237916,-2179140636.3273425
897,2453911.3500050427,-5727747494.593321,3831648406.9436607,-2179155192.721431
898,2453911.599986289,-5728420100.314701,3831548879.59056,-2179173369.4084225
899,2453911.8499673693,-5729101628.52012,3831444577.7638226,-2179190636.099977
900,2453912.099948792,-5729780659.971313,3831329255.7732835,-2179204292.193559
901,2453912.349930497,-5730450426.579251,3831213405.5241003,-2179218891.1886797
902,2453912.5999119766,-5731122381.771997,3831103184.421929,-2179237094.4929266
903,2453912.849893296,-5731803171.147092,3830988049.7388225,-2179254325.678384
904,2453913.0998749635,-5732481260.185823,3830861937.060012,-2179267962.658889
905,2453913.3498569094,-5733150078.621239,3830735443.7585897,-2179282604.366553
906,2453913.5998386275,-5733821193.661636,3830614545.7554703,-2179300833.2717705
907,2453913.8498201924,-5734501052.322563,3830488597.0969534,-2179318028.163706
908,2453914.0998021094,-5735178008.247376,3830351716.40472,-2179331646.250586
909,2453914.3497843016,-5735845690.961084,3830214603.349283,-2179346330.5396476
910,2453914.5997662633,-5736515778.051772,3830083050.5634165,-2179364583.8040032
911,2453914.849748078,-5737194516.064656,3829946311.983153,-2179381741.4204216
912,2453915.09973025,-5737870150.267621,3829798690.972647,-2179395340.64611
913,2453915.349712693,-5738536511.875782,3829650986.299685,-2179410067.192474
914,2453915.5996949035,-5739205385.411994,3829508805.56141,-2179428343.3986726
915,2453915.8496769727,-5739882815.110962,3829361305.731243,-2179445462.612592
916,2453916.0996594043,-5740556941.349342,3829202976.5707655,-2179459042.871127
917,2453916.349642103,-5741221798.861476,3829044712.7201896,-2179473811.205499
918,2453916.599624567,-5741889275.619975,3828891935.0535183,-2179492108.807419
919,2453916.8496068963,-5742565211.761449,3828733706.763411,-2179509188.391679
920,2453917.099589592,-5743237646.280368,3828564705.6145854,-2179522749.4813533
921,2453917.349572551,-5743900819.194016,3828395918.872877,-2179537559.030076
922,2453917.5995552726,-5744566718.405021,3828232579.0633993,-2179555876.3917994
923,2453917.849537866,-5745240978.221626,3828063658.8139186,-2179572915.055715
924,2453918.0995208304,-5745911539.793048,3827884025.448504,-2179586456.7131915
925,2453918.349504054,-5746572850.12131,3827704755.590492,-2179601306.830363
926,2453918.599487039,-5747236993.489525,3827530891.8518934,-2179619642.256538
927,2453918.8494699006,-5747909396.708734,3827351319.54341,-2179636638.6740427
928,2453919.099453138,-5748577906.650057,3827161097.053203,-2179650160.6002693
929,2453919.349436631,-5749237178.942892,3826971387.071768,-2179665050.5921516
930,2453919.599419882,-5749899390.675445,3826787040.7935157,-2179683402.3512444
931,2453919.849403017,-5750569759.557173,3826596859.4884467,-2179700355.182686
932,2453920.099386532,-5751236041.7797165,3826396094.058922,-2179713857.0632954
933,2453920.3493702975,-5751893103.1847515,3826195989.9478836,-2179728786.2081127
934,2453920.59935382,-5752553210.066937,3826001205.484584,-2179747152.552104
935,2453920.8493372323,-5753221369.495944,3825800461.1988616,-2179764060.4636254
936,2453921.0993210287,-5753885250.6137295,3825589201.8986683,-2179777541.9880867
937,2453921.3493050714,-5754539931.001338,3825378752.4374843,-2179792509.5558167
938,2453921.5992888687,-5755197762.539021,3825173576.8852916,-2179810888.741219
939,2453921.8492725627,-5755863540.184578,3824962318.351577,-2179827750.4268203
940,2453922.099256644,-5756524849.689234,3824740616.878088,-2179841211.311652
941,2453922.349240968,-5757176981.840678,3824519873.356569,-2179856216.5892835
942,2453922.5992250443,-5757832370.460666,3824304356.253382,-2179874606.9050593
943,2453922.8492090236,-5758495596.986936,3824082634.591742,-2179891421.116967
944,2453923.099193394,-5759154167.463671,3823850544.9080186,-2179904861.1386657
945,2453923.3491780027,-5759803587.288385,3823619560.7268825,-2179919903.4665313
946,2453923.5991623616,-5760456368.553512,3823393753.6133614,-2179938303.274346
947,2453923.84914663,-5761116877.82751,3823161621.8488503,-2179955068.866958
948,2453924.099131293,-5761772545.148974,3822919199.654972,-2179968487.9095416
949,2453924.34911619,-5762419091.857254,3822678029.749932,-2179983566.7330704
950,2453924.5991008356,-5763069104.611683,3822441985.545608,-2180001974.5236793
951,2453924.8490853966,-5763726733.813844,3822199497.935163,-2180018690.5141053
952,2453925.099070356,-5764379337.206562,3821946799.9463387,-2180032088.633367
953,2453925.349055545,-5765022853.322729,3821695500.020404,-2180047203.571294
954,2453925.5990404803,-5765669939.643999,3821449272.2136917,-2180065618.03671
955,2453925.849025338,-5766324529.150568,3821196483.397575,-2180082283.6800876
956,2453926.0990105974,-5766973910.997821,3820933566.462844,-2180095661.181113
957,2453926.348996081,-5767614242.0747385,3820672192.081036,-2180110812.104787
958,2453926.59898131,-5768258246.893321,3820415833.8097544,-2180129232.2188935
959,2453926.848966467,-5768909639.794767,3820152797.887683,-2180145847.0890026
960,2453927.09895203,-5769555645.0473385,3819879718.0737844,-2180159204.6053395
961,2453927.3489378123,-5770192638.965398,3819608323.7697024,-2180174391.715444
962,2453927.598923338,-5770833409.2513075,3819341886.9655004,-2180192816.8071747
963,2453927.8489087983,-5771481450.427268,3819068656.6935487,-2180209380.864478
964,2453928.098894668,-5772123925.568528,3818785468.5502467,-2180222719.4194236
965,2453928.3488807515,-5772757431.395996,3818504107.177288,-2180237943.299213
966,2453928.5988665777,-5773394814.923696,3818227642.018991,-2180256373.096402
967,2453928.8488523453,-5774039349.723722,3817944268.378926,-2180272886.721131
968,2453929.0988385244,-5774678141.378515,3817651024.637648,-2180286207.7488427
969,2453929.3488249136,-5775308007.924203,3817359747.2098374,-2180301469.372359
970,2453929.5988110434,-5775941851.788055,3817073302.1162415,-2180319903.996285
971,2453929.848797121,-5776582724.529728,3816779834.4658346,-2180336367.9685745
972,2453930.0987836136,-5777217677.964878,3816476586.350666,-2180349673.2796736
973,2453930.3487703116,-5777843752.301932,3816175442.5158067,-2180364973.963126
974,2453930.598756749,-5778473901.485825,3815879064.77842,-2180383413.865794
975,2453930.8487431407,-5779110954.091194,3815575551.6362743,-2180399829.289177
976,2453931.0987299504,-5779741911.936946,3815262349.791054,-2180413120.981562
977,2453931.3487169603,-5780364038.226825,3814951388.8888755,-2180428462.2831345
978,2453931.5987037085,-5780990334.547281,3814645125.846527,-2180446908.137211
979,2453931.848690418,-5781623405.617978,3814331616.1652784,-2180463276.319583
980,2453932.098677548,-5782250207.083755,3814008512.006865,-2180476556.652383
981,2453932.348664874,-5782868225.939309,3813687784.4841022,-2180491940.2415853
982,2453932.598651937,-5783490507.560675,3813371684.9804993,-2180510392.806738
983,2453932.848638968,-5784119432.045969,3813048229.6266394,-2180526715.1246767
984,2453933.098626423,-5784741912.738016,3812715276.828241,-2180539986.3822646
985,2453933.3486140682,-5785355661.185781,3812384835.7088766,-2180555413.9060197
986,2453933.59860145,-5785973762.721283,3812058951.5340657,-2180573873.8984714
987,2453933.8485888066,-5786598372.14928,3811725604.685734,-2180590151.6706896
988,2453934.0985765895,-5787216364.420717,3811382860.518681,-2180603416.040985
989,2453934.3485645577,-5787825676.358336,3811042762.680543,-2180618889.008406
990,2453934.5985522624,-5788439429.424151,3810707149.7745934,-2180637356.9931245
991,2453934.8485399475,-5789059552.540784,3810363970.045478,-2180653591.3797674
992,2453935.0985280625,-5789672886.202377,3810011496.4191794,-2180666850.860689
993,2453935.348516358,-5790277593.169344,3809661803.548544,-2180682370.5576253
994,2453935.5985043887,-5790886827.205481,3809316522.8701143,-2180700846.871251
995,2453935.8484924072,-5791502290.835545,3808963574.091577,-2180717038.8045297
996,2453936.0984808574,-5792110794.046469,3808601438.250625,-2180730295.141849
997,2453936.3484694837,-5792710726.136016,3808242217.4577055,-2180745862.576242
998,2453936.5984578445,-5793315269.33308,3807887335.521076,-2180764347.280013
999,2453936.8484461997,-5793925899.315598,3807524687.203129,-2180780497.423887
1000,2453937.0984349893,-5794529399.520774,3807152962.115853,-2180793752.0769954
1001,2453937.34842395,-5795124386.314252,3806784286.2558346,-2180809367.9508047
1002,2453937.598412644,-5795724066.542061,3806419875.388313,-2180827860.8085895
1003,2453937.8484013397,-5796329688.65009,3806047602.9159923,-2180843969.542182
1004,2453938.098390472,-5796928013.487221,3805666367.413252,-2180857223.672346
1005,2453938.3483797703,-5797517884.945955,3805288315.1719413,-2180872888.3746448
1006,2453938.5983688016,-5798112530.62944,3804914453.549509,-2180891388.8507814
1007,2453938.8483578414,-5798712971.428505,3804532638.1702123,-2180907456.27047
1008,2453939.0983473198,-5799305949.566449,3804141976.886924,-2180920710.7467484
1009,2453939.348336959,-5799890536.848537,3803754632.680003,-2180936424.363504
1010,2453939.5983263305,-5800479977.762887,3803371404.1866517,-2180954931.6363807
1011,2453939.8483157177,-5801075065.383384,3802980132.83049,-2180970957.5727267
1012,2453940.0983055453,-5801662527.269467,3802580135.9888663,-2180984212.991989
1013,2453940.3482955284,-5802241663.450646,3802183589.7111387,-2180999975.329227
1014,2453940.5982852443,-5802825731.415642,3801791083.6562366,-2181018488.317443
1015,2453940.8482749816,-5803415296.219583,3801390448.6223483,-2181034472.3639164
1016,2453941.0982651617,-5803997074.716352,3800981211.6890936,-2181047729.0819454
1017,2453941.3482554923,-5804570595.395515,3800575558.345915,-2181063539.6993217
1018,2453941.5982455546,-5805149124.849945,3800173869.072202,-2181082057.097461
1019,2453941.8482356453,-5805732999.973348,3799763967.6145487,-2181097998.6478844
1020,2453942.0982261808,-5806308930.8669,3799345590.8668776,-2181111256.818344
1021,2453942.3482168606,-5806876674.639669,3798930930.124138,-2181127115.0697355
1022,2453942.5982072726,-5807449503.080875,3798520156.544471,-2181145635.3902364
1023,2453942.84819772,-5808027524.839031,3798101090.3969703,-2181161533.6812806
1024,2453943.098188613,-5808597447.208876,3797673678.438919,-2181174793.2987347
1025,2453943.348179646,-5809159256.002359,3797250114.134445,-2181190698.375922
1026,2453943.59817041,-5809726224.287603,3796830359.2411366,-2181209219.993021
1027,2453943.848161216,-5810298232.443876,3796402234.1266375,-2181225074.1477475
1028,2453944.09815247,-5810861988.899125,3795965895.400262,-2181238335.0906897
1029,2453944.3481438574,-5811417708.176939,3795533535.0608397,-2181254286.066141
1030,2453944.5981349763,-5811978660.700075,3795104905.450862,-2181272807.2580466
1031,2453944.8481261437,-5812544498.616106,3794667830.6156087,-2181288616.3268037
1032,2453945.09811776,-5813101935.42019,3794222676.9466043,-2181301878.3972335
1033,2453945.348109505,-5813651414.283992,3793781631.347381,-2181317874.262717
1034,2453945.598100981,-5814206199.057381,3793344236.7969503,-2181336393.24908
1035,2453945.848092512,-5814765713.757996,3792898324.600421,-2181352156.245185
1036,2453946.0980844935,-5815316680.878068,3792444470.8038907,-2181365419.2025385
1037,2453946.348076598,-5815859772.104192,3791994853.5915027,-2181381458.901838
1038,2453946.5980684333,-5816408240.786465,3791548806.6966696,-2181399973.875144
1039,2453946.8480603304,-5816961282.98121,3791094172.2683597,-2181415689.80444
1040,2453947.0980526786,-5817505634.104979,3790631735.8212333,-2181428953.3934617
1041,2453947.348045144,-5818042194.159159,3790173663.2020164,-2181445035.8492103
1042,2453947.5980373407,-5818584202.071502,3789719079.0814223,-2181463545.000661
1043,2453947.8480296056,-5819130626.174717,3789255840.0355663,-2181479212.885989
1044,2453948.0980223226,-5819668218.73522,3788784940.8015876,-2181492476.859992
1045,2453948.3480151515,-5820198107.804089,3788318531.275763,-2181508600.99656
1046,2453948.598007711,-5820733513.971314,3787855527.311598,-2181527102.5387163
1047,2453948.8480003458,-5821273178.154107,3787383803.491301,-2181542721.441986
1048,2453949.097993433,-5821803873.392543,3786904563.4655414,-2181555985.584671
1049,2453949.3479866264,-5822326955.458216,3786429937.570075,-2181572150.350535
1050,2453949.5979795516,-5822855622.696633,3785958633.1459236,-2181590642.5405536
1051,2453949.8479725574,-5823388388.988014,3785478546.351567,-2181606211.586566
1052,2453950.0979660167,-5823912052.066622,3784991089.375894,-2181619475.736764
1053,2453950.3479595766,-5824428195.03054,3784508369.384299,-2181635680.1310816
1054,2453950.597952868,-5824949990.082576,3784028885.5653877,-2181654161.299441
1055,2453950.847946247,-5825475724.512795,3783540559.2104664,-2181669679.7065544
1056,2453951.0979400794,-5825992224.663286,3783045010.601284,-2181682943.791124
1057,2453951.3479340067,-5826501300.496704,3782554320.1204996,-2181699186.899749
1058,2453951.5979276663,-5827016094.18075,3782066779.215989,-2181717655.4897265
1059,2453951.8479214194,-5827534666.925968,3781570337.8504643,-2181733122.6125207
1060,2453952.0979156266,-5828043877.582553,3781066823.8801985,-2181746386.692376
1061,2453952.347909923,-5828545762.442015,3780568287.2887154,-2181762667.7379947
1062,2453952.5979039515,-5829053429.744811,3780072812.2443466,-2181781122.3601284
1063,2453952.8478980805,-5829564715.188701,3779568380.8995304,-2181796537.7477107
1064,2453953.0978926634,-5830066514.009641,3779057028.093628,-2181809802.079872
1065,2453953.3478873298,-5830561088.209785,3778550769.7923775,-2181826120.488141
1066,2453953.597881729,-5831061508.202254,3778047483.39709,-2181844559.990334
1067,2453953.8478762344,-5831565384.785105,3777535186.7503533,-2181859923.459614
1068,2453954.0978711946,-5832059653.423986,3777016121.0153294,-2181873188.5729628
1069,2453954.3478662316,-5832546801.121334,3776502264.5269356,-2181889544.0504904
1070,2453954.597861002,-5833039856.546615,3775991288.4917293,-2181907967.5975137
1071,2453954.8478558855,-5833536206.248639,3775471249.934467,-2181923279.3128433
1072,2453955.0978512233,-5834022829.724085,3774944595.6277256,-2181936546.0866094
1073,2453955.3478466324,-5834502438.167049,3774423262.683839,-2181952938.6971765
1074,2453955.5978417755,-5834988014.567561,3773904716.762622,-2181971345.843234
1075,2453955.847837038,-5835476721.910806,3773377057.571261,-2181986606.383489
1076,2453956.0978327543,-5835955587.4827795,3772842936.7415276,-2181999876.107024
1077,2453956.3478285363,-5836427545.766277,3772314246.6136665,-2182016306.322429
1078,2453956.597824053,-5836905530.125016,3771788248.0444555,-2182034697.0512743
1079,2453956.8478196952,-5837386480.711891,3771253086.9504585,-2182049907.437424
1080,2453957.097815791,-5837857476.330675,3770711619.055529,-2182063181.8237143
1081,2453957.347811947,-5838321673.773972,3770175688.438705,-2182079650.52188
1082,2453957.5978078386,-5838791952.843689,3769642352.00713,-2182098025.228144
1083,2453957.847803862,-5839265031.661456,3769099805.45036,-2182113186.886816
1084,2453958.0978003386,-5839728044.273059,3768551107.8077106,-2182126468.0181136
1085,2453958.3477968695,-5840184368.754647,3768008051.472224,-2182142976.4109135
1086,2453958.597793137,-5840646827.452477,3767467490.3623586,-2182161335.8100634
1087,2453958.8477895427,-5841111917.356134,3766917673.532787,-2182176450.466142
1088,2453959.097786401,-5841566831.499987,3766361862.5405307,-2182189740.670975
1089,2453959.3477833085,-5842015168.196133,3765811794.7166348,-2182206290.167711
1090,2453959.597779953,-5842469688.506584,3765264122.038375,-2182224635.147502
1091,2453959.847776742,-5842926669.304679,3764707150.5209637,-2182239704.665361
1092,2453960.0977739836,-5843373366.395452,3764144343.3932886,-2182253006.3525906
1093,2453960.3477712683,-5843813597.267747,3763587379.569245,-2182269598.3902473
1094,2453960.597768292,-5844260057.941432,3763032710.1891317,-2182287929.8394375
1095,2453960.8477654657,-5844708806.304881,3762468701.7970443,-2182302956.0520234
1096,2453961.097763092,-5845147164.74478,3761899018.3717055,-2182316271.5432205
1097,2453961.347760755,-5845579168.846327,3761335277.0499406,-2182332907.4253154
1098,2453961.5977581586,-5846017445.887361,3760773729.2720838,-2182351226.080797
1099,2453961.847755719,-5846457836.0008745,3760202805.6311703,-2182366210.6459165
1100,2453962.097753731,-5846887731.974868,3759626369.840969,-2182379542.042405
1101,2453962.3477517744,-5847311386.368835,3759055973.884431,-2182396222.818673
1102,2453962.5977495587,-5847741354.056297,3758487670.6623316,-2182414529.1584206
1103,2453962.847747507,-5848173258.720996,3757909958.2821918,-2182429473.464561
1104,2453963.097745906,-5848594567.358457,3757326899.0836697,-2182442822.5660996
1105,2453963.3477443308,-5849009748.319222,3756749976.504246,-2182459548.964518
1106,2453963.597742498,-5849431280.43067,3756175046.0925426,-2182477843.1526084
1107,2453963.847740835,-5849854572.293257,3755590676.8866906,-2182492748.2756443
1108,2453964.097739622,-5850267168.887378,3755001128.656965,-2182506116.5479155
1109,2453964.347738429,-5850673753.098328,3754417812.8991394,-2182522888.9526186
1110,2453964.5977369803,-5851086724.077156,3753836389.0335402,-2182541170.826707
1111,2453964.8477357076,-5851501276.758579,3753245500.405034,-2182556037.525502
1112,2453965.097734884,-5851905037.849276,3752649602.943985,-2182569426.1027656
1113,2453965.347734074,-5852302903.436207,3752060032.8148966,-2182586244.5631514
1114,2453965.5977330105,-5852707189.374092,3751472254.5795736,-2182604513.649206
1115,2453965.847732129,-5853112878.399559,3750874989.233801,-2182619342.384836
1116,2453966.0977316946,-5853507682.649932,3750272887.5311656,-2182632752.092796
1117,2453966.3477312694,-5853896710.00525,3749677206.9307146,-2182649616.3496447
1118,2453966.5977305914,-5854292189.416888,3749083218.457755,-2182667871.890717
1119,2453966.847730102,-5854688892.942924,3748479724.076066,-2182682662.8571043
1120,2453967.0977300582,-5855074621.820165,3747871567.964688,-2182696094.245033
1121,2453967.3477300177,-5855454694.240843,3747269925.523749,-2182713003.7639728
1122,2453967.5977297267,-5855841248.6629505,3746669875.6193743,-2182731244.7546306
1123,2453967.8477296294,-5856228848.039937,3746060304.4750066,-2182745997.913485
1124,2453968.0977299768,-5856605386.343059,3745446248.239068,-2182759451.2895927
1125,2453968.347730322,-5856976390.5266485,3744838796.922785,-2182776405.297032
1126,2453968.5977304177,-5857353904.985777,3744232838.6665235,-2182794630.519585
1127,2453968.8477307134,-5857732285.199256,3743617347.2194085,-2182809345.636576
1128,2453969.0977314524,-5858099521.474678,3742997549.185909,-2182822821.1043353
1129,2453969.347732183,-5858461347.911345,3742384445.8832564,-2182839818.624169
1130,2453969.597732666,-5858829711.294792,3741772736.215291,-2182858026.685481
1131,2453969.8477333556,-5859198761.315785,3741151484.696292,-2182872703.366903
1132,2453970.0977344858,-5859556588.186977,3740526106.8167257,-2182886200.861836
1133,2453970.347735602,-5859909131.469657,3739907511.9206543,-2182903240.752629
1134,2453970.5977364727,-5860268236.817612,3739290211.2200885,-2182921430.121402
1135,2453970.8477375554,-5860627849.876588,3738663363.2066064,-2182936067.8512344
1136,2453971.097739077,-5860976164.299075,3738032570.6305904,-2182949587.178024
1137,2453971.3477405794,-5861319323.360209,3737408647.610963,-2182966668.1704907
1138,2453971.5977418376,-5861669068.085364,3736785919.2681375,-2182984837.214767
1139,2453971.8477433138,-5862019141.874388,3736153641.2553835,-2182999435.3917575
1140,2453972.0977452267,-5862357845.319498,3735517601.901893,-2183012976.261167
1141,2453972.347747114,-5862691523.597067,3734888516.87849,-2183030096.9952927
1142,2453972.5977487597,-5863031809.634352,3734260526.8700633,-2183048244.0193515
1143,2453972.847750629,-5863372246.440288,3733622987.848066,-2183062801.9931765
1144,2453973.0977529325,-5863701245.011274,3732981871.9858246,-2183076364.057776
1145,2453973.347755205,-5864025350.549131,3732347793.313827,-2183093523.1184287
1146,2453973.597757238,-5864356084.441934,3731714709.793715,-2183111646.397872
1147,2453973.847759499,-5864686791.218868,3731072080.8436804,-2183126163.5032077
1148,2453974.097762193,-5865005995.709624,3730426060.694064,-2183139746.3906546
1149,2453974.34776485,-5865320441.204138,3729787158.5749846,-2183156942.3405294
1150,2453974.5977672692,-5865641534.141138,3729149151.4933486,-2183175040.154535
1151,2453974.8477699226,-5865962422.538224,3728501605.414129,-2183189515.7420883
1152,2453975.097773006,-5866271748.45256,3727850854.785709,-2183203119.085282
1153,2453975.3477760465,-5866576451.265335,3727207300.9108305,-2183220350.4946513
1154,2453975.5977788516,-5866887819.089194,3726564541.665668,-2183238421.1550827
1155,2453975.847781896,-5867198805.456282,3725912252.6320953,-2183252854.6196203
1156,2453976.097785368,-5867498173.010892,3725256946.5854845,-2183266478.083964
1157,2453976.347788791,-5867793055.1711035,3724608913.807161,-2183283743.55784
1158,2453976.597791981,-5868094618.382542,3723961574.9202867,-2183301785.4361196
1159,2453976.8477954157,-5868395623.776526,3723304718.161502,-2183316176.24266
1160,2453977.097799275,-5868684957.909682,3722645032.688893,-2183329819.5520554
1161,2453977.34780308,-5868969946.12659,3721992694.7002063,-2183347117.756641
1162,2453977.597806654,-5869261629.902254,3721340949.4943047,-2183365129.310615
1163,2453977.8478104775,-5869552580.110016,3720679700.9649878,-2183379477.0214367
1164,2453978.0978147234,-5869831810.508621,3720015812.6536007,-2183393139.985886
1165,2453978.3478189083,-5870106836.202998,3719359343.642116,-2183410469.677532
1166,2453978.597822865,-5870388570.431472,3718703365.881371,-2183428449.4818
1167,2453978.8478270764,-5870669396.008699,3718037901.8854723,-2183442753.787918
1168,2453979.097831707,-5870938457.147258,3717369987.521896,-2183456436.3366227
1169,2453979.3478362714,-5871203456.488876,3716709561.752468,-2183473796.3972974
1170,2453979.597840609,-5871475175.804947,3716049525.2002892,-2183491743.18114
1171,2453979.8478452074,-5871745812.103149,3715380021.919958,-2183506003.9424324
1172,2453980.097850221,-5872004643.258551,3714708257.988262,-2183519706.1664762
1173,2453980.347855163,-5872259557.164656,3714044049.2688427,-2183537095.6496525
1174,2453980.597859881,-5872521200.927032,3713380127.1188936,-2183555008.346139
1175,2453980.847864864,-5872781588.043889,3712706760.0084825,-2183569225.6432796
1176,2453981.097870259,-5873030133.210608,3712031322.0471387,-2183582947.8505173
1177,2453981.347875577,-5873274907.219235,3711363503.0497055,-2183600366.0393972
1178,2453981.597880673,-5873526419.335035,3710695867.2112927,-2183618243.8466625
1179,2453981.84788604,-5873776501.880885,3710018810.248664,-2183632418.044787
1180,2453982.097891815,-5874014709.469738,3709339872.072162,-2183646160.8255553
1181,2453982.3478975073,-5874249293.36245,3708668613.5307283,-2183663607.3006463
1182,2453982.59790298,-5874490621.825939,3707997433.8093524,-2183681449.750565
1183,2453982.8479087283,-5874730348.369251,3707316858.666691,-2183695581.5678644
1184,2453983.097914882,-5874958170.550639,3706634591.537936,-2183709345.862539
1185,2453983.3479209463,-5875182517.587277,3705960061.435944,-2183726820.567176
1186,2453983.5979267946,-5875413613.601581,3705285504.7493477,-2183744627.587435
1187,2453983.8479329227,-5875642935.673155,3704601580.053157,-2183758718.152086
1188,2453984.0979394526,-5875860327.26148,3703916152.0059953,-2183772505.3012786
1189,2453984.347945888,-5876074392.946951,3703238514.9815125,-2183790008.5834455
1190,2453984.5979521098,-5876295209.5786,3702560744.8668036,-2183807780.5290313
1191,2453984.847958616,-5876514080.221248,3701873635.8264084,-2183821831.3984823
1192,2453985.097965521,-5876720997.130716,3701185211.4364324,-2183835643.148579
1193,2453985.347972325,-5876924737.593549,3700504628.7152295,-2183853175.75104
1194,2453985.5979789183,-5877135228.094391,3699823805.4407597,-2183870913.377188
1195,2453985.8479858013,-5877343600.150843,3699133674.152674,-2183884926.4928055
1196,2453986.097993079,-5877539997.675442,3698442415.045768,-2183898764.931894
1197,2453986.3480002508,-5877733367.970122,3697759045.16171,-2183916327.9090295
1198,2453986.5980072147,-5877933484.134375,3697075326.6604366,-2183934032.2685275
1199,2453986.8480144725,-5878131308.690702,3696382333.2500896,-2183948009.833797
1200,2453987.098022122,-5878317140.065377,3695688399.4437056,-2183961877.2525716
1201,2453987.348029659,-5878500092.883206,3695002399.765094,-2183979471.815854
1202,2453987.5980369924,-5878689783.937202,3694315943.324526,-2183997144.090451
1203,2453987.848044624,-5878877009.415392,3693620247.773209,-2184011088.3905854
1204,2453988.098052643,-5879052225.130743,3692923799.6106725,-2184024987.093846
1205,2453988.348060545,-5879224710.351933,3692235328.349098,-2184042614.4189243
1206,2453988.5980682457,-5879403922.752879,3691546292.6585774,-2184060255.7246222
1207,2453988.84807625,-5879580494.9573765,3690848056.852108,-2184074168.9327846
1208,2453989.098084637,-5879745043.048758,3690149257.01729,-2184088101.0505915
1209,2453989.3480929025,-5879907008.264263,3689458475.1747127,-2184105762.0971546
1210,2453989.5981009696,-5880075686.43948,3688767022.17303,-2184123373.314957
1211,2453989.8481093445,-5880241549.49226,3688066411.6218805,-2184137257.3355455
1212,2453990.0981180985,-5880395376.645111,3687365426.7096395,-2184151224.681391
1213,2453990.3481267253,-5880546768.405678,3686672499.482004,-2184168920.0684304
1214,2453990.5981351575,-5880704856.117269,3685978795.581093,-2184186501.7373176
1215,2453990.8481439017,-5880859953.907959,3685275980.4564133,-2184200358.1163692
1216,2453991.0981530217,-5881003006.963674,3684572981.8195868,-2184214362.115183
1217,2453991.3481620084,-5881143772.314656,3683878079.258029,-2184232092.066793
1218,2453991.5981708043,-5881291214.198883,3683182295.8242097,-2184249644.3464255
1219,2453991.8481799164,-5881435491.90528,3682477451.268332,-2184263474.249589
1220,2453992.0981893996,-5881567719.342345,3681772615.1709557,-2184277515.929714
1221,2453992.3481987454,-5881697807.250002,3681075912.1930647,-2184295280.2800636
1222,2453992.5982079026,-5881834550.1765585,3680378225.431238,-2184312802.967152
1223,2453992.848217381,-5881967955.546234,3679671531.330408,-2184326607.20551
1224,2453993.098227226,-5882089308.67661,3678965038.626346,-2184340687.232493
1225,2453993.348236928,-5882208671.136144,3678266714.617442,-2184358485.4663186
1226,2453993.598246446,-5882334665.227113,3677567305.109254,-2184375978.040316
1227,2453993.8482562886,-5882457149.506989,3676858945.582023,-2184389757.119831
1228,2453994.0982664935,-5882567583.317868,3676150981.1672616,-2184403875.848531
1229,2453994.3482765504,-5882676176.111875,3675451219.4087024,-2184421707.155035
1230,2453994.598286426,-5882791375.422406,3674750271.525996,-2184439168.832837
1231,2453994.8482966307,-5882902893.966379,3674040434.3294272,-2184452923.0089393
1232,2453995.098307193,-5883002367.659913,3673331186.5488496,-2184467080.5376153
1233,2453995.348317602,-5883100150.8373575,3672630173.631929,-2184484943.8637137
1234,2453995.5983278337,-5883204513.781014,3671927874.961229,-2184502373.651434
1235,2453995.848338398,-5883305026.426905,3671216750.928511,-2184516102.978966
1236,2453996.0983493156,-5883393503.754013,3670506411.0298443,-2184530299.1975117
1237,2453996.348360075,-5883480441.927486,3669804336.3281484,-2184548193.2944036
1238,2453996.59837066,-5883573931.542849,3669100877.161281,-2184565590.031906
1239,2453996.8483815817,-5883663402.852257,3668388659.7098665,-2184579294.4075193
1240,2453997.0983928517,-5883740852.3292885,3667677421.3696423,-2184593529.0381804
1241,2453997.3484039586,-5883816914.873158,3666974476.5826774,-2184611452.5006423
1242,2453997.5984148947,-5883899499.007532,3666270049.4759493,-2184628814.899167
1243,2453997.848426171,-5883977898.436936,3665556934.1800847,-2184642494.0972624
1244,2453998.0984377908,-5884044293.505828,3664844993.0887756,-2184656766.7294993
1245,2453998.348449242,-5884109454.708312,3664141371.8385997,-2184674718.029989
1246,2453998.598460526,-5884181106.163832,3663436171.218292,-2184692044.705221
1247,2453998.8484721547,-5884248408.204865,3662722355.4210396,-2184705698.4100003
1248,2453999.098484121,-5884303727.367668,3662009908.9007177,-2184720008.5321217
1249,2453999.348495914,-5884357966.561019,3661305806.3542905,-2184737986.0523577
1250,2453999.5985075436,-5884418663.221306,3660600028.1414394,-2184755275.5556235
1251,2453999.848519521,-5884474847.522889,3659885710.579918,-2184768903.3917775
1252,2454000.0985318306,-5884519074.458445,3659172957.2096257,-2184783250.4217176
1253,2454000.3485439625,-5884562376.130686,3658468569.704002,-2184801252.4838715
1254,2454000.598555934,-5884612101.067807,3657762410.937791,-2184818503.333293
1255,2454000.8485682565,-5884657152.5367565,3657047791.3635397,-2184832104.896945
1256,2454001.098580907,-5884690276.193664,3656334930.597114,-2184846488.213527
1257,2454001.348593374,-5884722630.07426,3655630455.2550287,-2184864513.1120715
1258,2454001.5986056845,-5884761371.627075,3654924113.705198,-2184881723.8245187
1259,2454001.8486183495,-5884795280.497552,3654209392.4929624,-2184895298.7149644
1260,2454002.0986313364,-5884817295.153559,3653496624.2651496,-2184909717.6899266
1261,2454002.348644135,-5884838696.263247,3652792258.5993476,-2184927763.724213
1262,2454002.5986567815,-5884866448.078011,3652085932.368318,-2184944932.8478975
1263,2454002.848669785,-5884889209.941729,3651371310.115761,-2184958480.699864
1264,2454003.098683105,-5884900115.222803,3650658834.4408154,-2184972934.7302017
1265,2454003.348696232,-5884910563.882478,3649954775.9525356,-2184991000.237193
1266,2454003.5987092103,-5884927324.912296,3649248663.0733156,-2185008126.3842583
1267,2454003.8487225487,-5884938940.707822,3648534340.198176,-2185021646.8999996
1268,2454004.098736198,-5884938741.566993,3647822356.767386,-2185036135.4400306
1269,2454004.3487496492,-5884938243.367501,3647118802.5448933,-2185054218.8266497
1270,2454004.598762956,-5884944017.834146,3646413100.5797677,-2185071300.7053475
1271,2454004.8487766255,-5884944493.80024,3645699276.91806,-2185084793.6863084
1272,2454005.0987906,-5884933200.462321,3644987984.6980186,-2185099316.2793007
1273,2454005.348804372,-5884921766.2020445,3644285131.0149946,-2185117416.054422
1274,2454005.5988180027,-5884916563.527373,3643580036.6524816,-2185134452.501125
1275,2454005.848831999,-5884905911.127532,3642866911.052649,-2185147917.879679
1276,2454006.098846295,-5884883539.006376,3642156507.8764734,-2185162474.189818
1277,2454006.3488603835,-5884861184.602015,3641454549.7796245,-2185180588.996929
1278,2454006.5988743347,-5884845019.312667,3640750258.416223,-2185197579.009207
1279,2454006.8488886543,-5884823255.132193,3640038028.313053,-2185211016.8819532
1280,2454007.098903267,-5884789824.7185955,3639328710.4458337,-2185225606.728337
1281,2454007.3489176678,-5884756571.083781,3638627841.3107133,-2185243735.380725
1282,2454007.598931935,-5884729462.679383,3637924546.5945287,-2185260678.153517
1283,2454007.848946573,-5884696608.28011,3637213407.538494,-2185274088.8182297
1284,2454008.098961499,-5884652144.980026,3636505369.191839,-2185288712.2130456
1285,2454008.348976208,-5884608017.844986,3635805780.22181,-2185306853.7336063
1286,2454008.598990787,-5884569990.596383,3635103673.533867,-2185323748.7004404
1287,2454008.849005739,-5884526072.288443,3634393818.6536484,-2185337132.6984143
1288,2454009.0990209733,-5884470606.163126,3633687251.430212,-2185351789.8906817
1289,2454009.349035986,-5884415635.779336,3632989131.083839,-2185369943.5572553
1290,2454009.5990508725,-5884366718.3928385,3632288400.9483786,-2185386790.436771
1291,2454009.849066135,-5884311766.851586,3631580020.345458,-2185400148.6000957
1292,2454010.0990816727,-5884245332.180674,3630875112.6217837,-2185414840.1235805
1293,2454010.3490969846,-5884179552.8248005,3630178645.988289,-2185433005.5173
1294,2454010.5991121745,-5884119777.881171,3629479477.4449167,-2185449804.3613205
1295,2454010.8491277425,-5884053827.514065,3628772757.568456,-2185463137.8598647
1296,2454011.0991435796,-5883976462.084044,3628069693.8814836,-2185477864.5784006
1297,2454011.3491591862,-5883899911.263946,3627375062.088733,-2185496041.6265454
1298,2454011.599174675,-5883829314.338272,3626677636.131686,-2185512792.8592563
1299,2454011.849190544,-5883752402.3146105,3625972759.2608166,-2185526103.234961
1300,2454012.099206676,-5883664146.35661,3625271719.847928,-2185540866.3707876
1301,2454012.3492225725,-5883576863.658941,3624579099.6756682,-2185559055.367817
1302,2454012.599238356,-5883495482.081515,3623883592.9549084,-2185575759.797818
1303,2454012.8492545215,-5883407647.011165,3623180737.003552,-2185589048.9663734
1304,2454013.0992709436,-5883308541.805717,3622481897.7287927,-2185603850.0902886
1305,2454013.3492871267,-5883210567.439634,3621791461.672885,-2185622051.674935
1306,2454013.5993032004,-5883118438.794072,3621098046.710507,-2185638710.457639
1307,2454013.849319658,-5883019719.197303,3620397385.6090283,-2185651980.655247
1308,2454014.0993363657,-5882909805.53713,3619700918.522041,-2185666821.617342
1309,2454014.3493528306,-5882801178.815469,3619012835.5391703,-2185685036.6866703
1310,2454014.59936919,-5882698339.465425,3618321681.6631813,-2185701651.2208962
1311,2454014.849385936,-5882588772.372521,3617623386.4805174,-2185714904.883749
1312,2454015.099402925,-5882468089.263914,3616929461.1228466,-2185729787.6772485
1313,2454015.3494196674,-5882348847.436702,3616243898.1110377,-2185748017.235965
1314,2454015.599436309,-5882235331.519807,3615555173.0934906,-2185764588.999548
1315,2454015.849453339,-5882114951.64993,3614859413.8118043,-2185777828.5878353
1316,2454016.0994706056,-5881983535.698615,3614168199.103252,-2185792755.1649303
1317,2454016.3494876213,-5881853713.564934,3613485322.8704247,-2185811000.1361065
1318,2454016.5995045407,-5881729552.843589,3612799194.944459,-2185827530.4937215
1319,2454016.8495218502,-5881598392.700301,3612106142.489259,-2185840758.2995477
1320,2454017.09953939,-5881456278.451714,3611417808.7357645,-2185855730.3835983
1321,2454017.349556675,-5881315908.939788,3610737787.9499335,-2185873991.428816
1322,2454017.599573869,-5881181133.60947,3610054427.667445,-2185890481.462352
1323,2454017.8495914536,-5881039224.498271,3609364255.6412373,-2185903699.4525275
1324,2454018.099609263,-5880886445.641177,3608678976.118052,-2185918718.3962803
1325,2454018.3496268135,-5880735561.172396,3608001982.7176614,-2185936995.7916923
1326,2454018.5996442763,-5880590201.356672,3607321564.168564,-2185953446.1949573
1327,2454018.8496621326,-5880437574.97862,3606634449.8672585,-2185966655.9246583
1328,2454019.0996802067,-5880274166.004871,3605952401.6275864,-2185981722.6435175
1329,2454019.3496980183,-5880112800.1892805,3605278611.422246,-2186000016.233014
1330,2454019.5997157474,-5879956887.641734,3604601312.630982,-2186016427.2838755
1331,2454019.8497338705,-5879793577.773171,3603917437.2450123,-2186029629.8862467
1332,2454020.099752205,-5879619575.6104355,3603238801.139827,-2186044744.864134
1333,2454020.3497702735,-5879447764.8127775,3602568393.66504,-2186063054.0801606
1334,2454020.5997882634,-5879281334.399604,3601894396.2970066,-2186079425.6743827
1335,2454020.8498066496,-5879107378.276997,3601213944.488479,-2186092621.905313
1336,2454021.0998252397,-5878922823.56607,3600538904.635479,-2186107785.248601
1337,2454021.3498435607,-5878740608.07085,3599872062.5334454,-2186126109.173486
1338,2454021.599861807,-5878563698.821385,3599201551.2055345,-2186142440.8915524
1339,2454021.8498804513,-5878379138.076365,3598524710.366221,-2186155631.2002773
1340,2454022.0998992925,-5878184075.993106,3597853453.3729787,-2186170842.7108583
1341,2454022.3499178607,-5877991500.71925,3597190361.596032,-2186189180.151023
1342,2454022.5999363596,-5877804156.439804,3596523523.0722375,-2186205471.3320932
1343,2454022.8499552566,-5877609037.618403,3595850482.522157,-2186218655.9339843
1344,2454023.099974344,-5877403518.3062725,3595183196.6980395,-2186233915.1803584
1345,2454023.349993155,-5877200633.162596,3594524041.7417517,-2186252264.735029
1346,2454023.600011901,-5877002902.723935,3593861064.1921935,-2186268514.542516
1347,2454023.8500310457,-5876797277.513669,3593192014.4684787,-2186281693.4812346
1348,2454024.1000503744,-5876581356.258494,3592528889.1473393,-2186296999.8574157
1349,2454024.3500694227,-5876368216.275386,3591873858.4089856,-2186315359.9741344
1350,2454024.600088411,-5876160153.709003,3591214930.8037,-2186331567.4473886
1351,2454024.8501077984,-5875944079.005515,3590550063.08921,-2186344740.642905
1352,2454025.1001273626,-5875717816.278639,3589891288.092847,-2186360093.4133625
1353,2454025.350146644,-5875494481.634453,3589240569.368328,-2186378462.429983
1354,2454025.600165868,-5875276146.147428,3588585881.004478,-2186394626.5230994
1355,2454025.8501854935,-5875049684.060891,3587925386.6826177,-2186407793.8076153
1356,2454026.100205288,-5874813145.520693,3587271151.901531,-2186423192.1411066
1357,2454026.3502247958,-5874579681.542644,3586624932.9892836,-2186441568.3177853
1358,2454026.600244252,-5874351137.520485,3585974673.11417,-2186457687.9295216
1359,2454026.8502641087,-5874114355.381296,3585318743.407757,-2186470849.0756464
1360,2454027.1002841275,-5873867611.882973,3584669238.453781,-2186486292.072475
1361,2454027.350303857,-5873624089.063134,3584027706.818371,-2186504673.618276
1362,2454027.6003235388,-5873385406.09276,3583382064.3000536,-2186520747.6177473
1363,2454027.8503436223,-5873138376.480479,3582730889.94597,-2186533902.363531
1364,2454028.10036386,-5872881504.11063,3582086303.829362,-2186549389.0806947
1365,2454028.3503838046,-5872627998.146807,3581449646.2787104,-2186567774.1791043
1366,2454028.600403707,-5872379251.063051,3580808809.2801156,-2186583801.4312844
1367,2454028.8504240103,-5872122051.856356,3580162580.1981373,-2186596949.5058513
1368,2454029.1004444608,-5871855131.984983,3579523100.990334,-2186612478.9835606
1369,2454029.3504646155,-5871591723.834478,3578891503.331016,-2186630865.8200307
1370,2454029.600484732,-5871332992.774197,3578255658.955454,-2186646845.2138476
1371,2454029.8505052496,-5871065707.2024975,3577614563.882842,-2186659986.36609
1372,2454030.1005259072,-5870788826.530225,3576980378.3403697,-2186675557.6576786
1373,2454030.350546266,-5870515602.452008,3576354024.990413,-2186693944.450846
1374,2454030.6005665907,-5870246972.889498,3575723358.8820386,-2186709874.931141
1375,2454030.8505873163,-5869969689.558633,3575087584.961533,-2186723008.962324
1376,2454031.1006081747,-5869682940.130835,3574458878.102726,-2186738621.168036
1377,2454031.350628731,-5869399991.687573,3573837951.657574,-2186757006.204736
1378,2454031.6006492577,-5869121554.423,3573212647.5562177,-2186772886.8078637
1379,2454031.8506701854,-5868834367.287516,3572582379.880445,-2186786013.607613
1380,2454032.100691238,-5868537846.448979,3571959334.5213776,-2186801665.911445
1381,2454032.3507119855,-5868245270.444044,3571344015.2824707,-2186820047.5844345
1382,2454032.600732708,-5867957121.521935,3570724254.5449696,-2186835877.4761577
1383,2454032.8507538317,-5867660129.7829895,3570099675.671703,-2186848997.060311
1384,2454033.100775072,-5867353940.054519,3569482471.937652,-2186864688.7682624
1385,2454033.3507960048,-5867051838.387967,3568872937.421313,-2186883065.614817
1386,2454033.6008169167,-5866754078.932172,3568258898.527957,-2186898844.1286855
1387,2454033.850838229,-5866447386.850061,3567640187.9852877,-2186911956.6771684
1388,2454034.100859651,-5866131635.718369,3567029002.8167405,-2186927687.2550015
1389,2454034.350880762,-5865820115.155213,3566425427.2619433,-2186946057.994665
1390,2454034.600901857,-5865512851.115587,3565817285.325845,-2186961784.6691504
1391,2454034.850923352,-5865196567.733668,3565204619.1238236,-2186974890.56232
1392,2454035.1009449484,-5864871367.352267,3564599625.7920604,-2186990659.671455
1393,2454035.350966232,-5864550539.201373,3564002179.6806087,-2187009023.2416015
1394,2454035.600987504,-5864233881.010529,3563400105.971725,-2187024697.854914
1395,2454035.8510091743,-5863908119.788112,3562793656.13061,-2187037797.7073913
1396,2454036.101030939,-5863573586.585784,3562195023.7717066,-2187053605.2381253
1397,2454036.3510523876,-5863243566.28422,3561603873.368196,-2187071960.826612
1398,2454036.601073829,-5862917628.416575,3561008034.8586445,-2187087583.428405
1399,2454036.851095669,-5862582506.760349,3560407968.960187,-2187100678.1197057
1400,2454037.1011175946,-5862238760.943246,3559815862.1340566,-2187116524.220945
1401,2454037.3511392027,-5861899667.5283575,3559231169.053791,-2187134871.2949533
1402,2454037.6011608075,-5861564567.940272,3558641727.994845,-2187150442.2338557
1403,2454037.8511828096,-5861220206.608914,3558048208.770094,-2187163532.934337
1404,2454038.10120489,-5860867371.527236,3557462787.062657,-2187179418.0380163
1405,2454038.35122665,-5860519326.964099,3556884707.8910494,-2187197756.36668
1406,2454038.6012484115,-5860175186.37953,3556301821.4521184,-2187213276.3105173
1407,2454038.851270569,-5859821708.724061,3555715006.4443636,-2187226364.498851
1408,2454039.1012927974,-5859459910.065056,3555136424.1607137,-2187242289.334404
1409,2454039.3513147035,-5859103038.391607,3554565110.182499,-2187260618.9996214
1410,2454039.6013366147,-5858749979.398106,3553988930.221964,-2187276088.941739
1411,2454039.8513589217,-5858387510.407212,3553408971.6068077,-2187289176.4061985
1412,2454040.101381291,-5858016875.190622,3552837377.649978,-2187305141.996352
1413,2454040.351403336,-5857651301.466171,3552272974.7955995,-2187323463.3820815
1414,2454040.601425391,-5857289447.419576,3551703647.8831787,-2187338884.623048
1415,2454040.8514478407,-5856918112.584175,3551130692.5767064,-2187351973.435022
1416,2454041.1014703447,-5856538767.993326,3550566230.652666,-2187367981.0606093
1417,2454041.3514925223,-5856164617.105898,3550008879.8097773,-2187386294.807963
1418,2454041.601514715,-5855794090.924397,3549446547.652495,-2187401668.8997626
1419,2454041.8515373,-5855414015.0298195,3548880737.8598824,-2187414761.346801
1420,2454042.1015599323,-5855026087.216845,3548323547.1565337,-2187430812.4687185
1421,2454042.351582236,-5854643482.719166,3547773384.984103,-2187449119.3861394
1422,2454042.6016045595,-5854264405.767937,3547218185.377064,-2187464448.029988
1423,2454042.8516272744,-5853875711.845705,3546659659.6798806,-2187477546.5017986
1424,2454043.101650029,-5853479324.971049,3546109876.0884323,-2187493642.6363726
1425,2454043.351672453,-5853088388.229505,3545567036.3652916,-2187511943.564909
1426,2454043.601694901,-5852700879.5993395,3545019104.6561203,-2187527228.4667573
1427,2454043.851717739,-5852303688.353542,3544467999.5786343,-2187540335.302648
1428,2454044.101740609,-5851898964.177671,3543925757.344945,-2187556477.863624
1429,2454044.351763147,-5851499814.145434,3543390372.685082,-2187574773.5153723
1430,2454044.601785714,-5851103990.618703,3542849843.528382,-2187590016.2221823
1431,2454044.851808669,-5850698420.591402,3542306295.3051553,-2187603133.5476184
1432,2454045.1018316485,-5850285478.843165,3541771728.783568,-2187619323.686444
1433,2454045.3518542945,-5849878232.631248,3541243932.3475595,-2187637614.4911747
1434,2454045.601876974,-5849474209.449348,3540710941.3448453,-2187652816.2455435
1435,2454045.85190004,-5849060377.972333,3540175087.4622793,-2187665945.8369265
1436,2454046.101923123,-5848639337.469623,3539648332.534698,-2187682184.3205137
1437,2454046.351945871,-5848224111.618113,3539128259.3040733,-2187700470.3185005
1438,2454046.6019686568,-5847812003.880381,3538602944.1140547,-2187715631.967376
1439,2454046.851991828,-5847390028.575172,3538074924.242574,-2187728775.177372
1440,2454047.1020150078,-5846961008.799029,3537556119.064005,-2187745062.331139
1441,2454047.3520378512,-5846537920.898647,3537043906.394962,-2187763343.134368
1442,2454047.6020607376,-5846117845.203534,3536526407.0940604,-2187778465.1078277
1443,2454047.852084007,-5845687845.614425,3536006363.259984,-2187791622.8608513
1444,2454048.1021072776,-5845250968.309393,3535495648.251131,-2187807958.580183
1445,2454048.3521302105,-5844820138.547948,3534991435.6992826,-2187826233.398682
1446,2454048.602153191,-5844392214.466009,3534481894.4519773,-2187841315.749452
1447,2454048.852176552,-5843954313.442333,3533969970.5705013,-2187854488.5926285
1448,2454049.102199907,-5843509703.895535,3533467487.832828,-2187870872.4036427
1449,2454049.3522229227,-5843071256.225883,3532971416.469183,-2187889140.1142697
1450,2454049.6022459907,-5842635607.350564,3532469976.7628136,-2187904182.592601
1451,2454049.8522694376,-5842189931.976452,3531966317.810642,-2187917370.775094
1452,2454050.1022928697,-5841737719.826857,3531472210.2559886,-2187933801.9169884
1453,2454050.3523159623,-5841291782.659463,3530984421.7698135,-2187952061.147135
1454,2454050.602339111,-5840848537.187419,3530491227.5046434,-2187967063.2843804
1455,2454050.852362636,-5840395219.255232,3529995978.6108427,-2187980266.839913
1456,2454051.102386139,-5839935538.868169,3529510389.0655937,-2187996744.345685
1457,2454051.3524093013,-5839482245.356467,3529031024.8914227,-2188014993.551197
1458,2454051.602432524,-5839031536.292695,3528546219.5371513,-2188029954.7340107
1459,2454051.8524561212,-5838570712.436212,3528059525.175405,-2188043173.5511427
1460,2454052.102479688,-5838103702.974419,3527582595.6140847,-2188059696.314006
1461,2454052.3525029127,-5837643191.034139,3527111796.209241,-2188077933.8412337
1462,2454052.602526203,-5837185156.16797,3526635522.127055,-2188092853.368803
1463,2454052.8525498644,-5836716967.802357,3526157525.4831,-2188106087.2437325
1464,2454053.1025734874,-5836242773.138157,3525689396.4416018,-2188122654.0659842
1465,2454053.3525967686,-5835775185.33978,3525227300.7435846,-2188140878.196606
1466,2454053.6026201188,-5835309967.123721,3524759698.6847086,-2188155755.321266
1467,2454053.8526438377,-5834834560.315371,3524290541.193681,-2188169003.9947667
1468,2454054.1026675105,-5834353328.896791,3523831351.343384,-2188185613.6218433
1469,2454054.35269084,-5833878812.3334255,3523378096.37714,-2188203822.6041474
1470,2454054.6027142433,-5833406557.756035,3522919305.1186423,-2188218656.559716
1471,2454054.8527380126,-5832924083.1023035,3522459126.125968,-2188231919.743147
1472,2454055.1027617273,-5832435967.842493,3522009011.956869,-2188248570.8882027
1473,2454055.3527850984,-5831954674.031873,3521564732.5359745,-2188266762.9603195
1474,2454055.602808547,-5831475534.53325,3521114888.5952,-2188281552.9838696
1475,2454055.8528323593,-5830986147.091229,3520663825.080768,-2188294830.3800464
1476,2454056.1028561094,-5830491305.3111,3520222920.632614,-2188311521.744735
1477,2454056.3528795145,-5830003390.153072,3519787749.0935717,-2188329695.1555033
1478,2454056.602903002,-5829517521.596452,3519346986.461182,-2188344440.508035
1479,2454056.852926849,-5829021380.866525,3518905172.7681427,-2188357731.8321867
1480,2454057.1029506265,-5828519974.2895,3518473609.352997,-2188374462.1287622
1481,2454057.3529740586,-5828025598.071544,3518047675.2682743,-2188392615.1609197
1482,2454057.602997577,-5827533160.757077,3517616125.108219,-2188407315.151332
1483,2454057.8530214517,-5827030430.70184,3517183692.628066,-2188420620.156297
1484,2454058.103045249,-5826522625.47593,3516761598.499305,-2188437388.134669
1485,2454058.3530687,-5826021952.896709,3516345028.3281612,-2188455519.1337214
1486,2454058.6030922416,-5825523111.583298,3515922818.608032,-2188470173.14904
1487,2454058.853116137,-5825013960.643512,3515499895.389766,-2188483491.6570487
1488,2454059.1031399462,-5824499927.348596,3515087395.3303304,-2188500296.138729
1489,2454059.353163409,-5823993127.514432,3514680311.985508,-2188518403.5488915
1490,2454059.6031869664,-5823488051.401624,3514267567.0208383,-2188533011.091592
1491,2454059.853210874,-5822972652.459127,3513854277.2937593,-2188546343.0330296
1492,2454060.103234688,-5822452566.047994,3513451492.1193438,-2188563182.951768
1493,2454060.353258155,-5821939812.389898,3513054014.4515457,-2188581265.3581843
1494,2454060.6032817205,-5821428675.007393,3512650854.372348,-2188595826.0892406
1495,2454060.8533056322,-5820907205.243057,3512247317.9972687,-2188609171.5464454
1496,2454061.103329443,-5820381244.865665,3511854363.9956207,-2188626045.9930353
1497,2454061.353352906,-5819862714.928566,3511466606.223214,-2188644102.1672163
1498,2454061.6033764724,-5819345693.887804,3511073146.396267,-2188658615.951394
1499,2454061.853400381,-5818818334.492761,3510679478.2842536,-2188671975.203509
1500,2454062.1034241803,-5818286683.1662245,3510296466.634833,-2188688883.4703584
1501,2454062.3534476324,-5817762558.237802,3509918537.7676787,-2188706912.4140754
1502,2454062.603471191,-5817239834.818726,3509534888.2274017,-2188721379.362354
1503,2454062.853495089,-5816706770.537902,3509151197.781988,-2188734752.925993
1504,2454063.103518869,-5816169614.647573,3508778234.014346,-2188751694.5460715
1505,2454063.3535423023,-5815640079.218704,3508410237.3315334,-2188769695.52824
1506,2454063.6035658456,-5815111837.790092,3508036502.279698,-2188784116.0319595
1507,2454063.8535897243,-5814573256.302827,3507662892.922586,-2188797504.692366
1508,2454064.1036134777,-5814030784.94546,3507300076.472264,-2188814479.4674263
1509,2454064.353636884,-5813496026.01888,3506942109.1106896,-2188832452.049097
1510,2454064.603660405,-5812962453.314249,3506578386.5394044,-2188846826.801237
1511,2454064.8536842573,-5812418544.478646,3506214955.370832,-2188860231.629679
1512,2454065.1037079757,-5811870948.67805,3505862379.2804394,-2188877239.64386
1513,2454065.353731348,-5811331154.958891,3505514531.978119,-2188895183.687813
1514,2454065.6037548385,-5810792439.243792,3505160913.456085,-2188909513.688185
1515,2454065.853778656,-5810243394.24214,3504807751.0862546,-2188922936.0428
1516,2454066.1038023327,-5809690866.075737,3504465501.884677,-2188939977.6592064
1517,2454066.3538256628,-5809146227.082563,3504127858.908578,-2188957893.3219357
1518,2454066.6038491153,-5808602557.251732,3503784429.5580044,-2188972179.864348
1519,2454066.8538728906,-5808048567.675066,3503441620.1351776,-2188985621.3726187
1520,2454067.1038965173,-5807491299.348804,3503109777.9194064,-2189002697.211164
1521,2454067.3539197985,-5806942004.482162,3502782417.2021213,-2189020584.915669
1522,2454067.6039432054,-5806393569.123537,3502449255.8911123,-2189034829.555343
1523,2454067.853966931,-5805834826.032833,3502116877.352266,-2189048292.0764003
1524,2454068.103990501,-5805273008.943147,3501795516.0994368,-2189065402.9710236
1525,2454068.354013725,-5804719246.552636,3501478509.6143866,-2189083263.358375
1526,2454068.6040370795,-5804166233.022684,3501155689.396734,-2189097467.8574824
1527,2454068.854060748,-5803602926.035843,3500833813.9748454,-2189110953.421886
1528,2454069.1040842533,-5803036749.87397,3500523002.1202435,-2189128100.354776
1529,2454069.354107414,-5802478706.386542,3500216416.532035,-2189145934.2121778
1530,2454069.6041307086,-5801921299.968401,3499904005.370792,-2189160100.461295
1531,2454069.854154313,-5801353616.45453,3499592700.393324,-2189173611.186427
1532,2454070.1041777465,-5800783268.445584,3499292501.70518,-2189190795.197819
1533,2454070.3542008363,-5800221127.659075,3498996399.319824,-2189208603.3624344
1534,2454070.604224064,-5799659510.919186,3498694461.1107054,-2189222733.278156
1535,2454070.854247597,-5799087635.427198,3498393790.093956,-2189236271.2605286
1536,2454071.1042709523,-5798513299.841498,3498104264.8352723,-2189253493.336819
1537,2454071.354293965,-5797947242.529721,3497818704.8231826,-2189271276.5798054
1538,2454071.604317119,-5797381595.025859,3497527300.67045,-2189285371.98486
1539,2454071.854340574,-5796805709.10382,3497237324.639588,-2189298939.177713
1540,2454072.1043638433,-5796227567.1966305,3496958530.922019,-2189316200.128325
1541,2454072.3543867716,-5795657771.177594,3496683570.6924696,-2189333959.0318217
1542,2454072.604409845,-5795088269.660509,3496402760.2890706,-2189348021.532769
1543,2454072.8544332148,-5794508552.193374,3496123539.148954,-2189361619.626192
1544,2454073.104456392,-5793926782.680687,3495855534.278536,-2189378919.96832
1545,2454073.3544792295,-5793353423.43032,3495591230.7826877,-2189396654.816123
1546,2454073.604502216,-5792780242.591116,3495321073.652542,-2189410685.7007437
1547,2454073.8545254944,-5792196870.674379,3495052667.3529468,-2189424316.0272717
1548,2454074.104548573,-5791611650.7243805,3494795508.9029155,-2189441655.9016466
1549,2454074.3545713127,-5791034902.475166,3494541919.5986886,-2189459366.606285
1550,2454074.604594205,-5790458216.136542,3494282475.9397283,-2189473366.782366
1551,2454074.854617385,-5789871366.343163,3494024945.186346,-2189487030.268235
1552,2454075.104640358,-5789282872.902044,3493778691.5685577,-2189504409.4038177
1553,2454075.3546629935,-5788702910.010124,3493535874.8460464,-2189522095.484962
1554,2454075.6046857857,-5788122892.514803,3493287205.805988,-2189536065.4720745
1555,2454075.85470886,-5787532742.284846,3493040612.187664,-2189549762.6420546
1556,2454076.104731721,-5786941153.449657,3492805322.635318,-2189567180.373653
1557,2454076.3547542454,-5786358151.733973,3492573337.660091,-2189584840.9877744
1558,2454076.6047769305,-5785774979.233137,3492335505.0477633,-2189598780.95786
1559,2454076.8547998928,-5785181708.096013,3492099910.627056,-2189612511.9856815
1560,2454077.1048226343,-5784587204.25893,3491875644.677703,-2189629967.313105
1561,2454077.3548450414,-5784001342.058374,3491654550.7790513,-2189647601.3199334
1562,2454077.6048676125,-5783415193.473157,3491427616.371303,-2189661511.169562
1563,2454077.8548904555,-5782818983.907202,3491203082.9256983,-2189675275.9548416
1564,2454078.104913071,-5782221748.511113,3490989899.6125593,-2189692767.6231976
1565,2454078.354935353,-5781633207.336214,3490779755.438588,-2189710373.6677876
1566,2454078.604957803,-5781044264.905941,3490563780.112131,-2189724253.1007686
1567,2454078.85498052,-5780445302.785545,3490350368.2562327,-2189738051.351372
1568,2454079.105003002,-5779845522.6755295,3490148325.2332325,-2189755577.9323387
1569,2454079.3550251536,-5779254487.471026,3489949187.8884645,-2189773154.524034
1570,2454079.605047475,-5778662936.933041,3489744230.7781134,-2189787003.127183
1571,2454079.8550700587,-5778061411.632481,3489541999.1507077,-2189800834.431682
1572,2454080.1050924007,-5777459277.092528,3489351151.9152937,-2189818394.3924193
1573,2454080.3551144134,-5776865936.216129,3489163076.2231746,-2189835939.9694448
1574,2454080.6051366,-5776271966.7340765,3488969194.0266266,-2189849757.272441
1575,2454080.855159043,-5775668071.012728,3488778198.640552,-2189863621.1556344
1576,2454081.1051812377,-5775063775.616581,3488598599.9304104,-2189881212.9102407
1577,2454081.3552031047,-5774468320.663736,3488421637.8762302,-2189898725.8867264
1578,2454081.605225149,-5773872124.632462,3488238884.3415613,-2189912511.404552
1579,2454081.855247444,-5773266054.4254055,3488059178.1148906,-2189926407.3660064
1580,2454082.105269484,-5772659794.819561,3487890877.481353,-2189944029.3107796
1581,2454082.3552911985,-5772062420.404946,3487725077.82445,-2189961508.10858
1582,2454082.6053130934,-5771464193.234201,3487553503.397239,-2189975261.369884
1583,2454082.8553352333,-5770856147.441382,3487385135.8325725,-2189989188.909664
1584,2454083.1053571114,-5770248123.143978,3487228179.3490667,-2190006839.44692
1585,2454083.355378666,-5769649026.713623,3487073587.355764,-2190024282.5174274
1586,2454083.6054004044,-5769048966.654878,3486913238.931872,-2190038003.0843773
1587,2454083.855422382,-5768439146.983561,3486756255.8856053,-2190051961.721752
1588,2454084.105444091,-5767829560.244508,3486610685.9299426,-2190069639.278127
1589,2454084.3554654783,-5767228941.955087,3486467343.1640587,-2190087045.1201324
1590,2454084.605487053,-5766627249.99938,3486318263.8836064,-2190100732.6057835
1591,2454084.8555088607,-5766015860.87955,3486172707.360069,-2190114721.8968616
1592,2454085.1055303933,-5765404916.613547,3486038562.4056134,-2190132424.941957
1593,2454085.3555516065,-5764802979.282856,3485906506.512203,-2190149792.121217
1594,2454085.6055730097,-5764199859.126347,3485768735.5314717,-2190163446.2098613
1595,2454085.8555946406,-5763587107.6885,3485634643.4403844,-2190177465.769394
1596,2454086.10561599,-5762975013.463765,3485511957.7965446,-2190195192.8397217
1597,2454086.355637022,-5762371962.568321,3485391222.221569,-2190212520.014813
1598,2454086.605658246,-5761767620.614735,3485264794.4086056,-2190226140.489549
1599,2454086.8556796927,-5761153716.693058,3485142200.2350526,-2190240190.0207934
1600,2454087.105700851,-5760540682.7322,3485031003.6901655,-2190257939.7523923
1601,2454087.3557216944,-5759936726.402374,3484921617.293985,-2190275225.709822
1602,2454087.6057427335,-5759331371.747094,3484806562.810945,-2190288812.4897666
1603,2454087.855763988,-5758716527.846983,3484695495.1667104,-2190302891.82409
1604,2454088.105784948,-5758102766.973849,3484595812.5090275,-2190320662.994911
1605,2454088.355805596,-5757498115.915698,3484497799.0568166,-2190337906.6938195
1606,2454088.6058264417,-5756891960.236497,3484394142.8203974,-2190351459.8804865
1607,2454088.8558474975,-5756276391.388184,3484294624.8772097,-2190365569.0254846
1608,2454089.1058682515,-5755662118.840115,3484206475.3042855,-2190383360.605351
1609,2454089.355888697,-5755056986.102064,3484119852.85413,-2190400561.228635
1610,2454089.6059093424,-5754450243.374587,3484027613.905951,-2190414081.1573896
1611,2454089.855930192,-5753834166.792448,3483939662.753976,-2190428220.348413
1612,2454090.1059507336,-5753219599.820607,3483863059.225527,-2190446031.550432
1613,2454090.3559709685,-5752614200.332346,3483787839.4810066,-2190463188.555227
1614,2454090.605991407,-5752007086.304285,3483707030.346185,-2190476675.843842
1615,2454090.8560120426,-5751390720.794064,3483630656.366925,-2190490845.5901523
1616,2454091.1060323645,-5750776078.004062,3483565605.000373,-2190508675.9140944
1617,2454091.3560523824,-5750170627.851756,3483501792.7358155,-2190525789.07151
1618,2454091.6060726065,-5749563359.253237,3483432418.8853,-2190539244.6553063
1619,2454091.8560930216,-5748946924.359489,3483367625.2598753,-2190553445.770106
1620,2454092.106113117,-5748332424.800528,3483314124.8930926,-2190571295.026915
1621,2454092.356132911,-5747727140.263159,3483261717.5771,-2190588364.4403305
1622,2454092.6061529135,-5747119933.795103,3483203777.1179905,-2190601789.5835857
1623,2454092.8561731013,-5746503648.747548,3483150559.5912857,-2190616023.188274
1624,2454093.1061929627,-5745889510.825175,3483108601.6263676,-2190633891.496961
1625,2454093.356212526,-5745284607.262472,3483067589.348407,-2190650917.5910845
1626,2454093.606232301,-5744677678.467289,3483021073.0358205,-2190664313.868089
1627,2454093.856252254,-5744061761.042497,3482979420.016586,-2190678581.365557
1628,2454094.1062718756,-5743448201.381367,3482948988.6096926,-2190696469.1187844
1629,2454094.3562912014,-5742843892.107162,3482919354.358467,-2190713452.597386
1630,2454094.6063107415,-5742237454.260387,3482884245.960465,-2190726821.842601
1631,2454094.8563304534,-5741622119.699626,3482854138.9714036,-2190741124.860553
1632,2454095.106349828,-5741009352.096371,3482835211.56537,-2190759032.6615057
1633,2454095.356368911,-5740405847.374292,3482816931.839003,-2190775974.43784
1634,2454095.60638821,-5739800110.528723,3482793208.819096,-2190789318.6704135
1635,2454095.8564076745,-5739185570.63572,3482774623.247333,-2190803658.9810605
1636,2454096.1064267964,-5738573805.21645,3482767171.385118,-2190821587.558926
1637,2454096.3564456296,-5737971311.4820175,3482760217.0609655,-2190838488.6669936
1638,2454096.606464681,-5737366481.756945,3482747851.497749,-2190851809.99828
1639,2454096.8564838925,-5736752944.256616,3482740757.559169,-2190866189.4233594
1640,2454097.1065027555,-5736142386.90844,3482744747.8876004,-2190884139.5365744
1641,2454097.3565213336,-5735541106.275744,3482749085.2588143,-2190901001.0324154
1642,2454097.6065401323,-5734937385.439071,3482748044.9092817,-2190914301.565629
1643,2454097.856559084,-5734325053.635547,3482752408.734065,-2190928721.8756385
1644,2454098.1065776823,-5733715905.742268,3482767804.1068316,-2190946694.211451
1645,2454098.3565959986,-5733116035.818401,3482783395.9969816,-2190963517.072797
1646,2454098.606614539,-5732513621.17923,3482793645.4174047,-2190976798.8028584
1647,2454098.8566332255,-5731902693.926325,3482809430.1730223,-2190991261.6182156
1648,2454099.1066515534,-5731295152.417992,3482836190.7713327,-2191009256.6960087
1649,2454099.3566696034,-5730696886.432323,3482862997.6469307,-2191026041.727589
1650,2454099.606687879,-5730095971.04897,3482884499.291689,-2191039306.448422
1651,2454099.856706295,-5729486643.036133,3482911666.263542,-2191053813.1498036
1652,2454100.1067243475,-5728880900.75348,3482949750.65338,-2191071831.2354574
1653,2454100.3567421255,-5728284428.000352,3482987731.651037,-2191088578.987364
1654,2454100.6067601317,-5727685201.198966,3483020446.8632097,-2191101828.2142973
1655,2454100.8567782715,-5727077663.543604,3483058956.4032683,-2191116379.87006
1656,2454101.106796043,-5726473909.902666,3483108322.435956,-2191134420.9094086
1657,2454101.356813544,-5725879416.475699,3483157436.207335,-2191151131.616772
1658,2454101.606831275,-5725282064.649405,3483201326.0010557,-2191164366.532472
1659,2454101.856849133,-5724676505.755422,3483251138.242141,-2191178963.8516088
1660,2454102.106866618,-5724074927.660815,3483311743.6948605,-2191197027.4313035
1661,2454102.356883837,-5723482597.41499,3483371948.9667325,-2191213700.98324
1662,2454102.606901288,-5722887305.026285,3483426974.5012145,-2191226922.414685
1663,2454102.8569188593,-5722283911.618025,3483488049.7417355,-2191241565.7322164
1664,2454103.1069360534,-5721684694.520556,3483559852.610064,-2191259651.074003
1665,2454103.3569529844,-5721094710.144549,3483631108.3811994,-2191276287.0166855
1666,2454103.60697015,-5720501660.801393,3483697231.060394,-2191289495.44671
1667,2454103.85698743,-5719900618.992925,3483769529.7680073,-2191304184.743683
1668,2454104.107004327,-5719303947.943087,3483852488.1754117,-2191322290.732699
1669,2454104.357020966,-5718716491.987468,3483934753.5335336,-2191338888.3053613
1670,2454104.6070378404,-5718125869.435641,3484011934.7340803,-2191352083.915812
1671,2454104.857054823,-5717527365.677938,3484095417.1909795,-2191366818.8691616
1672,2454105.1070714183,-5716933426.220905,3484189488.958237,-2191384944.1098094
1673,2454105.3570877593,-5716348681.934337,3484282722.5797296,-2191401502.3056808
1674,2454105.6071043387,-5715760670.827683,3484370923.088553,-2191414685.0425916
1675,2454105.857121018,-5715164892.607674,3484465548.776664,-2191429465.0939655
1676,2454106.107137307,-5714573871.408693,3484570690.7642527,-2191447607.9815335
1677,2454106.3571533454,-5713992023.287804,3484674850.2219887,-2191464125.6210394
1678,2454106.6071696235,-5713406809.660545,3484774029.518349,-2191477295.2685957
1679,2454106.857185995,-5712813945.895668,3484879756.385785,-2191492119.6987357
1680,2454107.1072019716,-5712226031.059448,3484995923.7538643,-2191510278.4933705
1681,2454107.357217702,-5711647265.095856,3485110964.7778955,-2191526754.296545
1682,2454107.6072336743,-5711065036.539491,3485221080.3020225,-2191539910.547413
1683,2454107.857249733,-5710475277.688465,3485337864.0474324,-2191554778.5443444
1684,2454108.107265392,-5709890658.809719,3485465009.5622735,-2191572951.4366426
1685,2454108.3572808094,-5709315162.486082,3485590885.3725247,-2191589384.0852413
1686,2454108.60729647,-5708736108.095712,3485711891.888394,-2191602526.598896
1687,2454108.8573122104,-5708149646.060698,3485839685.3580766,-2191617437.312841
1688,2454109.107327547,-5707568514.089356,3485977758.826329,-2191635622.4753075
1689,2454109.357342646,-5706996476.214153,3486114419.6046634,-2191652010.6601987
1690,2454109.60735799,-5706420786.39765,3486246268.7102623,-2191665139.106184
1691,2454109.8573734066,-5705837814.313247,3486385021.4476347,-2191680091.6893835
1692,2454110.1073884154,-5705260361.329896,3486533969.304715,-2191698287.313061
1693,2454110.3574031917,-5704691971.804767,3486681361.8200374,-2191714629.7672734
1694,2454110.6074182135,-5704119838.045677,3486824001.60714,-2191727743.8547926
1695,2454110.8574333014,-5703540550.041439,3486973659.5459495,-2191742737.4884973
1696,2454111.1074479776,-5702966969.024511,3487133424.5802913,-2191760941.8077745
1697,2454111.3574624253,-5702402418.61982,3487291491.9398756,-2191777237.32885
1698,2454111.60747712,-5701834033.263142,3487444866.7690263,-2191790336.8268814
1699,2454111.857491874,-5701258624.26184,3487605372.029481,-2191805370.7401404
1700,2454112.1075062123,-5700689108.901507,3487775893.1964207,-2191823582.050723
1701,2454112.357520327,-5700128589.087745,3487944574.6728644,-2191839829.5176873
1702,2454112.60753469,-5699564145.188909,3488108625.0091844,-2191852914.2711253
1703,2454112.8575491044,-5698992810.773373,3488279915.7396626,-2191867987.756987
1704,2454113.1075631,-5698427555.357554,3488461128.00544,-2191886204.432715
1705,2454113.357576876,-5697871258.210704,3488640358.877949,-2191902402.82332
1706,2454113.6075909017,-5697310949.4584465,3488815021.1255116,-2191915472.770761
1707,2454113.857604972,-5696743885.810518,3488997031.3271375,-2191930585.2054577
1708,2454114.10761862,-5696183085.179464,3489188865.480039,-2191948805.7193775
1709,2454114.357632053,-5695631203.349353,3489378576.8274918,-2191964954.132821
1710,2454114.6076457365,-5695075224.044206,3489563783.100573,-2191978009.3310275
1711,2454114.857659458,-5694512627.930086,3489756442.374294,-2191993160.200921
1712,2454115.1076727533,-5693956477.466174,3489958824.7446623,-2192011383.1550994
1713,2454115.3576858384,-5693409204.166977,3490158943.134738,-2192027480.844391
1714,2454115.607699175,-5692857749.206812,3490354620.913459,-2192040521.5031147
1715,2454115.857712542,-5692299817.952388,3490557854.0812473,-2192055710.44252
1716,2454116.10772548,-5691748513.540863,3490770706.127014,-2192073934.609143
1717,2454116.3577382127,-5691206042.491611,3490981153.1641865,-2192089981.0249586
1718,2454116.6077511976,-5690659307.284483,3491187224.8046236,-2192103007.553179
1719,2454116.857764206,-5690106238.653533,3491400951.383444,-2192118234.3932633
1720,2454117.1077767815,-5689559976.520337,3491624189.1297064,-2192136458.7661214
1721,2454117.357789157,-5689022501.735564,3491844880.861925,-2192152453.610116
1722,2454117.6078017857,-5688480681.93493,3492061262.9733667,-2192165466.670507
1723,2454117.8578144303,-5687932673.801776,3492285396.528887,-2192180731.4946785
1724,2454118.1078266394,-5687391650.118121,3492518929.9041567,-2192198955.3450675
1725,2454118.357838653,-5686859365.438417,3492749776.1476803,-2192214898.625191
1726,2454118.6078509204,-5686322656.393088,3492976378.914339,-2192227899.187794
1727,2454118.857863197,-5685779906.107274,3493210826.3901796,-2192243202.3831
1728,2454119.107875035,-5685244316.266909,3493454558.5739317,-2192261425.30809
1729,2454119.3578866827,-5684717414.547065,3493695462.289577,-2192277317.3824453
1730,2454119.607898585,-5684186010.398826,3493932188.8876247,-2192290306.7628922
1731,2454119.8579104887,-5683648713.79351,3494176850.0771427,-2192305649.0516715
1732,2454120.107921952,-5683118751.336516,3494430677.039542,-2192323870.998211
1733,2454120.357933229,-5682597423.290492,3494681533.952072,-2192339712.590392
1734,2454120.6079447614,-5682071515.7466955,3494928280.2609553,-2192352692.4555044
1735,2454120.857956289,-5681539865.848488,3495183047.623313,-2192368074.8906317
1736,2454121.1079673725,-5681015721.121284,3495446858.0565343,-2192386296.139641
1737,2454121.357978276,-5680500153.945904,3495707556.708805,-2192402088.310957
1738,2454121.607989435,-5679979930.880738,3495964211.495009,-2192415060.6389666
1739,2454121.8580005816,-5679454116.504787,3496228970.4743476,-2192430484.5522275
1740,2454122.1080112825,-5678935975.267248,3496502646.2495284,-2192448705.6550756
1741,2454122.358021808,-5678426351.278907,3496773068.5957246,-2192464449.729163
1742,2454122.60803259,-5677911995.415894,3497039514.239064,-2192477416.723316
1743,2454122.8580433526,-5677392199.910927,3497314144.1193056,-2192492883.629287
1744,2454123.108053667,-5676880242.16099,3497597561.261897,-2192511105.302695
1745,2454123.358063812,-5676376737.714241,3497877583.7519903,-2192526802.7521334
1746,2454123.6080742134,-5675868425.650248,3498153697.4266176,-2192539766.720626
1747,2454123.858084589,-5675354826.038445,3498438072.5960474,-2192555278.1919875
1748,2454124.1080945134,-5674849225.277157,3498731102.6189117,-2192573501.1900415
1749,2454124.358104274,-5674352010.160678,3499020597.5833716,-2192589153.5058384
1750,2454124.608114292,-5673849911.894825,3499306252.677817,-2192602116.7304764
1751,2454124.858124277,-5673342678.534501,3499600244.0692306,-2192617674.2681026
1752,2454125.1081338096,-5672843601.562129,3499902755.4173455,-2192635899.2549467
1753,2454125.358143184,-5672352838.924624,3500201592.500825,-2192651507.8222885
1754,2454125.6081528156,-5671857117.907505,3500496660.027109,-2192664472.4384294
1755,2454125.8581624073,-5671356414.6587,3500800136.4910903,-2192680077.35726
1756,2454126.108171545,-5670864021.849657,3501111995.868425,-2192698304.799754
1757,2454126.35818053,-5670379868.575208,3501420043.300414,-2192713870.7972674
1758,2454126.608189773,-5669890682.173963,3501724393.101179,-2192726838.7
1759,2454126.858198969,-5669396666.943336,3502037222.544943,-2192742492.043204
1760,2454127.1082077096,-5668911112.862288,3502358295.980888,-2192760722.133464
1761,2454127.358216303,-5668433720.248231,3502675421.566017,-2192776246.4634905
1762,2454127.6082251547,-5667951220.475884,3502988923.227147,-2192789219.2453566
1763,2454127.8582339524,-5667464045.988898,3503310973.4500413,-2192804921.7299976
1764,2454128.108242294,-5666985480.199047,3503641127.058133,-2192823154.3390775
1765,2454128.358250493,-5666514994.7931795,3503967198.858119,-2192838637.5886064
1766,2454128.6082589515,-5666039329.167185,3504289722.315605,-2192851616.507261
1767,2454128.8582673497,-5665559143.842158,3504620861.543846,-2192867368.4988546
1768,2454129.108275289,-5665087711.790864,3504959961.986413,-2192885603.1581616
1769,2454129.358283093,-5664624276.284166,3505294848.715781,-2192901045.586454
1770,2454129.6082911557,-5664155588.721029,3505626264.58477,-2192914031.557988
1771,2454129.858299151,-5663682537.562086,3505966361.7371216,-2192929833.0695863
1772,2454130.1083066873,-5663218381.470041,3506314276.429599,-2192948068.975676
1773,2454130.3583140937,-5662762135.579106,3506657847.599372,-2192963470.524274
1774,2454130.6083217585,-5662300567.266096,3506998027.259113,-2192976464.138067
1775,2454130.8583293497,-5661834792.721416,3507346951.9759526,-2192992314.84999
1776,2454131.1083364803,-5661378052.425934,3507703549.0616245,-2193010550.889079
1777,2454131.358343487,-5660929133.718528,3508055674.9001718,-2193025911.210655
1778,2454131.6083507524,-5660474823.917575,3508404490.362696,-2193038912.7623725
1779,2454131.858357937,-5660016466.6589775,3508762112.8254547,-2193054812.0593414
1780,2454132.1083646608,-5659567280.367608,3509127260.947383,-2193073046.848315
1781,2454132.358371266,-5659125824.987387,3509487812.1257005,-2193088365.351115
1782,2454132.6083781295,-5658678911.726882,3509845135.71682,-2193101374.890374
1783,2454132.8583849063,-5658228111.306028,3510211326.2884016,-2193117321.9123893
1784,2454133.1083912207,-5657786616.21572,3510584894.1920466,-2193135553.852448
1785,2454133.358397423,-5657352759.461644,3510953741.3904963,-2193150829.7560787
1786,2454133.608403883,-5656913380.072673,3511319445.2841644,-2193163847.144221
1787,2454133.858410249,-5656470275.412267,3511694074.015794,-2193179840.8462496
1788,2454134.108416153,-5656036608.154987,3512075930.0321474,-2193198068.183916
1789,2454134.3584219497,-5655610484.87994,3512452943.4029427,-2193213300.580933
1790,2454134.6084280047,-5655178776.3458395,3512826899.067503,-2193226325.552999
1791,2454134.858433959,-5654743506.039899,3513209835.1341977,-2193242364.7673335
1792,2454135.10843945,-5654317802.934837,3513599846.608879,-2193260585.6565766
1793,2454135.35844484,-5653899547.750151,3513984895.20217,-2193275773.573543
1794,2454135.608450488,-5653475646.863276,3514366972.8278203,-2193288805.7981257
1795,2454135.858456028,-5653048349.287836,3514758083.9624276,-2193304889.293166
1796,2454136.108461105,-5652630746.409158,3515156116.7000985,-2193323101.8525815
1797,2454136.358466087,-5652220493.711598,3515549067.9213867,-2193338244.304857
1798,2454136.6084713256,-5651804537.0612,3515939135.894009,-2193351283.4364843
1799,2454136.85847645,-5651385350.326354,3516338287.8813457,-2193367409.9670534
1800,2454137.108481111,-5650975983.423873,3516744205.6625133,-2193385612.3277593
1801,2454137.358485683,-5650573867.288322,3517144924.8131523,-2193400708.364317
1802,2454137.608490511,-5650165991.127769,3517542849.280222,-2193413754.0852814
1803,2454137.8584952177,-5649755052.9234295,3517949905.5504746,-2193429922.432037
1804,2454138.1084994613,-5649354057.2518425,3518363569.7528563,-2193448112.774527
1805,2454138.3585036215,-5648960211.247551,3518771919.6785617,-2193463161.5117145
1806,2454138.6085080374,-5648560551.300196,3519177564.224708,-2193476213.5630074
1807,2454138.858512325,-5648157998.695331,3519592385.5563073,-2193492422.561241
1808,2454139.1085161497,-5647765508.811348,3520013654.8837004,-2193510599.14211
1809,2454139.3585198964,-5647380065.799917,3520429495.72698,-2193525599.787917
1810,2454139.6085238983,-5646988757.059673,3520842721.148329,-2193538657.991352
1811,2454139.858527766,-5646594726.308378,3521265165.463084,-2193554906.551821
1812,2454140.10853117,-5646210875.8857975,3521693895.7586656,-2193573067.7234526
1813,2454140.3585345023,-5645833967.84698,3522117084.78656,-2193588019.5957747
1814,2454140.608538089,-5645451144.415409,3522537748.930337,-2193601083.871194
1815,2454140.8585415343,-5645065770.806893,3522967671.142832,-2193617370.997127
1816,2454141.108544517,-5644690692.501531,3523403715.244821,-2193635515.224736
1817,2454141.3585474333,-5644322450.41345,3523834106.7065535,-2193650417.768202
1818,2454141.608550603,-5643948245.394304,3524262064.3274813,-2193663488.150485
1819,2454141.858553625,-5643571663.161719,3524699316.1976485,-2193679812.9555826
1820,2454142.1085561845,-5643205488.534982,3525142523.7843328,-2193697938.8364997
1821,2454142.358558684,-5642846042.311095,3525579968.7441745,-2193712791.6428084
1822,2454142.608561436,-5642480587.757955,3526015071.321836,-2193725868.303527
1823,2454142.8585640336,-5642112930.0348215,3526459501.254401,-2193742230.035773
1824,2454143.108566169,-5641755789.517507,3526909718.621985,-2193760336.325606
1825,2454143.3585682507,-5641405267.974389,3527354064.7112513,-2193775139.1617436
1826,2454143.608570583,-5641048694.857567,3527796160.1735973,-2193788222.439671
1827,2454143.858572755,-5640690093.639947,3528247612.911391,-2193804620.514751
1828,2454144.1085744654,-5640342116.48599,3528704682.634407,-2193822706.163806
1829,2454144.3585761283,-5640000647.282888,3529155773.6760936,-2193837459.01103
1830,2454144.6085780403,-5639653085.4078,3529604705.987339,-2193850549.4537077
1831,2454144.8585797856,-5639303671.445328,3530063022.1628113,-2193866983.499521
1832,2454145.10858107,-5638964985.589573,3530526782.609013,-2193885047.700073
1833,2454145.3585823127,-5638632695.045218,3530984458.096133,-2193899750.803316
1834,2454145.608583804,-5638294272.819363,3531440066.7009616,-2193912849.2181587
1835,2454145.858585122,-5637954175.324619,3531905082.250531,-2193929319.1275306
1836,2454146.10858598,-5637624907.027671,3532375366.9697204,-2193947361.3676515
1837,2454146.358586802,-5637301919.692346,3532839461.433454,-2193962015.289356
1838,2454146.6085878713,-5636972763.615729,3533301580.612353,-2193975122.7966304
1839,2454146.8585887607,-5636642109.666407,3533773126.129193,-2193991628.778785
1840,2454147.1085891915,-5636322382.8234415,3534249763.2135963,-2194009648.891188
1841,2454147.358589593,-5636008820.689061,3534720105.60242,-2194024254.556082
1842,2454147.60859024,-5635689054.461111,3535188563.8836894,-2194037372.628354
1843,2454147.8585907007,-5635367968.002576,3535666464.0786085,-2194053915.2418356
1844,2454148.1085907044,-5635057903.043408,3536149275.6882353,-2194071913.4287724
1845,2454148.3585906844,-5634753884.343873,3536625688.973294,-2194086472.1391892
1846,2454148.6085909083,-5634443627.56898,3537100308.835822,-2194099602.6057873
1847,2454148.8585909405,-5634132228.034495,3537584382.3553925,-2194116182.7508883
1848,2454149.1085905167,-5633831940.471641,3538073184.667178,-2194134159.5631914
1849,2454149.3585900753,-5633537578.173526,3538555485.935981,-2194148672.9635806
1850,2454149.608589877,-5633236944.811332,3539036084.060517,-2194161817.9601035
1851,2454149.85858948,-5632935345.553049,3539526143.90717,-2194178436.813094
1852,2454150.1085886294,-5632644944.417467,3540020747.710528,-2194196393.068647
1853,2454150.3585877675,-5632360344.684619,3540508748.9401603,-2194210863.048269
1854,2454150.6085871467,-5632069441.567892,3540995137.159775,-2194224024.9046245
1855,2454150.8585863216,-5631777748.454309,3541490991.8155036,-2194240683.7924995
1856,2454151.1085850443,-5631497334.998542,3541991203.7994595,-2194258620.438474
1857,2454151.3585837623,-5631222596.023807,3542484713.2925982,-2194273048.9824853
1858,2454151.6085827197,-5630941521.839061,3542976700.16044,-2194286230.065459
1859,2454151.858581467,-5630659832.403238,3543478155.2660503,-2194302930.3027935
1860,2454152.108579764,-5630389499.432597,3543983779.785782,-2194320848.248734
1861,2454152.358578063,-5630124710.961723,3544482603.9978313,-2194335237.269341
1862,2454152.6085766,-5629853555.970489,3544979996.6480103,-2194348439.814899
1863,2454152.858574921,-5629581959.330273,3545486856.8711114,-2194365182.540577
1864,2454153.1085727937,-5629321791.319653,3545997697.79581,-2194383082.5014367
1865,2454153.358570675,-5629067034.956461,3546501643.136347,-2194397433.688579
1866,2454153.608568792,-5628805881.476298,3547004249.0160127,-2194410659.6623454
1867,2454153.858566688,-5628544458.976844,3547516319.6938515,-2194427445.712173
1868,2454154.108564138,-5628294532.858412,3548032181.9425387,-2194445328.0940795
1869,2454154.3585616024,-5628049882.978098,3548541056.189383,-2194459642.8143563
1870,2454154.608559302,-5627798806.400073,3549048684.3410854,-2194472893.824266
1871,2454154.858556774,-5627547632.715128,3549565772.625357,-2194489723.658249
1872,2454155.108553803,-5627308019.043963,3550086463.170387,-2194507588.5002522
1873,2454155.3585508526,-5627073544.002908,3550600076.3307734,-2194521867.7520676
1874,2454155.6085481355,-5626832614.026038,3551112538.114534,-2194535145.016205
1875,2454155.8585451855,-5626591758.400697,3551634453.560294,-2194552018.698828
1876,2454156.1085417955,-5626362522.592001,3552159781.8895097,-2194569865.6647286
1877,2454156.358538432,-5626138285.946029,3552677946.543019,-2194584110.080174
1878,2454156.6085353,-5625907567.76481,3553195055.8700695,-2194597414.437563
1879,2454156.85853193,-5625677095.164149,3553721610.571379,-2194614331.6567616
1880,2454157.108528122,-5625458298.597352,3554251388.735417,-2194632160.061252
1881,2454157.358524347,-5625244360.15597,3554773920.0021386,-2194646369.9380765
1882,2454157.608520802,-5625023915.460486,3555295493.234521,-2194659701.8854938
1883,2454157.8585170135,-5624803887.5143795,3555826501.665902,-2194676661.9936843
1884,2454158.10851279,-5624595588.423232,3556360544.0695577,-2194694470.846783
1885,2454158.358508606,-5624392005.084903,3556887259.3582706,-2194708646.19532
1886,2454158.6085046493,-5624181892.841573,3557413115.0214767,-2194722005.9361935
1887,2454158.8585004443,-5623972368.573432,3557948393.722218,-2194739008.0008087
1888,2454159.108495807,-5623774622.726039,3558486516.785144,-2194756796.059481
1889,2454159.358491216,-5623581449.111456,3559017235.4338617,-2194770936.6548386
1890,2454159.6084868493,-5623381726.151222,3559547193.84158,-2194784324.151905
1891,2454159.8584822295,-5623182762.524384,3560086561.0287423,-2194801367.008477
1892,2454160.108477181,-5622995623.73135,3560628582.7885427,-2194819132.829745
1893,2454160.358472184,-5622812912.655094,3561163125.6586757,-2194833238.264645
1894,2454160.6084674103,-5622623634.109808,3561697008.5000873,-2194846653.2926884
1895,2454160.8584623775,-5622435286.4312315,3562240283.6510267,-2194863735.59764
1896,2454161.1084569185,-5622258806.919285,3562786023.3413653,-2194881477.591074
1897,2454161.3584515187,-5622086609.734113,3563324212.391116,-2194895547.327771
1898,2454161.608446339,-5621907829.35167,3563861842.3007603,-2194908989.5253077
1899,2454161.858440895,-5621730151.559464,3564408845.720967,-2194926109.8076077
1900,2454162.108435029,-5621564382.23303,3564958123.3372984,-2194943826.2865496
1901,2454162.3584292275,-5621402749.065382,3565499781.184989,-2194957859.7073154
1902,2454162.608423644,-5621234519.418556,3566040981.3048854,-2194971328.6266384
1903,2454162.858417792,-5621067564.265144,3566591533.6905203,-2194988485.337679
1904,2454163.10841152,-5620912554.865045,3567144169.553336,-2195006174.568485
1905,2454163.358405319,-5620761534.748741,3567689119.0414433,-2195020171.0237527
1906,2454163.608399334,-5620603907.343287,3568233712.58757,-2195033666.178354
1907,2454163.8583930745,-5620447726.478923,3568787634.5964117,-2195050857.7388988
1908,2454164.1083863997,-5620303525.642628,3569343448.9273286,-2195068517.9868784
1909,2454164.3583798013,-5620163166.555793,3569891512.7041674,-2195082476.8397083
1910,2454164.608373416,-5620016191.8437395,3570439322.5556483,-2195095997.747526
1911,2454164.858366752,-5619870835.807721,3570996434.40595,-2195113222.5900817
1912,2454165.108359676,-5619737491.040458,3571555246.9369674,-2195130852.1604943
1913,2454165.3583526826,-5619607839.856965,3572106247.076781,-2195144772.825645
1914,2454165.6083459,-5619471567.168868,3572657095.4085507,-2195158319.046567
1915,2454165.8583388333,-5619337085.304814,3573217216.526091,-2195175575.6516976
1916,2454166.1083313585,-5619214642.880397,3573778846.1612535,-2195193172.924438
1917,2454166.358323972,-5619095745.257315,3574332603.8403983,-2195207054.900957
1918,2454166.608316794,-5618970222.677271,3574886311.8150034,-2195220626.067668
1919,2454166.8583093267,-5618846662.998331,3575449260.541527,-2195237912.99359
1920,2454167.108301455,-5618735167.817467,3576013525.081453,-2195255476.4512577
1921,2454167.358293678,-5618627068.047769,3576569860.317948,-2195269319.348578
1922,2454167.608286107,-5618512342.261521,3577126247.8402395,-2195282915.1910925
1923,2454167.8582782415,-5618399751.296533,3577691841.2034025,-2195300231.0972557
1924,2454168.108269976,-5618299246.733768,3578258557.128741,-2195317759.3475556
1925,2454168.358261811,-5618201987.594936,3578817288.5772467,-2195331562.9064116
1926,2454168.6082538483,-5618098103.740885,3579376174.100156,-2195345183.2720294
1927,2454168.8582455874,-5617996526.389921,3579944227.6290264,-2195362526.9386973
1928,2454169.1082369303,-5617907054.155684,3580513209.923061,-2195380018.7335563
1929,2454169.3582283794,-5617820676.778417,3581074154.7017407,-2195393782.8444324
1930,2454169.608220028,-5617727678.322749,3581635355.055733,-2195407427.715969
1931,2454169.858211374,-5617637157.739729,3582205682.6111455,-2195424798.062938
1932,2454170.1082023275,-5617558757.771303,3582776744.587807,-2195442252.317697
1933,2454170.358193394,-5617483301.537833,3583339718.1004844,-2195455977.0402675
1934,2454170.608184656,-5617401230.178503,3583903048.3077226,-2195469646.5562105
1935,2454170.858175611,-5617321807.68039,3584475461.886508,-2195487042.6643367
1936,2454171.1081661787,-5617254518.055714,3585048414.9811306,-2195504458.4806557
1937,2454171.358156864,-5617190020.515362,3585613230.6909738,-2195518144.0678306
1938,2454171.608147743,-5617118916.095999,3586178503.7201037,-2195531838.547945
1939,2454171.8581383103,-5617050631.07283,3586752813.1892047,-2195549259.6868653
1940,2454172.108128494,-5616994487.913925,3587327466.668908,-2195566636.382454
1941,2454172.358118802,-5616940984.675039,3587893935.782379,-2195580283.311838
1942,2454172.6081093,-5616880885.059875,3588460962.2052107,-2195594003.2905855
1943,2454172.8580994816,-5616823774.828317,3589036974.930759,-2195611448.9544377
1944,2454173.108089285,-5616778812.128575,3589613135.4946055,-2195628786.100811
1945,2454173.358079218,-5616736336.652473,3590181066.532101,-2195642395.114013
1946,2454173.608069338,-5616687277.479467,3590749654.0665607,-2195656141.381331
1947,2454173.8580591376,-5616641376.9888315,3591327174.431883,-2195673611.330977
1948,2454174.1080485634,-5616607626.265422,3591904645.706161,-2195690908.796528
1949,2454174.358038124,-5616576209.456865,3592473843.9780645,-2195704480.942249
1950,2454174.608027869,-5616538223.657884,3593043796.951514,-2195718254.586146
1951,2454174.8580172895,-5616503564.933626,3593622625.815654,-2195735748.890684
1952,2454175.108006341,-5616481054.588295,3594201207.815411,-2195753006.880038
1953,2454175.357995533,-5616460724.066727,3594771474.8961124,-2195766543.5500407
1954,2454175.607984906,-5616433841.043427,3595342593.744629,-2195780345.988138
1955,2454175.8579739504,-5616410452.264944,3595922527.981177,-2195797865.050847
1956,2454176.107962631,-5616399206.562793,3596502016.702749,-2195815084.1236763
1957,2454176.3579514576,-5616389985.541673,3597073150.092261,-2195828587.0629287
1958,2454176.6079404624,-5616374229.947636,3597645231.1093006,-2195842420.0426774
1959,2454176.8579291347,-5616362134.139923,3598226063.4607434,-2195859964.589921
1960,2454177.107917448,-5616362171.820544,3598806250.8587356,-2195877145.6367946
1961,2454177.357905913,-5616364077.649517,3599378044.098781,-2195890616.9050064
1962,2454177.607894553,-5616359467.87868,3599950879.707457,-2195904482.450246
1963,2454177.8578828564,-5616358681.367574,3600532399.2286043,-2195922053.4621964
1964,2454178.1078708065,-5616370014.090367,3601113073.841224,-2195939197.6184373
1965,2454178.357858914,-5616383056.715267,3601685317.3299985,-2195952639.486851
1966,2454178.607847193,-5616389603.403854,3602258697.09214,-2195966539.7784343
1967,2454178.857835132,-5616400134.390185,3602840690.3536086,-2195984138.3543415
1968,2454179.107822723,-5616422765.4115,3603421638.694152,-2196001246.8503976
1969,2454179.3578104777,-5616446946.183149,3603994121.2541475,-2196014661.6387267
1970,2454179.6077984,-5616464651.177666,3604567833.5987387,-2196028598.8409348
1971,2454179.8577859793,-5616486498.890985,3605150086.5549526,-2196046226.017832
1972,2454180.107773216,-5616520422.426053,3605731095.0925303,-2196063299.9923263
1973,2454180.3577606212,-5616555733.686807,3606303606.0333486,-2196076689.8788147
1974,2454180.6077481913,-5616584589.866429,3606877440.3689594,-2196090665.950423
1975,2454180.8577354155,-5616617744.630013,3607459740.485815,-2196108322.519047
1976,2454181.1077223024,-5616662946.160943,3608040597.752043,-2196125362.8419995
1977,2454181.357709364,-5616709371.788219,3608612928.920851,-2196138729.696282
1978,2454181.6076965868,-5616749363.830653,3609186677.597647,-2196152746.236331
1979,2454181.85768346,-5616793808.032703,3609768815.69664,-2196170432.602794
1980,2454182.1076700026,-5616850265.463423,3610349313.985307,-2196187439.754578
1981,2454182.357656725,-5616907782.181574,3610921261.300195,-2196200785.034485
1982,2454182.6076436057,-5616958888.002483,3611494720.9617543,-2196214843.198062
1983,2454182.8576301336,-5617014597.634206,3612076492.3802743,-2196232559.3195763
1984,2454183.1076163366,-5617082282.897791,3612656428.7098327,-2196249533.3461576
1985,2454183.357602725,-5617150861.924283,3613227792.9237967,-2196262858.071256
1986,2454183.6075892677,-5617213054.333886,3613800765.0780306,-2196276958.560442
1987,2454183.857575455,-5617280000.631961,3614381970.056239,-2196294703.952759
1988,2454184.107561324,-5617358881.2971945,3614961146.383579,-2196311644.4880195
1989,2454184.357547383,-5617438489.893188,3615531733.1390085,-2196324949.2747555
1990,2454184.607533593,-5617511738.074416,3616104024.070555,-2196339092.384755
1991,2454184.8575194455,-5617589888.91536,3616684467.5397506,-2196356866.1777368
1992,2454185.107504985,-5617679929.489234,3617262690.4413767,-2196373772.5066624
1993,2454185.3574907198,-5617770532.1636715,3617832309.860948,-2196387057.63726
1994,2454185.6074766023,-5617854802.77431,3618403730.149825,-2196401243.3295045
1995,2454185.8574621244,-5617944123.675466,3618983221.1955647,-2196419044.3431025
1996,2454186.107447339,-5618045286.505538,3619560301.2887897,-2196435915.4792037
1997,2454186.3574327556,-5618146845.821397,3620128767.367278,-2196449180.979371
1998,2454186.6074183155,-5618242103.708624,3620699131.263941,-2196463408.9588127
1999,2454186.8574035126,-5618342558.45798,3621277482.4948854,-2196481235.7792087
2000,2454187.107388408,-5618454804.284629,3621853233.8077507,-2196498070.5386324
2001,2454187.3573735105,-5618567281.339579,3622420363.789178,-2196511316.2491646
2002,2454187.6073587527,-5618673489.955536,3622989488.605188,-2196525586.0334005
2003,2454187.857343629,-5618785040.97027,3623566515.561855,-2196543437.079468
2004,2454188.107328211,-5618908329.235563,3624140754.961848,-2196560234.1443105
2005,2454188.3573130043,-5619031683.926556,3624706368.7893353,-2196573459.781217
2006,2454188.6072979337,-5619148805.554122,3625274074.3701344,-2196587770.75788
2007,2454188.857282495,-5619271414.073955,3625849595.0213475,-2196605644.336006
2008,2454189.107266768,-5619405703.088052,3626422141.734149,-2196622402.306282
2009,2454189.357251257,-5619539894.254049,3626986061.589488,-2196635607.5099983
2010,2454189.6072358787,-5619667890.129064,3627552169.874422,-2196649958.9838796
2011,2454189.8572201296,-5619801516.322245,3628126004.196758,-2196667853.333317
2012,2454190.1072040987,-5619946763.356223,3628696679.4024963,-2196684570.770229
2013,2454190.357188289,-5620091748.859001,3629258729.3169217,-2196697755.1468925
2014,2454190.607172608,-5620230579.240211,3629823063.9636397,-2196712146.3799677
2015,2454190.8571565533,-5620375182.264835,3630395033.578194,-2196730059.711913
2016,2454191.1071402235,-5620531343.604846,3630963660.0580344,-2196746735.1756334
2017,2454191.3571241195,-5620687080.3754835,3631523665.5665884,-2196759898.3335533
2018,2454191.607108141,-5620836704.583101,3632086051.6126757,-2196774328.5807734
2019,2454191.8570917863,-5620992242.618838,3632655979.4532843,-2196792259.1138096
2020,2454192.1070751627,-5621159273.5914135,3633222381.262365,-2196808891.1981263
2021,2454192.3570587696,-5621325717.647929,3633780169.0801926,-2196822032.781442
2022,2454192.6070424975,-5621486094.072647,3634340432.6231155,-2196836501.324036
2023,2454192.857025848,-5621652524.32181,3634908142.6200433,-2196854447.317336
2024,2454193.1070089354,-5621830379.287104,3635472144.773689,-2196871034.68217
2025,2454193.3569922587,-5622007485.718308,3636027542.48432,-2196884154.4025064
2026,2454193.6069756984,-5622178571.795051,3636585510.372807,-2196898660.5792828
2027,2454193.8569587586,-5622355850.447016,3637150827.1477475,-2196916620.3637395
2028,2454194.1069415626,-5622544482.754079,3637712255.319501,-2196933161.7655907
2029,2454194.356924607,-5622732205.664646,3638265091.075908,-2196946259.431487
2030,2454194.6069077635,-5622913957.806952,3638820590.61535,-2196960802.6677485
2031,2454194.8568905387,-5623102039.963058,3639383339.1920166,-2196978774.6746254
2032,2454195.1068730643,-5623301401.866,3639942019.42892,-2196995268.9943676
2033,2454195.3568558344,-5623499694.283192,3640492121.6735063,-2197008344.537959
2034,2454195.606838713,-5623692067.780569,3641044980.3518867,-2197022924.371533
2035,2454195.856821208,-5623890907.343694,3641604985.8885083,-2197040907.158087
2036,2454196.1068034605,-5624100949.884616,3642160744.3493466,-2197057353.4257617
2037,2454196.3567859614,-5624309763.63424,3642707941.55751,-2197070406.926454
2038,2454196.606768567,-5624512712.521358,3643257986.795118,-2197085023.030712
2039,2454196.8567507872,-5624722262.060155,3643815074.340361,-2197103015.302933
2040,2454197.1067327717,-5624942934.929629,3644367737.05634,-2197119412.7198052
2041,2454197.356715009,-5625162220.492298,3644911857.500861,-2197132444.425413
2042,2454197.6066973465,-5625375697.401133,3645458916.4185348,-2197147096.630029
2043,2454197.856679297,-5625595907.99957,3646012910.682987,-2197165097.26337
2044,2454198.106661019,-5625827159.384216,3646562303.3303137,-2197181445.2223434
2045,2454198.3566429974,-5626056865.740005,3647103174.8533745,-2197194455.569063
2046,2454198.6066250717,-5626280821.7409525,3647647074.04352,-2197209143.8800054
2047,2454198.856606758,-5626511642.836494,3648197799.1685896,-2197227151.939794
2048,2454199.106588222,-5626753419.254001,3648743746.8325973,-2197243450.0460086
2049,2454199.3565699477,-5626993493.712082,3649281196.6031766,-2197256439.679045
2050,2454199.606551764,-5627227878.136401,3649821761.8799615,-2197271164.299745
2051,2454199.856533191,-5627469257.334676,3650369041.179576,-2197289179.0631785
2052,2454200.1065144036,-5627721503.43877,3650911368.0854135,-2197305427.1565437
2053,2454200.3564958805,-5627971891.428958,3651445222.317462,-2197318396.9530883
2054,2454200.606477445,-5628216651.643585,3651982278.4225283,-2197333158.3081603
2055,2454200.8564586183,-5628468534.474064,3652525934.075981,-2197351179.288938
2056,2454201.106439584,-5628731192.7875595,3653064463.2672634,-2197367377.4693356
2057,2454201.3564208183,-5628991837.565371,3653594546.884017,-2197380328.5640326
2058,2454201.6064021355,-5629246918.644919,3654127917.138299,-2197395127.3251095
2059,2454201.856383061,-5629509248.19596,3654667769.831474,-2197413154.299528
2060,2454202.1063637855,-5629782258.704017,3655202322.802112,-2197429302.9526095
2061,2454202.3563447827,-5630053100.895654,3655728459.061333,-2197442236.762515
2062,2454202.6063258583,-5630318445.113267,3656257964.9890337,-2197457073.8721175
2063,2454202.8563065412,-5630591161.4646225,3656793833.542771,-2197475106.901353
2064,2454203.10628703,-5630874460.984134,3657324229.8751063,-2197491206.7182784
2065,2454203.356267796,-5631155437.886979,3657846240.024433,-2197504124.9592633
2066,2454203.606248636,-5631430983.94175,3658371701.0357585,-2197519001.6432137
2067,2454203.8562290817,-5631714023.317029,3658903402.1266484,-2197537041.0807643
2068,2454204.106209341,-5632007544.572777,3659429459.2608213,-2197553093.0593433
2069,2454204.356189881,-5632298589.1539955,3659947162.3680773,-2197565997.7398515
2070,2454204.606170491,-5632584271.093432,3660468395.6653533,-2197580915.4928536
2071,2454204.856150706,-5632877564.711689,3660995743.822469,-2197598961.960618
2072,2454205.106130742,-5633181235.123689,3661517277.157464,-2197614967.3703437
2073,2454205.356111062,-5633482274.751367,3662030490.330634,-2197627860.7444897
2074,2454205.6060914476,-5633778020.65844,3662547311.26262,-2197642821.2707586
2075,2454205.856071438,-5634081493.393386,3663070119.369668,-2197660875.5862136
2076,2454206.1060512573,-5634395233.72677,3663586942.923911,-2197676835.8808613
2077,2454206.3560313643,-5634706188.830493,3664095482.139049,-2197689720.3463135
2078,2454206.606011532,-5635011919.518314,3664607705.203201,-2197704725.4434147
2079,2454206.8559913044,-5635325488.654154,3665125785.6779,-2197722788.489673
2080,2454207.1059709126,-5635649211.863564,3665637713.4428844,-2197738705.1636167
2081,2454207.3559508123,-5635969994.894109,3666141395.065167,-2197751583.1054945
2082,2454207.605930769,-5636285623.008547,3666648835.585396,-2197766634.4983807
2083,2454207.8559103296,-5636609197.512977,3667162002.197147,-2197784707.050446
2084,2454208.1058897343,-5636942808.210044,3667668850.072432,-2197800581.4586987
2085,2454208.3558694334,-5637273323.320845,3668167492.8819404,-2197813455.0661163
2086,2454208.6058491855,-5637598753.251844,3668669969.0954766,-2197828554.2241035
2087,2454208.855828542,-5637932233.929064,3669178039.079969,-2197846636.769743
2088,2454209.105807749,-5638275628.782234,3669679626.9791617,-2197862469.955133
2089,2454209.3557872553,-5638615772.473357,3670173054.2317266,-2197875341.0574174
2090,2454209.6057668095,-5638950901.234777,3670670389.269857,-2197890489.0432057
2091,2454209.855745968,-5639294181.828018,3671173185.1958375,-2197908581.647905
2092,2454210.1057249852,-5639647250.868028,3671669338.767455,-2197924374.223512
2093,2454210.3557043048,-5639996913.46837,3672157379.7427387,-2197937244.1914344
2094,2454210.605683668,-5640341632.327516,3672649402.985415,-2197952441.5828533
2095,2454210.8556626355,-5640694601.265186,3673146753.8997164,-2197970543.8331966
2096,2454211.1056414703,-5641057229.714384,3673637305.451491,-2197986295.9471726
2097,2454211.35562061,-5641416297.259118,3674119796.152415,-2197999165.678283
2098,2454211.6055997894,-5641770493.628934,3674606343.7056937,-2198014412.5734386
2099,2454211.8555785734,-5642133035.901335,3675098085.3960085,-2198032523.60109
2100,2454212.1055572317,-5642505106.006798,3675582873.953581,-2198048234.9775863
2101,2454212.3555361987,-5642873462.000681,3676059656.9765487,-2198061104.9519057
2102,2454212.605515201,-5643237021.112039,3676540571.3743014,-2198076401.037571
2103,2454212.855493808,-5643609019.837062,3677026545.9233155,-2198094519.5982594
2104,2454213.1054722974,-5643990412.3173275,3677505416.657579,-2198110189.624719
2105,2454213.355451098,-5644367939.052993,3677976340.5152016,-2198123059.9981375
2106,2454213.60542993,-5644740745.139912,3678451469.960525,-2198138404.6473436
2107,2454213.8554083672,-5645122082.615533,3678931524.927166,-2198156529.2207146
2108,2454214.1053866944,-5645512677.582554,3679404328.293607,-2198172157.0481176
2109,2454214.355365336,-5645899256.935355,3679869246.529851,-2198185027.7517314
2110,2454214.6053440035,-5646281193.909571,3680338444.0028753,-2198200420.1212234
2111,2454214.855322277,-5646671752.177523,3680812431.536335,-2198218549.0052166
2112,2454215.1053004493,-5647071429.598779,3681279022.405514,-2198234133.638322
2113,2454215.3552789376,-5647466943.396256,3681737792.751654,-2198247004.4641523
2114,2454215.6052574483,-5647857895.13426,3682200915.1991897,-2198262443.575546
2115,2454215.8552355655,-5648257556.19607,3682668691.2676477,-2198280574.9625983
2116,2454216.105213588,-5648666196.049701,3683128928.1954517,-2198296115.3306913
2117,2454216.3551919307,-5649070526.174157,3683581411.8837953,-2198308985.9971867
2118,2454216.6051702905,-5649470376.576044,3684038319.578303,-2198324470.797833
2119,2454216.855148257,-5649879022.417549,3684499743.37297,-2198342602.831193
2120,2454217.105126138,-5650296504.689957,3684953488.0474358,-2198358097.8396034
2121,2454217.3551043402,-5650709533.054601,3685399549.298865,-2198370968.0388045
2122,2454217.6050825557,-5651118166.004559,3685850105.365312,-2198386497.44551
2123,2454217.855060379,-5651535678.546831,3686305038.863689,-2198404628.2597375
2124,2454218.1050381237,-5651961883.178267,3686752155.700466,-2198420076.826964
2125,2454218.355016193,-5652383491.669737,3687191661.348745,-2198432946.2587395
2126,2454218.6049942705,-5652800790.978322,3687635731.4152946,-2198448519.190027
2127,2454218.8549719565,-5653227052.023059,3688084039.0548024,-2198466646.941561
2128,2454219.1049495717,-5653661858.857598,3688524394.889339,-2198482048.027876
2129,2454219.3549275137,-5654091929.290478,3688957214.088596,-2198494916.426957
2130,2454219.6049054596,-5654517778.654289,3689394666.007283,-2198510531.8293986
2131,2454219.854883015,-5654952669.849913,3689836214.4162517,-2198528654.7223783
2132,2454220.1048605074,-5655395958.607855,3690269678.2413874,-2198544007.3548
2133,2454220.354838329,-5655834372.701685,3690695682.2078633,-2198556874.5151205
2134,2454220.604816149,-5656268655.6842165,3691126385.7993402,-2198572531.387808
2135,2454220.8547935802,-5656712058.510819,3691561043.542787,-2198590647.6988044
2136,2454221.104770956,-5657163708.776496,3691987486.2529125,-2198605950.9956155
2137,2454221.354748663,-5657610348.143983,3692406548.006146,-2198618816.794709
2138,2454221.604726364,-5658052948.162933,3692830374.7977877,-2198634514.2141786
2139,2454221.8547036774,-5658504743.918347,3693258012.111535,-2198652622.31769
2140,2454222.104680943,-5658964635.123426,3693677306.2310815,-2198667875.513924
2141,2454222.3546585413,-5659419381.248377,3694089300.3165092,-2198680739.9384108
2142,2454222.6046361295,-5659870181.546806,3694506123.2599573,-2198696477.084665
2143,2454222.854613331,-5660330251.310753,3694926611.7631116,-2198714575.4796453
2144,2454223.104590493,-5660798262.690008,3695338631.1532364,-2198729777.9535317
2145,2454223.3545679892,-5661260996.872348,3695743433.3435416,-2198742641.125358
2146,2454223.604545471,-5661719880.45189,3696153126.512338,-2198758417.308364
2147,2454223.854522567,-5662188105.007594,3696566338.9017925,-2198776504.644973
2148,2454224.1044996306,-5662664115.508017,3696970958.451458,-2198791655.9443073
2149,2454224.354477031,-5663134718.75852,3697368445.4351773,-2198804518.146559
2150,2454224.604454412,-5663601568.259269,3697770883.712798,-2198820332.8319693
2151,2454224.854431409,-5664077827.959207,3698176693.4514627,-2198838407.9371495
2152,2454225.104408382,-5664561716.091249,3698573788.7656813,-2198853507.80415
2153,2454225.3543856926,-5665040068.966925,3698963837.83642,-2198866369.505085
2154,2454225.604362979,-5665514766.486968,3699358896.6082973,-2198882222.3377986
2155,2454225.854339883,-5665998941.057716,3699757177.6204276,-2198900284.2383814
2156,2454226.104316771,-5666490584.685299,3700146624.7184324,-2198915332.6318455
2157,2454226.354293998,-5666976567.0634575,3700529113.476582,-2198928194.505986
2158,2454226.6042711968,-5667458993.917226,3700916668.3367934,-2198944085.330575
2159,2454226.8542480143,-5667950962.203158,3701307294.719801,-2198962133.2730694
2160,2454227.104224823,-5668450238.272545,3701688969.751107,-2198977130.387118
2161,2454227.354201973,-5668943729.063554,3702063775.824386,-2198989993.332875
2162,2454227.6041790894,-5669433765.478127,3702443702.3018765,-2199005922.21043
2163,2454227.854155827,-5669933405.122049,3702826548.058103,-2199023955.6771326
2164,2454228.104132563,-5670440189.325979,3703200327.038715,-2199038901.9562182
2165,2454228.3541096416,-5670941066.118757,3703567327.8230634,-2199051767.1097207
2166,2454228.6040866827,-5671438590.859836,3703939501.128513,-2199067734.3308067
2167,2454228.854063346,-5671945777.909156,3704314439.918209,-2199085753.051818
2168,2454229.1040400164,-5672459944.271457,3704680198.4890795,-2199100649.2014065
2169,2454229.3540170304,-5672968082.893538,3705039270.913552,-2199113517.9457726
2170,2454229.6039940016,-5673472972.799047,3705403565.712967,-2199129524.0384154
2171,2454229.853970598,-5673987581.21189,3705770470.637863,-2199147527.9980993
2172,2454230.1039472087,-5674509001.563449,3706128083.8592763,-2199162374.9890943
2173,2454230.353924164,-5675024275.52318,3706479104.194029,-2199175248.9566655
2174,2454230.6039010724,-5675536404.909574,3706835394.434604,-2199191294.6863294
2175,2454230.8538776077,-5676058305.923925,3707194137.885233,-2199209284.1204863
2176,2454231.1038541654,-5676586849.2322645,3707543480.1090283,-2199224083.1829157
2177,2454231.3538310686,-5677109129.005914,3707886323.867946,-2199236964.2451243
2178,2454231.6038079206,-5677628368.911714,3708234482.7183237,-2199253050.6004763
2179,2454231.853784402,-5678157430.24592,3708584936.358589,-2199271025.9771996
2180,2454232.103760913,-5678692961.772604,3708925881.263536,-2199285778.5752172
2181,2454232.353737771,-5679222113.918776,3709260423.2989373,-2199298668.811334
2182,2454232.603714573,-5679748331.17884,3709600323.313158,-2199314796.966388
2183,2454232.8536910065,-5680284416.0708065,3709942358.322604,-2199332758.940593
2184,2454233.1036674785,-5680826796.380809,3710274779.2434254,-2199347466.71836
2185,2454233.353644298,-5681362682.526265,3710600894.171428,-2199360368.352481
2186,2454233.603621057,-5681895738.743726,3710932407.8207855,-2199376539.5946164
2187,2454233.85359745,-5682438704.921453,3711265895.5410223,-2199394488.9262857
2188,2454234.103573889,-5682987788.865236,3711589666.2355447,-2199409153.615625
2189,2454234.3535506767,-5683530264.712707,3711907229.329947,-2199422068.914119
2190,2454234.6035273992,-5684070015.310111,3712230230.028081,-2199438284.532054
2191,2454234.853503759,-5684619714.105837,3712555043.1199346,-2199456221.9646893
2192,2454235.103480173,-5685175350.015942,3712870039.05578,-2199470845.254049
2193,2454235.353456936,-5685724264.642667,3713178927.659425,-2199483776.38631
2194,2454235.6034336295,-5686270558.283361,3713493291.2906103,-2199500037.5246906
2195,2454235.853409963,-5686826834.198891,3713809305.3668394,-2199517963.6350827
2196,2454236.1033863584,-5687388863.617635,3714115405.441636,-2199532547.015481
2197,2454236.3533631037,-5687944059.380891,3714415500.754657,-2199545495.898354
2198,2454236.603339776,-5688496738.066352,3714721107.5078497,-2199561803.403854
2199,2454236.8533160905,-5689059429.073359,3715028202.986806,-2199579718.452242
2200,2454237.103292475,-5689627687.26161,3715325291.372552,-2199594263.0732036
2201,2454237.35326921,-5690189000.515955,3715616480.258318,-2199607231.2351866
2202,2454237.603245868,-5690747900.507757,3715913216.3656206,-2199623585.532209
2203,2454237.8532221713,-5691316839.166401,3716211280.112574,-2199641489.3519273
2204,2454238.103198552,-5691891156.404446,3716499247.771176,-2199655995.926372
2205,2454238.3531752843,-5692458418.9647455,3716781424.121154,-2199668984.429158
2206,2454238.603151934,-5693023372.386932,3717069183.051371,-2199685385.4598613
2207,2454238.853128234,-5693598387.562406,3717358109.3829255,-2199703277.4169173
2208,2454239.1031046184,-5694178590.951494,3717636854.867635,-2199717746.2001796
2209,2454239.353081355,-5694751631.948012,3717909920.192896,-2199730755.636741
2210,2454239.6030580048,-5695322468.665461,3718188603.0319686,-2199747202.8778796
2211,2454239.8530343077,-5695903387.400678,3718468293.8877287,-2199765081.9056826
2212,2454240.1030107033,-5696489302.701191,3718737723.3127084,-2199779512.74657
2213,2454240.3529874505,-5697067950.356118,3719001586.5238247,-2199792543.306754
2214,2454240.602964108,-5697644499.666918,3719271101.581832,-2199809035.847957
2215,2454240.8529404206,-5698231148.772546,3719541465.9766273,-2199826900.5362177
2216,2454241.1029168344,-5698822601.875795,3719801492.333687,-2199841292.9743023
2217,2454241.3528936,-5699406684.844375,3720056068.94426,-2199854344.5484524
2218,2454241.602870271,-5699988776.683373,3720316330.8691792,-2199870881.200187
2219,2454241.852846601,-5700580983.801305,3720577283.938473,-2199888729.9050117
2220,2454242.1028230395,-5701177801.652322,3720827826.094151,-2199903083.2809534
2221,2454242.35279983,-5701767149.80677,3721073037.1897216,-2199916155.5691776
2222,2454242.602776522,-5702354615.396776,3721323965.9271035,-2199932734.9696884
2223,2454242.852752876,-5702952209.527247,3721575427.8929462,-2199950565.9167113
2224,2454243.102729346,-5703554220.536598,3721816409.573356,-2199964879.470448
2225,2454243.352706168,-5704148665.272067,3722052180.826846,-2199977972.0754824
2226,2454243.602682887,-5704741337.335396,3722293700.676054,-2199994592.778158
2227,2454243.852659272,-5705344148.966668,3722535595.950826,-2200012404.1437416
2228,2454244.1026357803,-5705951183.069233,3722766944.8968906,-2200026677.0890026
2229,2454244.3526126402,-5706550557.30171,3722993205.7788696,-2200039789.5844655
2230,2454244.602589393,-5707148270.008332,3723225244.660914,-2200056450.120343
2231,2454244.852565815,-5707756131.026023,3723457501.1725373,-2200074240.0882
2232,2454245.102542368,-5708368019.560145,3723679148.5206323,-2200088471.663144
2233,2454245.3525192724,-5708972157.582629,3723895831.733828,-2200101603.6389093
2234,2454245.602496065,-5709574746.391283,3724118320.677946,-2200118302.5577354
2235,2454245.852472531,-5710187489.911927,3724340869.4046483,-2200136069.3557167
2236,2454246.1024491354,-5710804065.45033,3724552749.2648587,-2200150258.8554235
2237,2454246.3524260903,-5711412802.764771,3724759790.362311,-2200163409.946689
2238,2454246.602402929,-5712020104.26042,3724972663.1605306,-2200180145.843471
2239,2454246.8523794455,-5712637564.478445,3725185437.8169665,-2200197887.7677536
2240,2454247.1023561074,-5713258660.68655,3725387486.985503,-2200212034.5659714
2241,2454247.3523331187,-5713871833.874255,3725584824.105385,-2200225204.473264
2242,2454247.60231001,-5714483685.652166,3725788017.0664263,-2200241976.007441
2243,2454247.852286583,-5715105697.739256,3725990953.8721743,-2200259691.440938
2244,2454248.1022633086,-5715731149.289404,3726183111.609712,-2200273795.0075526
2245,2454248.3522403827,-5716348595.938704,3726370685.2603545,-2200286983.513801
2246,2454248.602217333,-5716964836.545329,3726564136.9988923,-2200303789.426719
2247,2454248.852193968,-5717591236.604518,3726757174.468363,-2200321476.8569326
2248,2454249.102170763,-5718220879.141299,3726939382.286897,-2200335536.775873
2249,2454249.3521479066,-5718842437.821419,3727117135.128559,-2200348743.764771
2250,2454249.6021249215,-5719462906.735553,3727300786.340599,-2200365582.899168
2251,2454249.8521016254,-5720093531.788551,3727483865.0495715,-2200383240.9386625
2252,2454250.102078496,-5720727201.91948,3727656066.4676013,-2200397256.9289036
2253,2454250.352055714,-5721352712.171197,3727823943.055628,-2200410482.4067397
2254,2454250.6020327997,-5721977249.792735,3727997736.249502,-2200427353.7298994
2255,2454250.852009578,-5722611937.765238,3728170798.5527515,-2200444981.1405506
2256,2454251.101986531,-5723249473.03949,3728332938.798402,-2200458953.0809283
2257,2454251.3519638297,-5723878775.343702,3728490885.2723274,-2200472197.2020745
2258,2454251.601940992,-5724507222.950044,3728654764.4449906,-2200489099.8323917
2259,2454251.851917851,-5725145812.614553,3728817754.13985,-2200506695.5527253
2260,2454252.1018948914,-5725787051.4491005,3728969779.801695,-2200520623.509415
2261,2454252.3518722765,-5726419987.133079,3729117743.525169,-2200533886.603952
2262,2454252.601849521,-5727052186.764017,3729271653.7935348,-2200550819.838973
2263,2454252.8518264666,-5727694517.602268,3729424515.7437043,-2200568383.0122585
2264,2454253.101803601,-5728339299.119578,3729566374.388161,-2200582267.266294
2265,2454253.351781078,-5728975710.167399,3729704303.5626435,-2200595549.8668566
2266,2454253.6017584107,-5729611504.407585,3729848190.7767196,-2200612513.2096252
2267,2454253.851735449,-5730257416.365059,3729990870.526688,-2200630043.2094
2268,2454254.1017126828,-5730905580.118235,3730122510.3153324,-2200643884.280718
2269,2454254.351690258,-5731545308.865074,3730250353.603456,-2200657187.144927
2270,2454254.6016676845,-5732184540.507854,3730384163.979321,-2200674180.324974
2271,2454254.851644821,-5732833873.628149,3730516607.398915,-2200691676.7742434
2272,2454255.1016221596,-5733485259.205507,3730637976.7461896,-2200705475.438547
2273,2454255.3515998386,-5734128147.91191,3730755682.945826,-2200718799.5634604
2274,2454255.6015773653,-5734770659.504641,3730879362.7593923,-2200735822.5489564
2275,2454255.851554606,-5735423253.447753,3731001515.7588243,-2200753285.329756
2276,2454256.1015320555,-5736077699.964342,3731112563.0696263,-2200767042.6250587
2277,2454256.351509844,-5736723590.281155,3731220080.876751,-2200780389.250696
2278,2454256.601487476,-5737369223.56552,3731333576.2547936,-2200797442.249078
2279,2454256.851464827,-5738024917.025719,3731445384.604949,-2200814871.4998884
2280,2454257.1014423934,-5738682262.519344,3731546058.1249733,-2200828588.7204127
2281,2454257.351420297,-5739330994.862295,3731643336.016488,-2200841959.3202667
2282,2454257.6013980405,-5739979590.129526,3731746592.854389,-2200859042.7654
2283,2454257.8513755077,-5740638220.173331,3731848002.1404023,-2200876438.8646326
2284,2454258.101353197,-5741298300.925783,3731938249.946327,-2200890117.5403695
2285,2454258.3513312214,-5741949713.780426,3732025236.209243,-2200903513.7972093
2286,2454258.601309082,-5742601109.161954,3732118200.2419186,-2200920628.3214827
2287,2454258.851286671,-5743262510.506747,3732209155.9770956,-2200937991.855407
2288,2454259.1012644893,-5743925160.311091,3732288926.1347966,-2200951633.715569
2289,2454259.3512426405,-5744579089.489431,3732365569.0717816,-2200965057.4806614
2290,2454259.6012206245,-5745233120.205515,3732448186.130047,-2200982203.8700094
2291,2454259.851198342,-5745897124.463271,3732528634.0652404,-2200999535.5829535
2292,2454260.101176295,-5746562173.86442,3732597874.9942827,-2201013142.500981
2293,2454260.3511545793,-5747218451.74457,3732664123.3471293,-2201026595.734209
2294,2454260.601132693,-5747874949.347505,3732736339.8442965,-2201043774.8634114
2295,2454260.8511105445,-5748541384.276722,3732806226.520306,-2201061075.58759
2296,2454261.101088638,-5749208659.836482,3732864887.614617,-2201074649.5050993
2297,2454261.3510670615,-5749867114.64595,3732920691.256843,-2201088134.193512
2298,2454261.6010453105,-5750525906.329237,3732982454.9566092,-2201105346.9396806
2299,2454261.851023303,-5751194595.17861,3733041728.5488873,-2201122617.5031123
2300,2454262.101001544,-5751863918.861763,3733089761.0988903,-2201136160.3319836
2301,2454262.3509801123,-5752524374.114676,3733135072.0361834,-2201149678.386889
2302,2454262.6009585033,-5753185282.212413,3733186333.1312943,-2201166925.5224547
2303,2454262.8509366424,-5753856043.294156,3733234944.603892,-2201184166.6377654
2304,2454263.100915037,-5754527232.126202,3733272303.0211616,-2201197680.144878
2305,2454263.3508937573,-5755189506.376063,3733307076.681727,-2201211233.283927
2306,2454263.600872296,-5755852348.222946,3733347789.1429043,-2201228515.357628
2307,2454263.850850589,-5756524994.89154,3733385693.6456304,-2201245727.5025945
2308,2454264.1008291435,-5757197861.0652895,3733412336.8959246,-2201259213.1905723
2309,2454264.3508080216,-5757861768.147222,3733436533.586323,-2201272802.820516
2310,2454264.600786715,-5758526356.463961,3733466656.6259403,-2201290120.0443974
2311,2454264.8507651677,-5759200697.65039,3733493814.947956,-2201307303.35444
2312,2454265.100743889,-5759875049.210413,3733509707.9756594,-2201320762.3605757
2313,2454265.350722931,-5760540399.074341,3733523294.2574716,-2201334389.484437
2314,2454265.600701785,-5761206542.946726,3733542793.6394596,-2201351741.651437
2315,2454265.8506804043,-5761882384.277435,3733559173.432232,-2201368895.84898
2316,2454266.1006592982,-5762558026.368248,3733564288.2769012,-2201382328.88704
2317,2454266.3506385107,-5763224626.442335,3733567237.9604526,-2201395994.05946
2318,2454266.600617532,-5763892132.784868,3733576086.8566504,-2201413380.51362
2319,2454266.8505963245,-5764569278.128214,3733581663.3391504,-2201430504.893685
2320,2454267.100575397,-5765246014.602372,3733575979.678961,-2201443912.254747
2321,2454267.3505547857,-5765913671.4403,3733568274.1993437,-2201457615.5979524
2322,2454267.6005339813,-5766582346.661033,3733566453.3957357,-2201475035.265342
2323,2454267.850512952,-5767260599.78788,3733561209.390492,-2201492128.7407537
2324,2454268.1004922097,-5767938234.839516,3733544714.411249,-2201505510.35156
2325,2454268.350471781,-5768606755.705235,3733526342.5385003,-2201519251.6256175
2326,2454268.600451156,-5769276407.223437,3733513839.997841,-2201536703.0951557
2327,2454268.850430312,-5769955573.241689,3733497765.3580036,-2201553764.286229
2328,2454269.1004097606,-5770633912.742605,3733470453.058874,-2201567119.806006
2329,2454269.35038952,-5771303106.835746,3733441410.1000137,-2201580898.511276
2330,2454269.60036908,-5771973544.189179,3733418220.078552,-2201598380.1410346
2331,2454269.850348427,-5772653430.52803,3733391310.736497,-2201615407.483739
2332,2454270.1003280724,-5773332282.885429,3733353180.927801,-2201628736.412684
2333,2454270.3503080257,-5774001962.072062,3733313467.692093,-2201642551.8975315
2334,2454270.6002877764,-5774672997.524251,3733279589.689536,-2201660061.920381
2335,2454270.85026732,-5775353414.423541,3733241846.6059327,-2201677053.768349
2336,2454271.1002471675,-5776032590.9571705,3733192903.870156,-2201690355.544977
2337,2454271.35022732,-5776702570.042077,3733142525.654736,-2201704207.0982065
2338,2454271.6002072673,-5777374018.759857,3733097963.435281,-2201721743.7088895
2339,2454271.8501870125,-5778054779.363437,3733049391.6628857,-2201738698.4141803
2340,2454272.1001670677,-5778734094.32415,3732989644.46695,-2201751972.4893813
2341,2454272.3501474247,-5779404191.004288,3732928610.2229757,-2201765859.408092
2342,2454272.600127573,-5780075870.957384,3732873371.0389295,-2201783420.8251257
2343,2454272.850107526,-5780756791.169384,3732813979.0044074,-2201800336.793761
2344,2454273.1000877935,-5781436061.560449,3732743439.0392914,-2201813582.680006
2345,2454273.3500683606,-5782106096.219496,3732671760.7692347,-2201827504.3133454
2346,2454273.6000487157,-5782777827.957185,3732605854.814633,-2201845088.818002
2347,2454273.850028881,-5783458726.208625,3732535653.8250494,-2201861964.544092
2348,2454274.1000093664,-5784137771.547828,3732454335.5612245,-2201875181.8448386
2349,2454274.349990148,-5784807567.018517,3732372027.920168,-2201889137.6196895
2350,2454274.5999707147,-5785479173.4379015,3732295467.974426,-2201906743.5788155
2351,2454274.8499510973,-5786159870.465583,3732214471.8979926,-2201923577.6644773
2352,2454275.099931806,-5786838512.576905,3732122392.2980843,-2201936766.0912967
2353,2454275.3499128064,-5787507893.947337,3732029472.3345313,-2201950755.527591
2354,2454275.59989359,-5788179200.117034,3731942273.527338,-2201968381.4078817
2355,2454275.8498741947,-5788859518.806457,3731850498.5770445,-2201985172.576426
2356,2454276.099855131,-5789537581.681966,3731747676.8932114,-2201998331.961147
2357,2454276.349836356,-5790206376.175883,3731644163.8567657,-2202012354.683736
2358,2454276.5998173608,-5790877209.23531,3731546343.482577,-2202029999.0640445
2359,2454276.849798193,-5791556974.538838,3731443808.032763,-2202046746.172589
2360,2454277.0997793614,-5792234284.273545,3731330265.6211605,-2202059876.480104
2361,2454277.3497608155,-5792902321.199732,3731216180.7724123,-2202073932.2324615
2362,2454277.599742046,-5793572510.322102,3731107758.0931644,-2202091593.818918
2363,2454277.8497231104,-5794251549.2339945,3730994482.471359,-2202108295.8746533
2364,2454278.0997045157,-5794927934.009442,3730870242.570086,-2202121397.22016
2365,2454278.3496862026,-5795595044.750531,3730745608.943326,-2202135485.8830495
2366,2454278.5996676646,-5796264421.13488,3730626604.9345593,-2202153163.5295844
2367,2454278.849648965,-5796942562.68391,3730502611.148631,-2202169819.7118053
2368,2454279.099630612,-5797617852.757105,3730367698.5842476,-2202182892.3839617
2369,2454279.349612537,-5798283870.750646,3730232540.673502,-2202197014.0000653
2370,2454279.5995942336,-5798952267.592358,3730102977.690099,-2202214706.7347393
2371,2454279.849575775,-5799629342.798695,3729968289.0728645,-2202231316.422407
2372,2454280.099557668,-5800303370.440524,3729822729.8839,-2202244360.9116173
2373,2454280.349539835,-5800968131.09456,3729677073.2473044,-2202258515.714665
2374,2454280.5995217715,-5801635383.475395,3729536974.610762,-2202276222.769755
2375,2454280.8495035586,-5802311225.212035,3729391615.3911576,-2202292785.5719123
2376,2454281.099485702,-5802983824.535601,3729235436.385145,-2202305802.6004286
2377,2454281.3494681153,-5803647165.020059,3729079307.1918025,-2202319991.0449524
2378,2454281.5994502953,-5804313109.660635,3728928696.7308245,-2202337711.886244
2379,2454281.849432333,-5804987552.364958,3728772691.5711155,-2202354227.6701612
2380,2454282.0994147304,-5805658558.992957,3728605919.862226,-2202367218.218414
2381,2454282.3493973943,-5806320317.860604,3728439344.435937,-2202381441.0040298
2382,2454282.5993798226,-5806984792.694786,3728278246.0417185,-2202399175.35284
2383,2454282.8493621144,-5807657671.8962555,3728111619.608545,-2202415644.26311
2384,2454283.099344771,-5808326922.441046,3727934282.2092957,-2202428609.5851793
2385,2454283.34932769,-5808986939.060019,3727757286.6474295,-2202442867.6682467
2386,2454283.5993103706,-5809649782.622304,3727585723.92573,-2202460615.5090246
2387,2454283.8492929214,-5810320934.28735,3727408500.579773,-2202477037.97046
2388,2454284.099275841,-5810988265.654979,3727220624.132946,-2202489979.5918226
2389,2454284.3492590184,-5811646379.474789,3727033234.0866427,-2202504274.1779494
2390,2454284.5992419566,-5812307430.133339,3726851230.191421,-2202522035.7453623
2391,2454284.84922477,-5812976689.870475,3726663433.8775325,-2202538412.444223
2392,2454285.099207957,-5813641938.44176,3726465044.6059437,-2202551332.1369014
2393,2454285.349191398,-5814297988.155337,3726267285.2936687,-2202565664.6502647
2394,2454285.599174597,-5814957083.261845,3726074863.007348,-2202583440.392664
2395,2454285.849157678,-5815624285.465711,3725876517.402285,-2202599772.233921
2396,2454286.0991411367,-5816287286.239525,3725667641.3247137,-2202612671.967736
2397,2454286.349124845,-5816941108.9315,3725459537.817885,-2202627043.996864
2398,2454286.59910831,-5817598083.981658,3725256719.9069743,-2202644834.516735
2399,2454286.8490916626,-5818263061.012086,3725047848.8433614,-2202661122.559021
2400,2454287.0990753975,-5818923646.807767,3724828512.265103,-2202674004.4313602
2401,2454287.3490593783,-5819575077.185395,3724610090.0443997,-2202688417.6545835
2402,2454287.5990431127,-5820229765.084718,3724396899.8798413,-2202706223.630023
2403,2454287.8490267424,-5820892346.572853,3724177528.027051,-2202722469.002919
2404,2454288.0990107576,-5821550347.380252,3723947758.2780166,-2202735335.1522393
2405,2454288.3489950146,-5822199217.171378,3723719044.0264463,-2202749791.2484355
2406,2454288.5989790238,-5822851447.686221,3723495506.428741,-2202767613.3416343
2407,2454288.848962934,-5823511460.042886,3723265660.1857185,-2202783817.151632
2408,2454289.098947235,-5824166702.590602,3723025486.556902,-2202796669.6611896
2409,2454289.3489317726,-5824812840.174792,3722786509.137031,-2202811170.21248
2410,2454289.598916061,-5825462439.630826,3722552651.3906636,-2202829008.9719663
2411,2454289.8489002576,-5826119705.81584,3722312359.932541,-2202845172.2039633
2412,2454290.0988848475,-5826772013.413364,3722061814.750271,-2202858013.002846
2413,2454290.348869671,-5827415243.739552,3721812606.3024726,-2202872559.396363
2414,2454290.5988542433,-5828062035.018873,3721568459.273561,-2202890415.1603026
2415,2454290.8488387302,-5828716374.620835,3721317755.6826878,-2202906538.58227
2416,2454291.0988236144,-5829365567.322582,3721056875.4471335,-2202919369.351643
2417,2454291.3488087277,-5830005712.159311,3720797472.5303097,-2202933962.6886115
2418,2454291.5987935886,-5830649515.040061,3720543071.803263,-2202951835.4977536
2419,2454291.8487783703,-5831300744.70744,3720281994.1937327,-2202967919.5776486
2420,2454292.098763554,-5831946639.835392,3720010820.6832733,-2202980741.6718636
2421,2454292.348748962,-5832583518.384978,3719741265.3517656,-2202995382.6941094
2422,2454292.5987341157,-5833224150.247691,3719476652.2703257,-2203013272.22492
2423,2454292.8487191973,-5833872084.486464,3719205244.783047,-2203029317.0706983
2424,2454293.098704684,-5834514497.51552,3718923825.9937153,-2203042131.464469
2425,2454293.348690391,-5835147927.383084,3718644166.6727486,-2203056820.509811
2426,2454293.5986758424,-5835785204.25959,3718369389.14223,-2203074726.039071
2427,2454293.8486612285,-5836429656.556084,3718087702.6637344,-2203090731.3728194
2428,2454294.098647023,-5837068402.302106,3717796093.435802,-2203103538.645003
2429,2454294.348633033,-5837698200.739525,3717506385.449094,-2203118275.641231
2430,2454294.5986187872,-5838331938.603766,3717221498.3584523,-2203136196.0507493
2431,2454294.8486044817,-5838972722.7514,3716929590.830607,-2203152161.2240653
2432,2454295.0985905887,-5839607616.720513,3716627853.0414968,-2203164961.5834627
2433,2454295.348576906,-5840233601.985153,3716328158.686033,-2203179746.0844812
2434,2454295.598562966,-5840863618.109155,3716033223.863888,-2203197679.907301
2435,2454295.848548974,-5841500549.548484,3715731160.1210766,-2203213603.9569306
2436,2454296.098535397,-5842131409.246924,3715419362.4062247,-2203226397.3066325
2437,2454296.348522026,-5842753401.868074,3715109750.562568,-2203241228.5647964
2438,2454296.5985083967,-5843379516.034091,3714804836.2838473,-2203259174.064597
2439,2454296.848494721,-5844012413.0001,3714492687.462711,-2203275055.797678
2440,2454297.098481464,-5844639059.005737,3714170904.5374403,-2203287841.825082
2441,2454297.348468409,-5845256882.772047,3713851449.9155016,-2203302718.8851323
2442,2454297.5984550933,-5845878918.170627,3713536630.082721,-2203320674.1527677
2443,2454297.848441739,-5846507602.496809,3713214472.7498374,-2203336512.2444153
2444,2454298.098428806,-5847129859.165143,3712882784.4954615,-2203349290.5189486
2445,2454298.3484160695,-5847743341.731197,3712553566.692378,-2203364212.315201
2446,2454298.598403072,-5848361125.469987,3712228919.877551,-2203382175.3641677
2447,2454298.848390042,-5848985423.001661,3711896835.0657763,-2203397968.449893
2448,2454299.098377436,-5849603118.786099,3711555325.5708704,-2203410738.5116944
2449,2454299.348365022,-5850212091.904247,3711216428.1279387,-2203425703.952876
2450,2454299.598352345,-5850825455.1583805,3710882036.654133,-2203443672.7996774
2451,2454299.8483396433,-5851445195.828546,3710540108.975362,-2203459419.5502462
2452,2454300.0983273676,-5852058163.28789,3710188865.685728,-2203472180.979341
2453,2454300.348315279,-5852662462.754946,3709840375.281643,-2203487189.0125065
2454,2454300.5983029273,-5853271240.662051,3709496324.463499,-2203505161.7352185
2455,2454300.848290556,-5853886258.342855,3709144641.398082,-2203520860.9093037
2456,2454301.098278614,-5854494333.955949,3708783754.456427,-2203533613.3724446
2457,2454301.3482668544,-5855093799.398461,3708425760.2986326,-2203548663.024885
2458,2454301.59825483,-5855697830.822923,3708072137.885072,-2203566637.8004355
2459,2454301.848242793,-5856307963.075789,3707710789.273601,-2203582288.276948
2460,2454302.098231188,-5856910986.982571,3707340351.058264,-2203595031.555342
2461,2454302.3482197593,-5857505461.594258,3706972944.4669814,-2203610121.9587097
2462,2454302.5982080656,-5858104588.8671465,3706609840.267542,-2203628097.083912
2463,2454302.848196366,-5858709676.68973,3706238917.975049,-2203643697.8798137
2464,2454303.0981851,-5859307492.447794,3705859022.7980585,-2203656431.884015
2465,2454303.3481740057,-5859896822.758588,3705482296.9351716,-2203671562.287319
2466,2454303.598162645,-5860490891.46281,3705109802.575739,-2203689536.190564
2467,2454303.848151285,-5861090779.092342,3704729400.268955,-2203705086.4710646
2468,2454304.0981403617,-5861683233.498617,3704340144.1704516,-2203717811.249972
2469,2454304.348129604,-5862267269.215352,3703954193.8478975,-2203732981.028327
2470,2454304.5981185795,-5862856128.046824,3703572402.5889287,-2203750952.278526
2471,2454304.8481075624,-5863450662.84169,3703182615.5592704,-2203766451.3660607
2472,2454305.0980969835,-5864037605.832674,3702784096.131241,-2203779167.116101
2473,2454305.3480865653,-5864616199.7567835,3702389017.632697,-2203794375.780892
2474,2454305.5980758797,-5865199700.459275,3701998024.1853766,-2203812343.0990396
2475,2454305.8480652077,-5865788732.849277,3701598949.155131,-2203827790.485927
2476,2454306.0980549757,-5866370017.463326,3701191265.3343844,-2203840497.5648675
2477,2454306.348044899,-5866943025.462536,3700787156.1932135,-2203855744.7793803
2478,2454306.5980345546,-5867521022.8069725,3700387056.4797235,-2203873707.05622
2479,2454306.8480242305,-5868104406.277046,3699978791.341268,-2203889102.423977
2480,2454307.0980143477,-5868679888.637805,3699562043.125641,-2203901801.371826
2481,2454307.348004615,-5869247169.625275,3699149001.817496,-2203917086.974172
2482,2454307.597994614,-5869819521.381608,3698739892.638883,-2203935043.295244
2483,2454307.84798464,-5870397112.432095,3698322536.0960493,-2203950386.5412436
2484,2454308.097975109,-5870966651.691357,3697896824.158963,-2203963078.1081853
2485,2454308.3479657224,-5871528067.546195,3697474949.690963,-2203978402.1407495
2486,2454308.597956067,-5872094634.377723,3697056928.2919583,-2203996351.817269
2487,2454308.8479464455,-5872666292.387581,3696630579.400976,-2204011643.086302
2488,2454309.097937268,-5873229750.551157,3696196004.610759,-2204024328.264458
2489,2454309.34792823,-5873785165.901879,3695765396.0233445,-2204039691.0057874
2490,2454309.5979189225,-5874345811.102703,3695338559.5805197,-2204057633.606281
2491,2454309.8479096554,-5874911398.016444,3694903317.2278996,-2204072873.321081
2492,2454310.097900834,-5875468639.57526,3694459980.1207833,-2204085553.3732038
2493,2454310.347892146,-5876017921.371462,3694020735.9631186,-2204100955.364562
2494,2454310.5978831886,-5876572510.377,3693585181.06952,-2204118890.7386737
2495,2454310.847874278,-5877131890.151906,3693141143.472258,-2204134079.6199512
2496,2454311.0978658143,-5877682781.4635105,3692689143.776321,-2204146756.0949287
2497,2454311.347857479,-5878225798.291575,3692241361.663754,-2204162198.150787
2498,2454311.597848874,-5878774197.930677,3691797183.9287553,-2204180126.4340386
2499,2454311.847840322,-5879327235.727534,3691344448.2845106,-2204195265.4985747
2500,2454312.0978322183,-5879871644.147962,3690883884.62932,-2204207940.2222815
2501,2454312.3478242373,-5880408265.309117,3690427661.02249,-2204223423.4135866
2502,2454312.5978159867,-5880950342.835812,3689974954.928715,-2204241345.0024357
2503,2454312.8478077953,-5881496904.011987,3689513617.357158,-2204256435.5293365
2504,2454313.0978000537,-5882034696.857948,3689044587.3063526,-2204269110.5619736
2505,2454313.3477924294,-5882564791.309724,3688580017.6418324,-2204284636.164715
2506,2454313.597784535,-5883100413.336141,3688118876.778257,-2204302551.656185
2507,2454313.847776707,-5883640362.381686,3687649032.6583395,-2204317595.1173773
2508,2454314.0977693293,-5884171405.880936,3687171633.1523466,-2204330272.675406
2509,2454314.347762063,-5884694841.214418,3686698812.391471,-2204345842.084917
2510,2454314.597754528,-5885223872.728633,3686229330.1061397,-2204363752.183568
2511,2454314.847747065,-5885757072.336669,3685751074.8277454,-2204378750.1437078
2512,2454315.0977400537,-5886281230.761358,3685265403.0287848,-2204391432.49392
2513,2454315.3477331484,-5886797872.40837,3684784426.589908,-2204407047.1146097
2514,2454315.597725974,-5887320176.066086,3684306697.0009165,-2204424952.518719
2515,2454315.847718879,-5887846486.517146,3683820127.043932,-2204439906.5182767
2516,2454316.097712236,-5888363621.6664915,3683326281.4727387,-2204452595.859183
2517,2454316.347705694,-5888873332.486096,3682837246.415269,-2204468256.986122
2518,2454316.5976988827,-5889388768.3057995,3682351365.630318,-2204486158.2703004
2519,2454316.8476921576,-5889908047.273491,3681856579.807114,-2204501069.709554
2520,2454317.0976858856,-5890418018.389437,3681354661.5967593,-2204513768.0579243
2521,2454317.347679708,-5890920658.692795,3680857667.875851,-2204529476.7676263
2522,2454317.597673263,-5891429084.188664,3680363735.237036,-2204547374.2786393
2523,2454317.8476669104,-5891941186.977226,3679860835.9163647,-2204562244.3184614
2524,2454318.0976610114,-5892443851.081111,3679350950.006091,-2204574953.415696
2525,2454318.347655202,-5892939279.062102,3678846101.629072,-2204590710.4793596
2526,2454318.5976491245,-5893440549.764035,3678344220.824389,-2204608604.2567673
2527,2454318.8476431463,-5893945329.911425,3677833314.9905815,-2204623433.746249
2528,2454319.0976376226,-5894440542.482405,3677315571.1274652,-2204636154.9930882
2529,2454319.3476321828,-5894928614.965015,3676802977.0943522,-2204651960.8192534
2530,2454319.5976264756,-5895422585.229462,3676293257.033032,-2204669850.546224
2531,2454319.847620875,-5895919895.374912,3675774457.0921416,-2204684639.981111
2532,2454320.0976157286,-5896407511.266799,3675248970.5658393,-2204697374.403498
2533,2454320.3476106604,-5896888084.665115,3674728745.531819,-2204713229.011746
2534,2454320.597605326,-5897374608.673411,3674211300.9328704,-2204731113.996747
2535,2454320.8476001048,-5897864301.588207,3673684725.225097,-2204745863.508592
2536,2454321.097595338,-5898344176.085889,3673151617.3036075,-2204758611.753951
2537,2454321.3475906434,-5898817107.480881,3672623881.9386964,-2204774514.778516
2538,2454321.597585684,-5899296040.332166,3672098833.613863,-2204792393.966257
2539,2454321.847580844,-5899777970.023236,3671564606.6185303,-2204807103.340259
2540,2454322.097576458,-5900249959.950488,3671024004.675478,-2204819865.701911
2541,2454322.34757214,-5900715108.196885,3670488885.715585,-2204835816.4226885
2542,2454322.597567557,-5901186307.009922,3669956360.544487,-2204853688.4315763
2543,2454322.8475630996,-5901660329.810915,3669414612.778859,-2204868357.1500006
2544,2454323.097559097,-5902124294.60406,3668866650.1174817,-2204881133.6162577
2545,2454323.3475551563,-5902581521.38141,3668324280.1163263,-2204897131.0134244
2546,2454323.597550952,-5903044846.318578,3667784410.728051,-2204914994.195263
2547,2454323.847546879,-5903510821.881105,3667235278.3600183,-2204929621.501652
2548,2454324.0975432615,-5903966624.541068,3666680093.7601852,-2204942411.824214
2549,2454324.347539699,-5904415795.261598,3666130610.575422,-2204958454.650502
2550,2454324.5975358747,-5904871110.388915,3665583534.777749,-2204976307.165933
2551,2454324.8475321885,-5905328902.489887,3665027159.0016522,-2204990892.142937
2552,2454325.0975289564,-5905776410.331579,3664464896.0478086,-2205003695.916751
2553,2454325.3475257745,-5906217394.828575,3663908442.1278906,-2205019782.7790213
2554,2454325.597522331,-5906664568.7412195,3663354302.1588054,-2205037622.679875
2555,2454325.847519032,-5907114045.84287,3662790828.4169984,-2205052164.3314147
2556,2454326.097516187,-5907553130.987219,3662221634.696675,-2205064981.0764275
2557,2454326.347513386,-5907985803.938706,3661658356.264048,-2205081110.516738
2558,2454326.597510325,-5908424710.117503,3661097297.966135,-2205098935.8255043
2559,2454326.847507415,-5908865745.657233,3660526875.120202,-2205113433.153719
2560,2454327.097504957,-5909296285.254906,3659950901.398704,-2205126262.389091
2561,2454327.3475025385,-5909720526.343925,3659380947.6350636,-2205142432.95625
2562,2454327.5974998605,-5910151043.256337,3658813119.6568174,-2205160241.7342935
2563,2454327.8474973394,-5910583515.691703,3658235899.209148,-2205174693.803548
2564,2454328.0974952704,-5911005391.915095,3657653298.6762433,-2205187535.107522
2565,2454328.3474932346,-5911421085.773618,3657076820.9993286,-2205203745.4131966
2566,2454328.5974909402,-5911843096.775563,3656502374.1051087,-2205221535.8127003
2567,2454328.8474888094,-5912266889.4487295,3655918509.5436945,-2205235941.796737
2568,2454329.0974871293,-5912679989.323208,3655329437.1955676,-2205248794.8493
2569,2454329.347485476,-5913087025.335838,3654746588.680477,-2205265043.606836
2570,2454329.597483566,-5913500418.454187,3654165675.2114487,-2205282813.905665
2571,2454329.847481826,-5913915419.35789,3653575321.509542,-2205297173.1181464
2572,2454330.097480535,-5914319634.515046,3652979933.6868634,-2205310037.7276263
2573,2454330.347479265,-5914717906.564559,3652390868.6423116,-2205326323.77557
2574,2454330.59747774,-5915122574.240332,3651803642.1289697,-2205344072.3978634
2575,2454330.84747639,-5915528675.762378,3651206955.390821,-2205358384.309723
2576,2454331.097475489,-5915923902.188245,3650605409.455588,-2205371260.4274197
2577,2454331.347474603,-5916313308.411047,3650010283.1300697,-2205387582.7423277
2578,2454331.5974734626,-5916709147.265968,3649416898.0242844,-2205405308.2696896
2579,2454331.847472504,-5917106245.968701,3648814035.238889,-2205419572.518533
2580,2454332.097471992,-5917492383.796887,3648206489.346886,-2205432460.2468004
2581,2454332.3474714896,-5917872826.391638,3647605457.717259,-2205448817.9508786
2582,2454332.5974707347,-5918259737.054227,3647006069.192983,-2205466519.129805
2583,2454332.8474701666,-5918647733.518193,3646397188.0423326,-2205480735.526929
2584,2454333.097470044,-5919024686.890118,3645783800.955709,-2205493635.1262045
2585,2454333.3474699254,-5919396071.994607,3645177020.5414467,-2205510027.4951415
2586,2454333.597469555,-5919773958.994032,3644571784.306714,-2205527703.2458153
2587,2454333.8474693783,-5920152757.727188,3643957042.9711266,-2205541871.785752
2588,2454334.097469645,-5920520434.714036,3643337973.8541584,-2205554783.685169
2589,2454334.3474699096,-5920882672.338327,3642725601.5013466,-2205571210.1604743
2590,2454334.5974699245,-5921251444.047417,3642114673.5670295,-2205588859.590914
2591,2454334.847470138,-5921620953.434798,3641494230.474969,-2205602980.467066
2592,2454335.097470794,-5921979265.989593,3640869638.62286,-2205615905.281764
2593,2454335.3474714416,-5922332269.967412,3640251831.2106977,-2205632365.4902387
2594,2454335.597471841,-5922691838.550425,3639635367.5723767,-2205649987.9178867
2595,2454335.847472445,-5923051970.793517,3639009381.0551763,-2205664061.5457697
2596,2454336.0974734896,-5923400834.676282,3638379425.5211177,-2205677000.1017838
2597,2454336.3474745196,-5923744522.571374,3637756339.561776,-2205693493.8823557
2598,2454336.5974753033,-5924094803.867295,3637134495.7719703,-2205711088.8625507
2599,2454336.8474762975,-5924445474.8380575,3636503123.6081877,-2205725115.909265
2600,2454337.09747773,-5924784809.433666,3635867962.7217875,-2205738069.273709
2601,2454337.347479142,-5925119102.315913,3635239753.8562717,-2205754596.708262
2602,2454337.5974803097,-5925460015.567838,3634612684.5004435,-2205772164.0651975
2603,2454337.847481693,-5925801144.484927,3633976083.375172,-2205786145.4795914
2604,2454338.097483513,-5926130872.419229,3633335874.190821,-2205799114.989444
2605,2454338.3474853067,-5926455694.41581,3632702696.6337423,-2205815676.429786
2606,2454338.597486858,-5926787161.753289,3632070554.778331,-2205833216.280749
2607,2454338.84748863,-5927118670.590855,3631428879.7419534,-2205847153.313811
2608,2454339.0974908364,-5927438717.061728,3630783777.518476,-2205860140.591652
2609,2454339.347493011,-5927753994.608974,3630145783.570184,-2205876736.6698346
2610,2454339.5974949454,-5928075940.221122,3629508720.3180313,-2205894249.428961
2611,2454339.847497106,-5928397752.803541,3628862124.39603,-2205908143.629844
2612,2454340.097499699,-5928708044.599104,3628212282.2740254,-2205921150.5713787
2613,2454340.3475022535,-5929013705.389681,3627569622.0791802,-2205937782.1779556
2614,2454340.59750457,-5929326054.409221,3626927786.4214015,-2205955268.524155
2615,2454340.847507119,-5929638095.24066,3626276420.5705976,-2205969121.696931
2616,2454341.097510097,-5929938559.524753,3625621989.6446395,-2205982150.4163475
2617,2454341.3475130317,-5930234531.263108,3624974811.3912125,-2205998818.634175
2618,2454341.59751573,-5930537208.508297,3624328350.5405116,-2206016279.43285
2619,2454341.8475186666,-5930839401.517595,3623672364.121534,-2206030093.54605
2620,2454342.0975220297,-5931129964.595138,3623013494.055643,-2206043146.274255
2621,2454342.3475253438,-5931416173.803439,3622361944.734766,-2206059852.2663674
2622,2454342.5975284236,-5931709102.645346,3621711005.02657,-2206077288.447328
2623,2454342.847531747,-5932001370.133609,3621050546.839656,-2206091065.50271
2624,2454343.0975354947,-5932281956.496486,3620387387.029326,-2206104144.449019
2625,2454343.3475391874,-5932558327.677116,3619731613.7123713,-2206120889.3153515
2626,2454343.5975426487,-5932841429.335305,3619076341.9816732,-2206138301.72578
2627,2454343.847546359,-5933123691.417422,3618411561.725281,-2206152043.6089735
2628,2454344.0975504904,-5933394223.341396,3617744262.8190656,-2206165150.8119807
2629,2454344.347554562,-5933660678.737153,3617084414.222277,-2206181935.4431567
2630,2454344.5975584043,-5933933872.208086,3616424959.38934,-2206199324.7057934
2631,2454344.847562501,-5934206046.909198,3615756009.244455,-2206213033.05
2632,2454345.0975670163,-5934466444.71459,3615084724.706096,-2206226170.2489705
2633,2454345.347571466,-5934722904.728169,3614420952.7109313,-2206242995.207644
2634,2454345.597575689,-5934986107.355491,3613757467.2405324,-2206260361.6130037
2635,2454345.847580172,-5935248111.319955,3613084503.251331,-2206274037.7023683
2636,2454346.0975850704,-5935498294.204844,3612409390.647966,-2206287206.252731
2637,2454346.347589898,-5935744678.341843,3611741851.4857187,-2206304071.7023745
2638,2454346.5975945015,-5935997806.854085,3611074492.4584203,-2206321415.150921
2639,2454346.84759937,-5936249556.460755,3610397675.4829154,-2206335059.8753734
2640,2454347.0976046515,-5936489443.676257,3609718897.3119226,-2206348260.7159944
2641,2454347.347609856,-5936725671.764928,3609047752.2662673,-2206365166.4007545
2642,2454347.59761484,-5936968643.525395,3608376681.9568,-2206382486.3946676
2643,2454347.8476200937,-5937210056.152709,3607696178.123092,-2206396100.252374
2644,2454348.097625757,-5937439568.269366,3607013902.151374,-2206409333.917841
2645,2454348.3476313385,-5937665561.717492,3606339317.787294,-2206426279.1840706
2646,2454348.597636702,-5937898295.962599,3605664703.7891946,-2206443574.857197
2647,2454348.84764234,-5938129291.19939,3604980684.5222664,-2206457157.991668
2648,2454349.097648385,-5938348351.282627,3604295083.7237124,-2206470424.6555843
2649,2454349.347654342,-5938564034.212812,3603617231.7444806,-2206487408.5007606
2650,2454349.5976600843,-5938786453.144097,3602939246.7536554,-2206504678.672276
2651,2454349.847666106,-5939006953.834626,3602251888.492091,-2206518230.9298487
2652,2454350.097672532,-5939215488.439859,3601563140.7053485,-2206531530.465545
2653,2454350.347678864,-5939420788.634385,3600882197.558983,-2206548551.601726
2654,2454350.5976849836,-5939632818.313574,3600201018.9341326,-2206565794.841669
2655,2454350.8476913883,-5939842751.402066,3599510502.6491127,-2206579315.8385186
2656,2454351.097698193,-5940040691.368311,3598818790.060919,-2206592647.887353
2657,2454351.347704899,-5940235541.013318,3598134936.3931704,-2206609704.8105288
2658,2454351.597711395,-5940437112.058823,3597450745.5815997,-2206626919.5096264
2659,2454351.8477181816,-5940636409.238426,3596757256.178105,-2206640408.701683
2660,2454352.097725364,-5940823690.289786,3596062764.703723,-2206653772.743151
2661,2454352.347732442,-5941008026.531008,3595376184.7213717,-2206670863.8034563
2662,2454352.5977393137,-5941199074.629542,3594689166.6069922,-2206688048.2428746
2663,2454352.84774648,-5941387672.809784,3593992892.2580624,-2206701504.994815
2664,2454353.0977540384,-5941564235.978545,3593295810.8646884,-2206714900.41499
2665,2454353.347761487,-5941738001.301401,3592606691.65113,-2206732023.884616
2666,2454353.597768733,-5941918467.546403,3591917033.8636723,-2206749176.3027525
2667,2454353.847776277,-5942096309.149576,3591218165.314621,-2206762599.953259
2668,2454354.09778421,-5942262101.030324,3590518685.323527,-2206776026.1088524
2669,2454354.347792028,-5942425243.473095,3589827216.141824,-2206793180.2449765
2670,2454354.597799645,-5942595074.538417,3589135108.3624578,-2206810298.898573
2671,2454354.8478075657,-5942762107.63377,3588433838.2406363,-2206823688.819189
2672,2454355.0978158712,-5942917080.478115,3587732152.644115,-2206837145.0944524
2673,2454355.3478240557,-5943069553.68917,3587038524.2642703,-2206854328.194369
2674,2454355.597832043,-5943228701.850918,3586344157.564873,-2206871411.411242
2675,2454355.847840338,-5943384880.141832,3585640679.73249,-2206884767.0561724
2676,2454356.0978490133,-5943528991.811832,3584936982.563061,-2206898252.9101305
2677,2454356.347857563,-5943670754.97204,3584241386.650434,-2206915463.356223
2678,2454356.5978659177,-5943819178.003052,3583544952.902424,-2206932509.577413
2679,2454356.847874585,-5943964460.695072,3582839461.8867087,-2206945830.5223484
2680,2454357.097883628,-5944097674.506554,3582133947.6708283,-2206959345.5247645
2681,2454357.3478925396,-5944228692.151486,3581436576.265221,-2206976581.8180275
2682,2454357.59790126,-5944366353.125911,3580738267.6441083,-2206993589.6284294
2683,2454357.8479102966,-5944500704.715735,3580030958.167324,-2207006875.5979614
2684,2454358.0979197053,-5944622989.213871,3579323821.481824,-2207020419.4540143
2685,2454358.3479289766,-5944743230.999648,3578624866.58091,-2207037680.236521
2686,2454358.5979380603,-5944870098.052725,3577924875.1756325,-2207054648.3849173
2687,2454358.847947464,-5944993488.083864,3577215941.788895,-2207067899.269842
2688,2454359.0979572344,-5945104816.796516,3576507376.918988,-2207081471.8352456
2689,2454359.3479668633,-5945214257.254158,3575807030.159895,-2207098755.903734
2690,2454359.597976307,-5945330303.3406925,3575105547.675616,-2207115683.314723
2691,2454359.847986075,-5945442706.167273,3574395184.4803452,-2207128899.182103
2692,2454360.0979962056,-5945543057.375148,3573685385.158488,-2207142500.4718833
2693,2454360.3480061884,-5945641675.689551,3572983837.5724707,-2207159806.7859135
2694,2454360.59801599,-5945746878.373714,3572281055.097764,-2207176692.5673637
2695,2454360.8480261196,-5945848272.961191,3571569455.522148,-2207189873.667155
2696,2454361.098036607,-5945937629.509351,3570858614.711861,-2207203503.861999
2697,2454361.348046941,-5946025409.342721,3570156056.513362,-2207220831.5506577
2698,2454361.5980570973,-5946119750.634152,3569452164.3108244,-2207237675.000717
2699,2454361.8480675854,-5946210120.406774,3568739520.898394,-2207250821.7729387
2700,2454362.098078426,-5946288469.56191,3568027830.578829,-2207264481.2270455
2701,2454362.348089109,-5946365398.920659,3567324450.943785,-2207281829.5980005
2702,2454362.598099617,-5946448865.150114,3566619638.2184243,-2207298630.2152634
2703,2454362.84811046,-5946528197.87247,3565906142.3832703,-2207311743.301114
2704,2454363.098121652,-5946595531.2073555,3565193793.28948,-2207325432.5546303
2705,2454363.34813268,-5946661602.327472,3564489780.0789733,-2207342801.1083055
2706,2454363.5981435366,-5946734184.030719,3563784234.6823263,-2207359558.6075783
2707,2454363.8481547325,-5946802471.685759,3563070076.391101,-2207372638.86648
2708,2454364.098166271,-5946858784.946519,3562357257.673317,-2207386358.6640267
2709,2454364.348177641,-5946913994.146621,3561652797.0697436,-2207403747.113882
2710,2454364.5981888436,-5946975685.899192,3560946705.1114016,-2207420461.4478083
2711,2454364.8482003883,-5947032924.498438,3560232072.4694805,-2207433509.9799337
2712,2454365.0982122705,-5947078217.384016,3559518971.2554955,-2207447261.294039
2713,2454365.3482239796,-5947122564.809178,3558814247.303168,-2207464669.590795
2714,2454365.5982355243,-5947173364.929123,3558107792.670786,-2207481340.974257
2715,2454365.848247415,-5947219554.167177,3557392871.424209,-2207494359.144394
2716,2454366.0982596376,-5947253829.928628,3556679672.308353,-2207508143.198471
2717,2454366.3482716824,-5947287319.089278,3555974866.395439,-2207525571.551725
2718,2454366.5982835656,-5947327229.110452,3555268230.235205,-2207542200.4810925
2719,2454366.8482957985,-5947362371.766277,3554553203.256745,-2207555189.934546
2720,2454367.098308359,-5947385636.53068,3553840087.8015866,-2207569008.2147493
2721,2454367.348320735,-5947408273.546385,3553135378.1884313,-2207586457.0998545
2722,2454367.5983329546,-5947437297.38016,3552428738.470614,-2207603044.3535786
2723,2454367.848345526,-5947461398.394688,3551713785.374672,-2207616007.0093246
2724,2454368.0983584197,-5947473660.158904,3551000931.7899227,-2207629861.249441
2725,2454368.3483711253,-5947485452.672115,3550296493.367069,-2207647331.3830476
2726,2454368.5983836767,-5947503595.447062,3549590024.737162,-2207663877.9864497
2727,2454368.8483965844,-5947516660.695781,3548875321.8383126,-2207676815.990193
2728,2454369.0984098082,-5947517928.041955,3548162905.0621805,-2207690708.1125336
2729,2454369.348422839,-5947518883.891014,3547458909.56888,-2207708200.380704
2730,2454369.59843572,-5947526150.600467,3546752783.7144804,-2207724707.520381
2731,2454369.8484489596,-5947528185.533613,3546038504.552047,-2207737623.14508
2732,2454370.0984625104,-5947518466.283023,3545326696.9417815,-2207751555.14796
2733,2454370.348475863,-5947508592.19444,3544623313.8269587,-2207769070.4811378
2734,2454370.5984890703,-5947504986.452621,3543917700.5084414,-2207785539.36758
2735,2454370.8485026397,-5947495994.939898,3543204017.0425234,-2207798434.8649597
2736,2454371.098516514,-5947475295.111686,3542492989.728002,-2207812408.6655207
2737,2454371.348530186,-5947454595.798611,3541790387.6487885,-2207829947.8748684
2738,2454371.598543716,-5947440119.102425,3541085456.3245964,-2207846379.573862
2739,2454371.8485576115,-5947420102.87741,3540372540.665905,-2207859257.0030684
2740,2454372.098571806,-5947388426.33157,3539662465.359428,-2207873274.2667284
2741,2454372.348585794,-5947356904.348665,3538960814.0431323,-2207890837.8776693
2742,2454372.5985996444,-5947331556.152406,3538256735.752874,-2207907233.149978
2743,2454372.848613863,-5947300515.108228,3537544762.0351505,-2207920094.2255745
2744,2454373.098628375,-5947257864.058345,3536835812.86256,-2207934156.2255383
2745,2454373.348642676,-5947215520.523923,3536135284.866551,-2207951744.351626
2746,2454373.5986568434,-5947179299.157851,3535432233.8905,-2207968103.5425286
2747,2454373.8486713814,-5947137232.443153,3534721379.8039684,-2207980949.5405583
2748,2454374.098686208,-5947083608.707446,3534013734.6913652,-2207995057.081849
2749,2454374.3487008186,-5947030444.686053,3533314506.626132,-2208012669.3679237
2750,2454374.5987153,-5946983348.844643,3532612661.531071,-2208028992.369313
2751,2454374.848730155,-5946930256.429157,3531903109.182767,-2208041824.1074367
2752,2454375.0987452925,-5946865663.045448,3531196950.529199,-2208055977.5245285
2753,2454375.34876021,-5946801681.186759,3530499203.5451,-2208073613.161199
2754,2454375.5987750017,-5946743711.567225,3529798747.489359,-2208089899.4414687
2755,2454375.84879017,-5946679595.856324,3529090683.534812,-2208102717.3223677
2756,2454376.0988056147,-5946604038.652127,3528386198.1832776,-2208116916.534415
2757,2454376.3488208354,-5946529244.700685,3527690117.79523,-2208134574.3236322
2758,2454376.598835935,-5946460405.439216,3526991238.2212667,-2208150823.001713
2759,2454376.8488514125,-5946385272.624894,3526284853.440615,-2208163627.093658
2760,2454377.098867161,-5946298761.4750805,3525582232.155451,-2208177871.690066
2761,2454377.348882681,-5946213165.43103,3524888007.63839,-2208195550.1341686
2762,2454377.5988980844,-5946133465.16486,3524190895.6008153,-2208211760.0705385
2763,2454377.8489138684,-5946047326.188138,3523486384.1736693,-2208224550.1991334
2764,2454378.098929917,-5945949875.879172,3522785820.8767953,-2208238839.5311465
2765,2454378.3489457327,-5945853492.768945,3522093644.475819,-2208256536.9233766
2766,2454378.5989614357,-5945762945.318492,3521398493.8350205,-2208272706.8085055
2767,2454378.8489775215,-5945665816.467481,3520696052.526136,-2208285482.642566
2768,2454379.098993866,-5945557447.217099,3519997743.48341,-2208299815.906485
2769,2454379.3490099735,-5945450297.542049,3519307809.6075096,-2208317530.4112053
2770,2454379.599025972,-5945348922.295496,3518614816.2345757,-2208333658.8422074
2771,2454379.849042356,-5945240825.5310955,3517914643.6131735,-2208346419.9668
2772,2454380.0990589918,-5945121563.260745,3517218786.6717415,-2208360796.2738576
2773,2454380.3490753868,-5945003673.223228,3516531291.1513147,-2208378525.9932933
2774,2454380.599091677,-5944891495.321781,3515840652.20568,-2208394611.537162
2775,2454380.8491083547,-5944772458.425825,3515142947.943121,-2208407357.513479
2776,2454381.0991252773,-5944642334.875542,3514449741.849851,-2208421775.9470406
2777,2454381.349141955,-5944513736.465243,3513764881.2757826,-2208439518.976021
2778,2454381.599158533,-5944390786.86454,3513076794.563148,-2208455560.221538
2779,2454381.8491754993,-5944260843.4777775,3512381758.808275,-2208468290.6360936
2780,2454382.0991927045,-5944119896.222601,3511691402.6024556,-2208482750.2989125
2781,2454382.34920966,-5943980627.21431,3511009373.7353616,-2208500504.7703943
2782,2454382.5992265204,-5943846942.665221,3510324037.1314807,-2208516500.37145
2783,2454382.8492437713,-5943706132.251187,3509631869.947685,-2208529214.8772655
2784,2454383.099261254,-5943554404.648567,3508944562.4114327,-2208543714.931195
2785,2454383.3492784835,-5943404508.534806,3508265561.645061,-2208561479.054703
2786,2454383.5992956213,-5943260131.5021,3507583172.5706925,-2208577427.766963
2787,2454383.8493131516,-5943108499.25108,3506894073.4217105,-2208590126.1183105
2788,2454384.0993309068,-5942946040.330031,3506210012.5773354,-2208604665.8177567
2789,2454384.349348405,-5942785566.196722,3505534235.4478197,-2208622437.911745
2790,2454384.5993658155,-5942630544.721937,3504854990.388972,-2208638338.623308
2791,2454384.8493836196,-5942468141.400134,3504169157.6700587,-2208651020.7044926
2792,2454385.0994016426,-5942295005.696768,3503488540.323528,-2208665599.423903
2793,2454385.349419404,-5942124008.046848,3502816181.0657005,-2208683377.942098
2794,2454385.5994370827,-5941958395.560728,3502140275.1422296,-2208699229.6981173
2795,2454385.8494551554,-5941785277.3111315,3501457905.761269,-2208711895.546182
2796,2454386.0994734406,-5941601524.6585455,3500780927.0971646,-2208726512.8013554
2797,2454386.3494914602,-5941420063.192757,3500112178.253982,-2208744296.352896
2798,2454386.5995094012,-5941243918.288358,3499439804.842793,-2208760098.374062
2799,2454386.849527738,-5941060146.39621,3498761093.8571534,-2208772748.1954036
2800,2454387.0995462793,-5940865841.683059,3498087947.090205,-2208787403.6587715
2801,2454387.3495645523,-5940673981.054048,3497422999.179076,-2208805191.022439
2802,2454387.5995827504,-5940487367.2379,3496754349.5939927,-2208820942.7177496
2803,2454387.849601345,-5940293007.879041,3496079489.9032316,-2208833576.899306
2804,2454388.099620138,-5940088220.796054,3495410365.9842105,-2208848270.4100723
2805,2454388.349638658,-5939886030.355251,3494749407.2155333,-2208866060.5437207
2806,2454388.599657108,-5939689015.796025,3494084670.436405,-2208881761.5189123
2807,2454388.8496759557,-5939484139.787186,3493413852.520523,-2208894380.635472
2808,2454389.099694994,-5939268944.579511,3492748939.8833547,-2208909112.2063913
2809,2454389.349713756,-5939056498.133358,3492092155.915197,-2208926904.2535434
2810,2454389.599732452,-5938849155.4226675,3491431518.3474274,-2208942554.3172235
2811,2454389.8497515465,-5938633837.985847,3490764930.0292625,-2208955159.1370993
2812,2454390.0997708244,-5938408313.220733,3490104414.3555284,-2208969928.9602094
2813,2454390.349789823,-5938185688.802481,3489451988.058459,-2208987722.2561684
2814,2454390.5998087595,-5937968094.730319,3488795633.2950964,-2209003321.4260774
2815,2454390.849828095,-5937742415.269775,3488133459.497534,-2209015912.9174724
2816,2454391.0998476073,-5937506643.613592,3487477523.4679084,-2209030721.371061
2817,2454391.3498668363,-5937273923.259779,3486829634.669008,-2209048515.450699
2818,2454391.599886008,-5937046158.588704,3486177743.2244663,-2209064063.962043
2819,2454391.849905579,-5936810200.459272,3485520165.6920485,-2209076643.3018556
2820,2454392.099925319,-5936564268.436912,3484868988.6955714,-2209091490.9600616
2821,2454392.3499447727,-5936321537.935884,3484225813.8743625,-2209109285.568296
2822,2454392.5999641735,-5936083687.135218,3483578562.865141,-2209124783.8847075
2823,2454392.8499839744,-5935837537.357091,3482925759.829134,-2209137352.4697814
2824,2454393.100003937,-5935581535.042965,3482279517.6137934,-2209152240.114273
2825,2454393.3500236096,-5935328883.59851,3481641229.539256,-2209170035.218016
2826,2454393.6000432335,-5935081034.475957,3480998792.3076067,-2209185484.043178
2827,2454393.850063258,-5934824783.328022,3480350938.098202,-2209198043.501172
2828,2454394.100083437,-5934558803.8956,3479709802.3758535,-2209212972.1311584
2829,2454394.3501033224,-5934296323.628715,3479076569.7080483,-2209230767.9279494
2830,2454394.6001231642,-5934038566.779184,3478439115.424035,-2209246168.211932
2831,2454394.850143406,-5933772307.188738,3477796380.0787563,-2209258720.4047594
2832,2454395.1001637955,-5933496446.236533,3477160518.148144,-2209273691.2370663
2833,2454395.350183889,-5933224231.444835,3476532505.084368,-2209291488.150875
2834,2454395.600203942,-5932956659.440292,3475900198.4236426,-2209306841.0804806
2835,2454395.850224396,-5932680486.100186,3475262747.407356,-2209319388.0883307
2836,2454396.1002449896,-5932394840.695511,3474632321.929371,-2209334402.5344324
2837,2454396.3502652845,-5932112986.825782,3474009688.047774,-2209352201.1845894
2838,2454396.600285544,-5931835693.119868,3473382689.1161633,-2209367508.142802
2839,2454396.850306204,-5931549701.329432,3472750683.3406205,-2209380052.2133102
2840,2454397.1003269963,-5931254368.793399,3472125852.4682674,-2209395111.817821
2841,2454397.350347487,-5930962971.182633,3471508752.9825077,-2209412912.9458747
2842,2454397.600367947,-5930676048.821346,3470887217.7075853,-2209428175.425984
2843,2454397.8503888072,-5930380333.182089,3470260814.0717998,-2209440718.8755383
2844,2454398.1004097927,-5930075409.7899,3469641732.1503077,-2209455825.205261
2845,2454398.3504304737,-5929774562.393452,3469030318.7766595,-2209473629.551768
2846,2454398.6004511286,-5929478102.795514,3468414399.944872,-2209488849.0217814
2847,2454398.8504721834,-5929172756.068822,3467793752.542212,-2209501394.088777
2848,2454399.100493356,-5928858336.01213,3467180571.482479,-2209516548.5769987
2849,2454399.350514222,-5928548130.499386,3466574993.970311,-2209534356.718557
2850,2454399.600535066,-5928242222.712061,3465964842.899146,-2209549534.452308
2851,2454399.8505563107,-5927927335.259004,3465350104.811585,-2209562083.1248507
2852,2454400.100577665,-5927603510.291726,3464742975.9829154,-2209577286.899391
2853,2454400.35059871,-5927284035.917255,3464143384.0770946,-2209595099.08019
2854,2454400.6006197385,-5926968766.726122,3463539152.6138296,-2209610235.9946413
2855,2454400.850641167,-5926644426.862235,3462930477.9119177,-2209622789.856509
2856,2454401.1006626976,-5926311286.9015665,3462329554.10746,-2209638043.5981865
2857,2454401.3506839164,-5925982631.348114,3461736099.4423823,-2209655859.6041374
2858,2454401.6007051235,-5925658086.350328,3461137941.750116,-2209670956.150906
2859,2454401.85072673,-5925324381.629921,3460535487.137831,-2209683516.292081
2860,2454402.100748432,-5924982016.227771,3459940924.0497355,-2209698820.1663003
2861,2454402.350769819,-5924644267.237605,3459353761.4300528,-2209716639.2790594
2862,2454402.6007911996,-5924310532.601251,3458761835.053731,-2209731695.4208417
2863,2454402.8508129786,-5923967551.669183,3458165760.706803,-2209744262.4356303
2864,2454403.1008348456,-5923616051.920849,3457577717.531374,-2209759616.111711
2865,2454403.3508563964,-5923269299.227375,3456997005.3034105,-2209777437.1482496
2866,2454403.600877944,-5922926463.61229,3456411471.311728,-2209792452.4167166
2867,2454403.85089989,-5922574298.081568,3455821940.801006,-2209805026.477729
2868,2454404.100921917,-5922213758.432427,3455240579.9601192,-2209820429.216731
2869,2454404.3509436245,-5921858095.473352,3454666479.5501947,-2209838250.628642
2870,2454404.600965334,-5921506251.631295,3454087501.911207,-2209853224.2326894
2871,2454404.8509874414,-5921144997.554368,3453504681.438943,-2209865805.2056084
2872,2454405.1010096213,-5920775517.132181,3452930167.702306,-2209881255.979321
2873,2454405.3510314804,-5920411042.238119,3452362842.6488237,-2209899075.973752
2874,2454405.601053346,-5920050288.05571,3451790587.193747,-2209914006.9203076
2875,2454405.8510756083,-5919680046.822148,3451214644.5108213,-2209926594.483032
2876,2454406.101097935,-5919301730.194155,3450647143.8875875,-2209942092.090233
2877,2454406.3511199392,-5918928547.213309,3450086758.7246475,-2209959908.7418394
2878,2454406.601141955,-5918558986.212996,3449521392.0375233,-2209974795.9423337
2879,2454406.8511643657,-5918179864.935718,3448952495.351952,-2209987389.6855674
2880,2454407.1011868333,-5917792822.39116,3448392174.0295963,-2210002932.8466344
2881,2454407.3512089765,-5917411040.880642,3447838893.2642937,-2210020744.1857243
2882,2454407.6012311354,-5917032782.332023,3447280581.702605,-2210035586.5372767
2883,2454407.851253688,-5916644893.888531,3446718898.7475467,-2210048186.039121
2884,2454408.10127629,-5916249241.420547,3446165922.2106223,-2210063773.464716
2885,2454408.3512985655,-5915858976.57989,3445619909.4933505,-2210081577.540053
2886,2454408.6013208614,-5915472135.393714,3445068818.408492,-2210096373.982249
2887,2454408.85134355,-5915075598.28759,3444514515.711617,-2210108978.85962
2888,2454409.101366279,-5914671457.4295845,3443969048.0588474,-2210124609.2977333
2889,2454409.3513886807,-5914272829.919417,3443430465.5452247,-2210142404.2194414
2890,2454409.6014111065,-5913877526.453678,3442886758.6850657,-2210157153.772999
2891,2454409.8514339235,-5913472464.611419,3442340001.0084314,-2210169763.716693
2892,2454410.101456774,-5913059962.228502,3441802204.42727,-2210185435.985125
2893,2454410.3514792942,-5912653097.960567,3441271212.2835917,-2210203219.9548435
2894,2454410.6015018434,-5912249457.811151,3440735051.324233,-2210217921.7492104
2895,2454410.851524782,-5911836000.373869,3440196001.21894,-2210230536.5493927
2896,2454411.1015477465,-5911415268.456685,3439666035.5608206,-2210246249.5600305
2897,2454411.3515703785,-5911000298.391508,3439142791.5567465,-2210264020.894163
2898,2454411.601593044,-5910588452.193667,3438614335.708834,-2210278674.1893706
2899,2454411.8516160976,-5910166733.320965,3438083153.1325727,-2210291293.7563004
2900,2454412.101639169,-5909737908.791655,3437561175.5404615,-2210307046.53549
2901,2454412.351661906,-5909314968.746979,3437045834.6844463,-2210324803.6852436
2902,2454412.601684681,-5908895051.985084,3436525240.333875,-2210339407.8911138
2903,2454412.8517078417,-5908465210.663937,3436002082.2958374,-2210352032.273698
2904,2454413.1017310126,-5908028435.183338,3435488246.8533225,-2210367823.980729
2905,2454413.3517538477,-5907597665.639646,3434980961.044876,-2210385565.550493
2906,2454413.6017767256,-5907169818.449631,3434468381.406718,-2210400120.244343
2907,2454413.8517999863,-5906731998.291559,3433953401.62323,-2210412749.6471944
2908,2454414.1018232494,-5906287418.050343,3433447859.012809,-2210428579.591245
2909,2454414.3518461753,-5905848963.936192,3432948776.703287,-2210446304.355299
2910,2454414.601869148,-5905413330.884005,3432444361.4844184,-2210460809.2978506
2911,2454414.851892502,-5904967679.894875,3431937710.04407,-2210473444.0963516
2912,2454415.10191585,-5904515445.374425,3431440607.216266,-2210489311.751146
2913,2454415.3519388596,-5904069455.819102,3430949873.0823517,-2210507018.6678777
2914,2454415.60196192,-5903626185.644785,3430453768.158875,-2210521473.8164654
2915,2454415.8519853596,-5903172855.959064,3429955591.2046847,-2210534114.568901
2916,2454416.1020087847,-5902713121.656101,3429467071.066607,-2210550019.58421
2917,2454416.3520318707,-5902259749.706018,3428984825.705551,-2210567707.806964
2918,2454416.602055012,-5901808995.031848,3428497172.824101,-2210582113.325233
2919,2454416.852078529,-5901348142.611702,3428007612.2615347,-2210594760.781325
2920,2454417.1021020245,-5900881066.729116,3427527813.392899,-2210610702.9907746
2921,2454417.3521251795,-5900420469.031867,3427054193.0463004,-2210628371.874915
2922,2454417.6021483936,-5899962386.039794,3426575129.5545325,-2210642728.138748
2923,2454417.8521719817,-5899494170.345229,3426094322.7888923,-2210655383.244518
2924,2454418.1021955395,-5899019914.4555235,3425623379.187023,-2210671362.6697993
2925,2454418.352218756,-5898552250.918066,3425158515.4927177,-2210689011.776289
2926,2454418.602242036,-5898086999.00247,3424688174.0964594,-2210703319.3764505
2927,2454418.852265687,-5897611582.637472,3424216253.7949333,-2210715983.2759724
2928,2454419.1022893004,-5897130311.322409,3423754294.642105,-2210732000.128133
2929,2454419.3523125704,-5896655744.744906,3423298314.405706,-2210749629.2243648
2930,2454419.602335909,-5896183486.13965,3422836822.942822,-2210763888.9665546
2931,2454419.8523596157,-5895701034.470428,3422373916.8102336,-2210776563.0013185
2932,2454420.1023832764,-5895212914.929555,3421921066.2516994,-2210792617.6797566
2933,2454420.3524065935,-5894731610.603856,3421474091.225991,-2210810226.7380977
2934,2454420.6024299827,-5894252509.968578,3421021572.445633,-2210824439.6406693
2935,2454420.8524537375,-5893763190.694443,3420567803.0037937,-2210837125.346561
2936,2454421.1024774383,-5893268392.298722,3420124179.928442,-2210853218.4354444
2937,2454421.352500795,-5892780517.543208,3419686326.595345,-2210870807.6287665
2938,2454421.602524228,-5892294741.476049,3419242897.9411044,-2210884974.9169483
2939,2454421.852548023,-5891798724.115968,3418798382.3149753,-2210897674.0170856
2940,2454422.102571757,-5891297417.865437,3418364100.1474996,-2210913806.27681
2941,2454422.3525951453,-5890803141.451607,3417935479.5185146,-2210931375.9680343
2942,2454422.6026186147,-5890310857.881148,3417501252.9393578,-2210945499.0608916
2943,2454422.852642443,-5889808313.126841,3417066102.6829,-2210958213.44978
2944,2454423.102666202,-5889300670.962363,3416641269.230548,-2210974385.79809
2945,2454423.352689615,-5888800162.383972,3416221986.7198167,-2210991936.5175023
2946,2454423.6027131137,-5888301539.793358,3415797068.5750403,-2211006017.0005207
2947,2454423.852736968,-5887792638.686131,3415371389.6159267,-2211018748.71158
2948,2454424.1027607447,-5887278832.619229,3414956107.0623784,-2211034962.1857104
2949,2454424.352784176,-5886772261.176956,3414546262.5384536,-2211052494.5866466
2950,2454424.602807696,-5886267467.64521,3414130753.716168,-2211066534.1599803
2951,2454424.852831569,-5885752380.576719,3413714646.5516996,-2211079285.3061113
2952,2454425.102855357,-5885232581.6559105,3413309011.7419147,-2211095540.995435
2953,2454425.3528787983,-5884720115.398014,3412908699.9117756,-2211113055.7780957
2954,2454425.6029023333,-5884209317.524227,3412502696.321427,-2211127056.1706834
2955,2454425.852926218,-5883688213.155287,3412096256.629417,-2211139828.8488755
2956,2454426.10295001,-5883162590.394408,3411700361.8081427,-2211156127.7905045
2957,2454426.352973455,-5882644395.072201,3411309673.0896235,-2211173625.5882506
2958,2454426.602996998,-5882127756.976494,3410913266.671897,-2211187588.4346213
2959,2454426.8530208874,-5881600801.303006,3410516586.460095,-2211200384.5944314
2960,2454427.103044676,-5881069520.834625,3410130520.5600543,-2211216727.6350846
2961,2454427.3530681184,-5880545759.167305,3409749542.503111,-2211234208.8706675
2962,2454427.6030916627,-5880023441.889584,3409362822.7741246,-2211248135.562463
2963,2454427.8531155502,-5879490797.796767,3408975992.0340543,-2211260956.8551426
2964,2454428.103139329,-5878954022.60339,3408599842.4220576,-2211277344.500993
2965,2454428.353162762,-5878424854.205816,3408228661.524363,-2211294809.2394295
2966,2454428.6031863005,-5877897015.844977,3407851717.433711,-2211308700.7831707
2967,2454428.853210179,-5877358843.467977,3407474826.0119567,-2211321548.4272265
2968,2454429.103233942,-5876816733.970548,3407108680.341977,-2211337980.7208123
2969,2454429.353257358,-5876282316.171133,3406747383.8494544,-2211355428.560384
2970,2454429.603280885,-5875749112.926277,3406380305.4930296,-2211369285.4842825
2971,2454429.8533047484,-5875205570.901866,3406013444.683302,-2211382160.1901
2972,2454430.103328488,-5874658286.404635,3405657392.3372607,-2211398636.655172
2973,2454430.3533518817,-5874118775.861225,3405306069.5047336,-2211416066.6939235
2974,2454430.60337539,-5873580363.7899685,3404948949.180269,-2211429889.0362988
2975,2454430.8533992306,-5873031611.124197,3404592212.555893,-2211442791.0163946
2976,2454431.1034229402,-5872479311.757603,3404246345.2414036,-2211459310.689879
2977,2454431.353446305,-5871934866.440587,3403905087.688586,-2211476721.5785313
2978,2454431.603469788,-5871391403.445756,3403558020.008928,-2211490508.959988
2979,2454431.8534935997,-5870837601.468272,3403211503.3002543,-2211503438.018413
2980,2454432.1035172725,-5870280450.078847,3402875914.7052436,-2211519999.554808
2981,2454432.353540601,-5869731231.06846,3402544815.8649025,-2211537389.613641
2982,2454432.6035640524,-5869182878.577149,3402207897.0196776,-2211551141.3637667
2983,2454432.8535878276,-5868624192.480705,3401871697.213998,-2211564097.029964
2984,2454433.1036114567,-5868062356.016287,3401546481.9721274,-2211580698.839678
2985,2454433.353634742,-5867508528.724265,3401225635.9475603,-2211598066.198558
2986,2454433.603658154,-5866955452.7399235,3400898962.478705,-2211611781.495261
2987,2454433.853681886,-5866392052.460982,3400573176.5406814,-2211624763.160953
2988,2454434.103705465,-5865825702.683773,3400258428.9223666,-2211641403.543024
2989,2454434.3537286995,-5865267437.406505,3399947929.170897,-2211658746.2680407
2990,2454434.6037520654,-5864709808.910922,3399631596.667569,-2211672424.25674
2991,2454434.8537757467,-5864141869.391204,3399316320.2631793,-2211685431.287327
2992,2454435.103799267,-5863571183.01269,3399012132.9436235,-2211702108.532653
2993,2454435.3538224446,-5863008654.954482,3398712071.099433,-2211719424.7203517
2994,2454435.603845757,-5862446649.833194,3398406173.0832267,-2211733064.5988936
2995,2454435.8538693804,-5861874350.8607,3398101499.533711,-2211746096.409644
2996,2454436.1038928353,-5861299509.312928,3397807962.619922,-2211762808.869122
2997,2454436.353915948,-5860732898.301657,3397518427.5950675,-2211780096.7065315
2998,2454436.603939199,-5860166697.015603,3397223054.69386,-2211793697.777196
2999,2454436.8539627567,-5859590222.862525,3396929074.2211194,-2211806753.8783197
3000,2454437.1039861385,-5859011411.9128685,3396646274.5666814,-2211823500.0020733
3001,2454437.354009179,-5858440902.001366,3396367351.930814,-2211840757.8003244
3002,2454437.604032362,-5857870689.181736,3396082591.3180156,-2211854319.4980154
3003,2454437.8540558466,-5857290228.198163,3395799390.538885,-2211867399.5184865
3004,2454438.104079148,-5856707637.547851,3395527411.2887735,-2211884177.8764505
3005,2454438.3541021086,-5856133416.62232,3395259182.8584185,-2211901404.088323
3006,2454438.604125215,-5855559380.691376,3394985117.880467,-2211914925.9951468
3007,2454438.854148619,-5854975124.939943,3394712779.467733,-2211928029.6951923
3008,2454439.104171832,-5854388947.87479,3394451699.7484446,-2211944838.98847
3009,2454439.354194706,-5853811207.323381,3394194243.3007298,-2211962032.2186875
3010,2454439.6042177286,-5853233540.18042,3393930953.209073,-2211975514.0730658
3011,2454439.8542410443,-5852645685.13845,3393669555.6380186,-2211988641.352737
3012,2454440.104264161,-5852056118.247103,3393419450.3156095,-2212005480.4223757
3013,2454440.3542869403,-5851475052.694091,3393172839.353674,-2212022639.436541
3014,2454440.604309872,-5850893949.463424,3392920399.073528,-2212036081.141989
3015,2454440.854333091,-5850302693.782022,3392670016.39197,-2212049232.050191
3016,2454441.104356105,-5849709936.724967,3392430955.8418193,-2212066099.88709
3017,2454441.3543787813,-5849125743.808541,3392195259.36161,-2212083223.6222224
3018,2454441.604401614,-5848541402.623091,3391953739.253415,-2212096625.258089
3019,2454441.8544247295,-5847946947.913399,3391714440.837227,-2212109800.0038033
3020,2454442.104447632,-5847351203.210274,3391486490.6934814,-2212126695.7608056
3021,2454442.3544701985,-5846764083.369444,3391261772.925909,-2212143783.338035
3022,2454442.604492925,-5846176705.154293,3391031238.5191517,-2212157145.172272
3023,2454442.854515929,-5845579255.7645235,3390803088.798477,-2212170344.1375227
3024,2454443.1045387127,-5844980728.563236,3390586309.673823,-2212187267.1428947
3025,2454443.3545611617,-5844390884.797913,3390372629.7979903,-2212204317.881098
3026,2454443.6045837738,-5843800673.018735,3390153141.4979677,-2212217640.3834906
3027,2454443.854606658,-5843200435.768373,3389936199.6593056,-2212230864.1362033
3028,2454444.1046293154,-5842599333.56422,3389730646.844432,-2212247813.9063754
3029,2454444.3546516392,-5842006971.138869,3389528058.6852355,-2212264827.334442
3030,2454444.6046741297,-5841414131.488268,3389319671.4695168,-2212278111.187818
3031,2454444.854696887,-5840811315.33528,3389113991.1534743,-2212291360.4920096
3032,2454445.10471941,-5840207847.619195,3388919714.3186755,-2212308336.7409353
3033,2454445.3547416017,-5839613173.692524,3388728266.053227,-2212325312.605923
3034,2454445.604763963,-5839017913.700107,3388531029.1839223,-2212338558.712664
3035,2454445.8547865856,-5838412729.330592,3388336658.2058682,-2212351834.533342
3036,2454446.1048089666,-5837807107.159337,3388153701.1325803,-2212368837.1759663
3037,2454446.354831018,-5837210330.336247,3387973435.0334496,-2212385775.4448586
3038,2454446.6048532426,-5836612858.902074,3387787391.812869,-2212398984.926525
3039,2454446.854875723,-5836005518.244947,3387604371.9332175,-2212412288.427325
3040,2454447.1048979545,-5835397953.738601,3387432772.300986,-2212429317.5754204
3041,2454447.3549198587,-5834799283.552085,3387263724.540189,-2212446218.4288735
3042,2454447.6049419385,-5834199810.412976,3387088912.1320167,-2212459392.6176276
3043,2454447.8549642693,-5833590526.090678,3386917278.8962617,-2212472725.1500754
3044,2454448.1049863445,-5832981231.869347,3386757068.143182,-2212489781.0995297
3045,2454448.3550080936,-5832380878.204742,3386599268.6728168,-2212506644.9169307
3046,2454448.605030022,-5831779613.345723,3386435718.0027304,-2212519785.3381376
3047,2454448.8550521955,-5831168598.072572,3386275500.663412,-2212533148.4220805
3048,2454449.1050741067,-5830557786.642868,3386126703.930759,-2212550231.631287
3049,2454449.355095694,-5829955959.113406,3385980176.450072,-2212567058.966752
3050,2454449.6051174635,-5829353112.131568,3385827912.195144,-2212580167.312395
3051,2454449.8551394725,-5828740578.065045,3385679133.725218,-2212593562.607083
3052,2454450.1051612124,-5828128461.15946,3385541769.8966007,-2212610673.6657476
3053,2454450.3551826305,-5827525368.434231,3385406531.9174504,-2212627465.214187
3054,2454450.6052042344,-5826921147.854119,3385265572.59875,-2212640543.305902
3055,2454450.8552260716,-5826307305.896619,3385128249.814039,-2212653972.570227
3056,2454451.1052476335,-5825694093.762355,3385002331.6708417,-2212671112.1568036
3057,2454451.3552688756,-5825089942.84298,3384878394.7080708,-2212687868.707877
3058,2454451.6052903067,-5824484555.380428,3384748752.918424,-2212700918.4470153
3059,2454451.855311965,-5823869614.430192,3384622896.747257,-2212714383.4859715
3060,2454452.105333342,-5823255515.069293,3384508431.284846,-2212731552.310411
3061,2454452.3553544017,-5822650510.521688,3384395801.2227225,-2212748274.6867585
3062,2454452.605375653,-5822044160.308742,3384277484.0475354,-2212761297.987665
3063,2454452.855397126,-5821428326.480698,3384163100.0116634,-2212774800.5809965
3064,2454453.1054183114,-5820813544.872058,3384060088.9861455,-2212791999.3088417
3065,2454453.355439182,-5820207888.055736,3383958766.6953006,-2212808688.2848845
3066,2454453.605460247,-5819600775.883098,3383851776.4038453,-2212821686.9880266
3067,2454453.855481528,-5818984251.771602,3383748865.3891487,-2212835228.7983212
3068,2454454.1055025156,-5818368989.164052,3383657306.171777,-2212852457.954274
3069,2454454.3555231905,-5817762877.566832,3383567288.4493155,-2212869114.154948
3070,2454454.6055440633,-5817155200.270958,3383471623.521304,-2212882089.92076
3071,2454454.855565146,-5816538184.401246,3383380182.891319,-2212895672.383614
3072,2454455.105585929,-5815922637.843937,3383300069.667514,-2212912932.239334
3073,2454455.3556064023,-5815316264.7061405,3383221350.516475,-2212929556.025891
3074,2454455.6056270762,-5814708214.900717,3383137006.9947577,-2212942510.21921
3075,2454455.8556479546,-5814090901.581249,3383057032.008162,-2212956134.428205
3076,2454456.1056685266,-5813475263.911347,3382988357.248174,-2212973424.8899636
3077,2454456.355688792,-5812868818.361775,3382920929.3857474,-2212990016.251537
3078,2454456.6057092617,-5812260584.731551,3382847902.4042554,-2213002949.8383446
3079,2454456.8557299296,-5811643164.51316,3382779387.743463,-2213016616.4491878
3080,2454457.105750285,-5811027624.986265,3382722143.7101684,-2213033936.9719205
3081,2454457.3557703374,-5810421292.846325,3382666000.030441,-2213050495.4512467
3082,2454457.605790596,-5809813061.122006,3382604285.206784,-2213063408.937211
3083,2454457.855811047,-5809195721.936394,3382547226.2765865,-2213077118.1208262
3084,2454458.1058311802,-5808580467.518973,3382501406.206771,-2213094467.677725
3085,2454458.3558510127,-5807974432.735089,3382456540.820924,-2213110992.3582697
3086,2454458.605871055,-5807366387.2459755,3382406135.134443,-2213123885.7937317
3087,2454458.8558912836,-5806749316.055595,3382360528.761645,-2213137637.2594314
3088,2454459.1059111883,-5806134533.147879,3382326127.374202,-2213155014.383485
3089,2454459.355930796,-5805528979.560663,3382292535.916877,-2213171503.9488406
3090,2454459.6059506154,-5804921305.020371,3382253437.807932,-2213184377.0050063
3091,2454459.855970615,-5804304689.591007,3382219282.134924,-2213198170.092145
3092,2454460.1059902855,-5803690565.758973,3382196295.324488,-2213215572.981571
3093,2454460.3560096617,-5803085678.768198,3382173974.4561296,-2213232025.832652
3094,2454460.6060292525,-5802478561.846997,3382146183.150392,-2213244877.9283805
3095,2454460.8560490175,-5801862592.205274,3382123476.7999697,-2213258711.7405767
3096,2454461.106068447,-5801249317.506406,3382111900.663385,-2213276138.398011
3097,2454461.3560875864,-5800645285.251685,3382100846.979832,-2213292552.794497
3098,2454461.6061069425,-5800038915.60126,3382084361.304112,-2213305383.2378783
3099,2454461.8561264663,-5799423784.897376,3382073102.1266966,-2213319256.7829776
3100,2454462.1061456497,-5798811552.580843,3382072931.6661177,-2213336705.15178
3101,2454462.3561645458,-5798208566.481979,3382073140.379563,-2213353079.3426533
3102,2454462.6061836607,-5797603137.120483,3382067957.4412208,-2213365887.454386
3103,2454462.856202937,-5796989041.865766,3382068141.212731,-2213379799.7601542
3104,2454463.1062218677,-5796378048.474131,3382079369.0692873,-2213397267.83162
3105,2454463.3562405137,-5795776303.209812,3382090832.791052,-2213413600.152711
3106,2454463.606259382,-5795172010.390051,3382096946.8208394,-2213426385.353645
3107,2454463.8562784046,-5794559150.228253,3382108566.1552224,-2213440335.545907
3108,2454464.1062970757,-5793949595.287216,3382131181.598052,-2213457821.4283085
3109,2454464.3563154666,-5793349288.417965,3382153889.407196,-2213474110.361925
3110,2454464.606334081,-5792746331.196071,3382171290.9086637,-2213486872.2235494
3111,2454464.8563528433,-5792134908.430039,3382194334.488875,-2213500859.5687704
3112,2454465.1063712495,-5791526993.945997,3382228322.726397,-2213518361.522938
3113,2454465.356389378,-5790928325.393712,3382262259.55729,-2213534605.7265205
3114,2454465.6064077327,-5790326905.099086,3382290934.76619,-2213547343.993181
3115,2454465.856426229,-5789717124.158906,3382325386.8713613,-2213561367.9156127
3116,2454466.1064443635,-5789111054.093289,3382370728.6410255,-2213578884.368004
3117,2454466.356462224,-5788514225.628081,3382415874.928979,-2213595082.6833086
3118,2454466.6064803125,-5787914545.366452,3382455805.508184,-2213607797.277888
3119,2454466.8564985357,-5787306612.331729,3382501645.752502,-2213621857.3628674
3120,2454467.1065163924,-5786702592.146221,3382558317.0980496,-2213639386.9074426
3121,2454467.3565339786,-5786107806.95696,3382614648.5880437,-2213655538.3610396
3122,2454467.606551795,-5785510071.206182,3382665811.46153,-2213668229.3842125
3123,2454467.8565697395,-5784904193.426899,3382723014.6489654,-2213682325.3770833
3124,2454468.1065873117,-5784302429.730057,3382790986.791237,-2213699866.774599
3125,2454468.356604618,-5783709892.096421,3382858474.419106,-2213715970.5773892
3126,2454468.6066221558,-5783114306.401625,3382920841.6587615,-2213728638.3073626
3127,2454468.856639815,-5782510692.214204,3382989377.6724777,-2213742770.1141076
3128,2454469.106657097,-5781911392.497412,3383068616.89817,-2213760322.2940693
3129,2454469.356674117,-5781321307.543882,3383147226.6746316,-2213776377.844328
3130,2454469.6066913703,-5780728078.285856,3383220765.3763556,-2213789022.740758
3131,2454469.856708738,-5780126936.792652,3383300599.0454807,-2213803190.433251
3132,2454470.1067257244,-5779530309.218902,3383391066.5630593,-2213820752.5008197
3133,2454470.3567424514,-5778942882.710116,3383480759.4160905,-2213836759.3922873
3134,2454470.6067594145,-5778352216.902964,3383565431.527127,-2213849382.1052604
3135,2454470.8567764848,-5777753757.768518,3383656522.4393005,-2213863585.931432
3136,2454471.106793169,-5777160010.964995,3383758174.176688,-2213881157.1788955
3137,2454471.356809598,-5776575449.091866,3383858905.733412,-2213897115.21304
3138,2454471.6068262644,-5775987554.158225,3383954667.818435,-2213909716.5956597
3139,2454471.8568430315,-5775391987.369937,3384056970.0719166,-2213923956.9925694
3140,2454472.1068594074,-5774801330.172132,3384169756.416232,-2213941536.9129057
3141,2454472.3568755323,-5774219839.276783,3384281476.7307634,-2213957446.112344
3142,2454472.6068918966,-5773634922.749709,3384388279.689479,-2213970027.2335396
3143,2454472.856908354,-5773042458.293679,3384501741.603869,-2213984304.8395734
3144,2454473.1069244165,-5772455099.393928,3384625607.1082335,-2214001893.1379156
3145,2454473.3569402318,-5771876885.589305,3384748260.366533,-2214017753.7565417
3146,2454473.6069562878,-5771295154.700194,3384866049.139443,-2214030315.9093065
3147,2454473.8569724304,-5770706002.115707,3384990612.966937,-2214044631.570497
3148,2454474.1069881734,-5770122149.584468,3385125496.071272,-2214062228.1683674
3149,2454474.3570036734,-5769547418.242331,3385259020.3242774,-2214078040.6928935
3150,2454474.607019416,-5768969079.374508,3385387733.641748,-2214090585.392699
3151,2454474.857035238,-5768383447.173381,3385523335.337169,-2214104940.1579843
3152,2454475.107050656,-5767803307.846295,3385669168.1635714,-2214122545.1852546
3153,2454475.3570658355,-5767232262.953837,3385813495.1507006,-2214138310.323353
3154,2454475.6070812587,-5766657520.969565,3385953065.387968,-2214150839.2921834
3155,2454475.857096755,-5766075615.935421,3386099634.499913,-2214165234.393489
3156,2454476.107111843,-5765499394.68882,3386256342.7835402,-2214182848.1644063
3157,2454476.357126697,-5764932238.103783,3386411397.9051795,-2214198566.816267
3158,2454476.6071417956,-5764361295.581193,3386561751.098709,-2214211081.9497094
3159,2454476.8571569603,-5763783321.991652,3386719210.8330946,-2214225518.764885
3160,2454477.107171713,-5763211220.954967,3386886714.035001,-2214243141.736871
3161,2454477.3571862364,-5762648151.612511,3387052416.514937,-2214258814.9495783
3162,2454477.607201006,-5762081208.049853,3387213472.575078,-2214271318.2669096
3163,2454477.8572158343,-5761507366.881929,3387381740.0596027,-2214285798.2661405
3164,2454478.107230247,-5760939584.649323,3387559951.6835413,-2214303430.982641
3165,2454478.3572444348,-5760380797.784102,3387736214.9368625,-2214319059.889163
3166,2454478.6072588703,-5759818048.83488,3387907888.066031,-2214331553.468792
3167,2454478.8572733575,-5759248537.01646,3388086874.818955,-2214346078.1472387
3168,2454479.1072874255,-5758685267.919245,3388275702.9300547,-2214363721.167719
3169,2454479.3573012734,-5758130954.362183,3388462435.129652,-2214379306.9139338
3170,2454479.6073153703,-5757572591.158184,3388644634.4352384,-2214391792.817759
3171,2454479.8573295115,-5757007600.920054,3388834247.024349,-2214406363.6180973
3172,2454480.107343231,-5756449034.411613,3389033594.953159,-2214424017.4389663
3173,2454480.3573567346,-5755899380.010653,3389230699.776682,-2214439561.1025624
3174,2454480.6073704883,-5755345588.620192,3389423330.0594273,-2214452041.293043
3175,2454480.85738428,-5754785306.9943075,3389623470.931613,-2214466659.5216417
3176,2454481.1073976457,-5754231627.192433,3389833238.143865,-2214484324.4918485
3177,2454481.3574108016,-5753686812.4023,3390040615.681514,-2214499826.996828
3178,2454481.607424208,-5753137773.469505,3390243578.379859,-2214512303.2505946
3179,2454481.8574376456,-5752582381.981272,3390454146.841452,-2214526969.991257
3180,2454482.1074506547,-5752033767.41849,3390674229.952829,-2214544646.226613
3181,2454482.357463458,-5751493967.113419,3390891777.753508,-2214560108.2578874
3182,2454482.607476514,-5750949855.736848,3391104972.018421,-2214572582.080797
3183,2454482.857489594,-5750399530.354087,3391325865.3364305,-2214587298.1114397
3184,2454483.107502242,-5749856154.003053,3391556159.236466,-2214604985.4137645
3185,2454483.3575146897,-5749321537.58393,3391783773.448713,-2214620407.338726
3186,2454483.607527391,-5748782523.5092745,3392007097.2958083,-2214632879.8902326
3187,2454483.8575401097,-5748237434.925015,3392238211.855528,-2214647645.611367
3188,2454484.107552394,-5747699464.576788,3392478610.8630557,-2214665343.4022775
3189,2454484.3575644824,-5747170196.448894,3392716187.378465,-2214680725.2102647
3190,2454484.6075768257,-5746636444.647818,3392949538.80939,-2214693197.249069
3191,2454484.857589179,-5746096758.96162,3393190771.2039213,-2214708012.637034
3192,2454485.107601096,-5745564358.011008,3393441170.1131096,-2214725719.9200306
3193,2454485.357612822,-5745040598.472223,3393688605.555326,-2214741061.193832
3194,2454485.607624804,-5744512270.129202,3393931883.4768314,-2214753533.059333
3195,2454485.8576367893,-5743978149.927407,3394183131.34448,-2214768397.6586795
3196,2454486.107648335,-5743451478.540621,3394443426.1679454,-2214786113.0234303
3197,2454486.357659696,-5742933385.027559,3394700618.5282545,-2214801412.9557853
3198,2454486.607671313,-5742410638.852069,3394953723.2690444,-2214813884.596879
3199,2454486.857682927,-5741882244.572694,3395214885.6829605,-2214828797.56172
3200,2454487.1076940987,-5741361461.091313,3395484973.906376,-2214846519.2379723
3201,2454487.3577050907,-5740849189.606156,3395751822.656218,-2214861776.6976213
3202,2454487.6077163396,-5740332183.263916,3396014655.9339156,-2214874247.7503004
3203,2454487.857727579,-5739809674.614336,3396285633.223878,-2214889207.9327455
3204,2454488.1077383733,-5739294936.942417,3396565413.484572,-2214906933.888495
3205,2454488.3577489937,-5738788643.391761,3396841819.1144595,-2214922147.5267315
3206,2454488.607759871,-5738277534.7772455,3397114283.4420023,-2214934617.427787
3207,2454488.8577707317,-5737761071.924638,3397394976.4793243,-2214949623.497452
3208,2454489.1077811457,-5737252538.624407,3397684347.7419405,-2214967351.5624666
3209,2454489.357791391,-5736752379.808461,3397970210.8406043,-2214982519.9387126
3210,2454489.607801894,-5736247327.916911,3398252208.524144,-2214994988.0519176
3211,2454489.857812373,-5735737072.236172,3398542517.655936,-2215010038.621561
3212,2454490.1078224033,-5735234903.148825,3398841378.100153,-2215027766.610625
3213,2454490.35783227,-5734741037.253453,3399136598.211667,-2215042888.3113775
3214,2454490.607842395,-5734242202.543956,3399428030.193723,-2215055354.041197
3215,2454490.857852489,-5733738316.855205,3399727854.088963,-2215070447.774628
3216,2454491.1078621326,-5733242673.219434,3400036099.973261,-2215088173.5885434
3217,2454491.3578716177,-5732755259.822993,3400340574.490876,-2215103247.3201675
3218,2454491.6078813616,-5732262804.121291,3400641339.285784,-2215115710.1960545
3219,2454491.8578910674,-5731765452.49865,3400950573.9231753,-2215130845.884322
3220,2454492.10790032,-5731276496.677342,3401268098.6331367,-2215148567.5777392
3221,2454492.3579094205,-5730795696.406523,3401581721.913083,-2215163592.2253313
3222,2454492.60791878,-5730309782.500276,3401891714.7904944,-2215176051.9519196
3223,2454492.8579280935,-5729819129.817802,3402210252.715125,-2215191228.5558867
3224,2454493.107936953,-5729337024.8067,3402536946.0941095,-2215208944.372675
3225,2454493.3579456657,-5728862998.818272,3402859608.858781,-2215223919.028104
3226,2454493.607954637,-5728383789.920333,3403178721.3175483,-2215236375.5065274
3227,2454493.857963556,-5727900001.305625,3403506451.18347,-2215251592.1727386
3228,2454494.1079720194,-5727424910.186192,3403842199.140107,-2215269300.557117
3229,2454494.3579803407,-5726957819.6259575,3404173788.1450286,-2215284224.525484
3230,2454494.607988921,-5726485478.844179,3404501907.6346636,-2215296677.8557863
3231,2454494.8579974417,-5726008719.163946,3404838713.9764943,-2215311933.9160748
3232,2454495.1080055055,-5725540804.609803,3405183398.30077,-2215329633.5101166
3233,2454495.3580134325,-5725080810.142993,3405523796.1884375,-2215344506.3051734
3234,2454495.608021619,-5724615500.035621,3405860805.9950724,-2215356956.780112
3235,2454495.8580297385,-5724145933.477525,3406206569.141544,-2215372251.7448406
3236,2454496.1080373996,-5723685357.364747,3406560067.4404426,-2215389941.3816867
3237,2454496.3580449303,-5723232618.814811,3406909152.691785,-2215404762.7189283
3238,2454496.6080527194,-5722774501.05613,3407254931.90057,-2215417210.817198
3239,2454496.858060435,-5722312290.820366,3407609527.9442425,-2215432544.3694406
3240,2454497.108067691,-5721859213.944658,3407971713.614375,-2215450223.06879
3241,2454497.3580748215,-5721413890.034178,3408329360.519248,-2215464992.861982
3242,2454497.6080822106,-5720963125.175791,3408683783.9790955,-2215477439.2458973
3243,2454497.8580895197,-5720508433.254178,3409047084.7331333,-2215492811.240841
3244,2454498.1080963677,-5720063015.126113,3409417826.9065466,-2215510478.210254
3245,2454498.358103096,-5719625263.285032,3409783905.494914,-2215525196.574249
3246,2454498.608110083,-5719182010.572572,3410146843.7330093,-2215537642.093994
3247,2454498.858116982,-5718734997.57029,3410518716.628297,-2215553052.5650277
3248,2454499.1081234193,-5718297396.239491,3410897880.050676,-2215570707.207819
3249,2454499.358129743,-5717867372.427713,3411272255.9498835,-2215585374.467703
3250,2454499.6081363247,-5717431789.6166525,3411643575.0077085,-2215597820.1715703
3251,2454499.858142812,-5716992614.5573635,3412023882.908666,-2215613269.3418155
3252,2454500.1081488365,-5716562986.403866,3412411327.735141,-2215630911.269633
3253,2454500.358154753,-5716140844.884444,3412793861.9455953,-2215645527.973729
3254,2454500.608160927,-5715713087.989826,3413173423.136095,-2215657975.121171
3255,2454500.8581669996,-5715281908.0378685,3413562024.082446,-2215673463.4165816
3256,2454501.1081726095,-5714860407.463973,3413957605.6064377,-2215691092.4622316
3257,2454501.3581781164,-5714446300.4607525,3414348154.219505,-2215705659.393822
3258,2454501.6081838803,-5714026523.375817,3414735813.837903,-2215718109.465587
3259,2454501.8581895367,-5713603493.412784,3415132560.753873,-2215733637.523364
3260,2454502.1081947293,-5713190272.3760395,3415536129.1193404,-2215751253.7469444
3261,2454502.358199825,-5712784349.560569,3415934543.036888,-2215765771.9273043
3262,2454502.608205177,-5712372703.494876,3416330152.093601,-2215778226.6248817
3263,2454502.8582104146,-5711957975.50827,3416734892.541582,-2215793795.2890515
3264,2454503.108215188,-5711553182.861625,3417146292.5238376,-2215811398.9690948
3265,2454503.358219871,-5711155590.645357,3417552417.2719235,-2215825869.6434073
3266,2454503.608224809,-5710752223.369538,3417955821.346326,-2215838330.8693852
3267,2454503.8582296264,-5710345945.652988,3418368397.428806,-2215853941.1654634
3268,2454504.108233979,-5709949726.305278,3418787468.3912077,-2215871532.767368
3269,2454504.358238247,-5709560606.96474,3419201144.1369677,-2215885957.3663964
3270,2454504.60824277,-5709165661.904876,3419612183.460688,-2215898427.1793475
3271,2454504.858247165,-5708767978.128571,3420032431.97652,-2215914080.262673
3272,2454505.108251096,-5708380472.099646,3420459008.104194,-2215931660.380251
3273,2454505.358254948,-5707999962.82413,3420880069.9696,-2215946040.4548283
3274,2454505.608259055,-5707613578.109713,3421298579.8232307,-2215958520.997301
3275,2454505.8582630265,-5707224626.378201,3421726332.7499022,-2215974218.0752463
3276,2454506.1082665343,-5706845967.877213,3422160243.6176305,-2215991787.3472733
3277,2454506.3582699695,-5706474199.876936,3422588522.331064,-2216006124.4793124
3278,2454506.608273658,-5706096507.487252,3423014333.77735,-2216018617.884267
3279,2454506.858277206,-5705716419.533565,3423449419.0831966,-2216034360.1193347
3280,2454507.10828029,-5705346736.210586,3423890490.541908,-2216051919.129784
3281,2454507.3582833074,-5704983834.0335,3424325813.392194,-2216066214.8299165
3282,2454507.6082865773,-5704614959.185742,3424758754.2909856,-2216078723.116961
3283,2454507.8582897,-5704243859.837209,3425200997.00455,-2216094511.523171
3284,2454508.10829236,-5703883272.333031,3425649052.29666,-2216112060.698331
3285,2454508.358294959,-5703529353.50226,3426091244.284849,-2216126316.3039284
3286,2454508.6082978104,-5703169414.378291,3426531140.4728236,-2216138841.2793546
3287,2454508.8583005075,-5702807421.374801,3426980363.8824296,-2216154676.6258187
3288,2454509.1083027427,-5702456043.232396,3427435224.8521085,-2216172216.1419168
3289,2454509.358304924,-5702111218.25019,3427884109.9029975,-2216186432.728662
3290,2454509.6083073555,-5701760326.090651,3428330786.3984723,-2216198975.9016995
3291,2454509.8583096275,-5701407550.267087,3428786813.2434726,-2216214858.6347775
3292,2454510.1083114385,-5701065488.200808,3429248301.506929,-2216232388.3464317
3293,2454510.358313201,-5700729860.901028,3429703703.610848,-2216246566.6627283
3294,2454510.6083152136,-5700388120.4362955,3430156985.7213135,-2216259129.186126
3295,2454510.85831706,-5700044666.228293,3430619639.2609653,-2216275059.3771243
3296,2454511.108318446,-5699712020.701418,3431087577.2314496,-2216292578.772388
3297,2454511.3583197906,-5699385688.894357,3431549321.4200993,-2216306719.201251
3298,2454511.608321384,-5699053199.051287,3432009035.6654673,-2216319301.8400784
3299,2454511.8583228053,-5698719165.26007,3432478140.5469303,-2216335279.1614933
3300,2454512.1083237673,-5698396031.304585,3432952352.2437735,-2216352787.345718
3301,2454512.3583246944,-5698079087.647079,3433420265.336321,-2216366889.8958716
3302,2454512.608325869,-5697755942.464258,3433886240.1295753,-2216379493.02571
3303,2454512.858326865,-5697431423.213071,3434361623.00137,-2216395516.7569118
3304,2454513.1083274037,-5697117891.424026,3434841934.5931478,-2216413012.466047
3305,2454513.358327913,-5696810424.446984,3435315845.665325,-2216427076.792534
3306,2454513.6083286693,-5696496714.129473,3435787911.705335,-2216439700.42721
3307,2454513.8583292407,-5696181799.940752,3436269401.532596,-2216455769.4895086
3308,2454514.108329356,-5695877957.571659,3436755641.572133,-2216473251.132513
3309,2454514.358329449,-5695580052.787519,3437235382.1077175,-2216487276.586062
3310,2454514.608329787,-5695275864.818881,3437713372.4459443,-2216499920.4338202
3311,2454514.8583299345,-5694970643.724667,3438200800.4922547,-2216516033.4533815
3312,2454515.1083296277,-5694676575.79034,3438692799.8124003,-2216533499.181482
3313,2454515.358329304,-5694388316.780347,3439178203.511733,-2216547484.8836303
3314,2454515.6083292244,-5694093736.985643,3439661953.2746644,-2216560148.4278407
3315,2454515.8583289483,-5693798295.558879,3440155152.7410736,-2216576303.8215914
3316,2454516.108328219,-5693514085.828151,3440652744.012303,-2216593751.618536
3317,2454516.35832748,-5693235555.188123,3441143646.2709084,-2216607696.555433
3318,2454516.6083269827,-5692950668.624105,3441632992.0646305,-2216620379.1515365
3319,2454516.8583262837,-5692665092.806704,3442131797.4266524,-2216636575.2266383
3320,2454517.108325133,-5692390824.562743,3442634814.4324894,-2216654003.0095305
3321,2454517.3583239787,-5692122104.589351,3443131051.561188,-2216667906.1330056
3322,2454517.608323065,-5691846996.150785,3443625830.644613,-2216680607.10936
3323,2454517.8583219433,-5691571371.776558,3444130076.7882304,-2216696842.163287
3324,2454518.108320372,-5691307128.254788,3444638353.5327764,-2216714247.8805923
3325,2454518.358318803,-5691048301.296349,3445139761.84518,-2216728108.2029104
3326,2454518.608317473,-5690783055.9783,3445639811.20741,-2216740826.9519587
3327,2454518.858315929,-5690517468.948242,3446149332.506634,-2216757099.3598475
3328,2454519.1083139377,-5690263333.42771,3446662702.3010755,-2216774481.07387
3329,2454519.3583119544,-5690014481.894372,3447169117.2168303,-2216788297.7443137
3330,2454519.6083102087,-5689759184.724499,3447674272.705529,-2216801033.7932863
3331,2454519.858308243,-5689503720.866851,3448188902.1840825,-2216817342.0729637
3332,2454520.108305832,-5689259776.465055,3448707196.847684,-2216834698.018643
3333,2454520.3583034356,-5689020982.564484,3449218452.1373153,-2216848470.375386
3334,2454520.6083012745,-5688775718.285558,3449728547.7522564,-2216861223.4315886
3335,2454520.8582988875,-5688530462.993002,3450248116.43003,-2216877566.2829905
3336,2454521.108296058,-5688296792.266258,3450771165.691411,-2216894894.9013104
3337,2454521.358293249,-5688068137.574052,3451287092.9328756,-2216908622.4985085
3338,2454521.608290673,-5687832990.190662,3451801960.338534,-2216921392.4706774
3339,2454521.8582878658,-5687598027.950824,3452326296.800547,-2216937768.7924404
3340,2454522.108284618,-5687374712.416158,3452853927.9211335,-2216955068.742471
3341,2454522.358281397,-5687156277.394698,3453374356.1747575,-2216968751.357631
3342,2454522.608278407,-5686931329.693586,3453893824.424546,-2216981538.359356
3343,2454522.85827518,-5686706743.616397,3454422754.5920787,-2216997947.2493253
3344,2454523.1082715155,-5686493863.29129,3454954792.1798573,-2217015217.4061275
3345,2454523.3582678833,-5686285726.84496,3455479547.83983,-2217028855.035404
3346,2454523.6082644803,-5686071059.9677725,3456003443.2616153,-2217041659.3784437
3347,2454523.8582608346,-5685856931.378726,3456536790.3081846,-2217058100.125981
3348,2454524.1082567535,-5685654564.397668,3457073056.259127,-2217075339.5721984
3349,2454524.358252711,-5685456803.513398,3457601963.0149536,-2217088932.4212117
3350,2454524.608248896,-5685252496.62082,3458130109.1885595,-2217101754.60605
3351,2454524.8582448326,-5685048904.749334,3458667693.5300426,-2217118226.683111
3352,2454525.1082403366,-5684857127.077042,3459208007.026048,-2217135434.700767
3353,2454525.3582358854,-5684669816.560933,3459740885.863327,-2217148983.1769457
3354,2454525.608231659,-5684475946.590434,3460273103.620914,-2217161823.88606
3355,2454525.858227179,-5684282968.3476095,3460814742.9127855,-2217178326.942007
3356,2454526.1082222695,-5684101853.575743,3461358920.4118223,-2217195503.008867
3357,2454526.3582174107,-5683925065.865685,3461895589.5912933,-2217209007.7190995
3358,2454526.608212774,-5683741707.356281,3462431696.9830875,-2217221867.81611
3359,2454526.8582078787,-5683559417.169359,3462977206.0713096,-2217238401.6787896
3360,2454527.108202557,-5683389036.35826,3463525061.240732,-2217255545.4712234
3361,2454527.358197292,-5683222841.368771,3464065336.211297,-2217269007.226088
3362,2454527.608192247,-5683050066.304043,3464605148.3975587,-2217281887.761419
3363,2454527.8581869374,-5682878535.954082,3465154339.1894464,-2217298452.444464
3364,2454528.108181205,-5682718957.461809,3465705682.754591,-2217315563.8460793
3365,2454528.358175535,-5682563422.399144,3466249375.978728,-2217328983.6692367
3366,2454528.6081700833,-5682401300.002788,3466792705.033169,-2217341885.8901653
3367,2454528.858164361,-5682240598.396558,3467345386.280832,-2217358481.6037016
3368,2454529.1081582196,-5682091887.6231575,3467900025.7895036,-2217375560.7161365
3369,2454529.358152147,-5681947076.696354,3468446946.490295,-2217388939.854507
3370,2454529.6081462894,-5681795673.104226,3468993601.1335125,-2217401865.214427
3371,2454529.858140157,-5681645865.903336,3469549578.1584463,-2217418492.3731346
3372,2454530.108133608,-5681508084.873509,3470107317.70069,-2217435539.5221624
3373,2454530.3581271344,-5681374058.825927,3470657271.581355,-2217448879.4492183
3374,2454530.608120873,-5681233436.561996,3471207056.907067,-2217461829.6076207
3375,2454530.858114332,-5681094585.600966,3471766131.341182,-2217478488.8269525
3376,2454531.1081073782,-5680967792.323221,3472326771.3122907,-2217495504.5539985
3377,2454531.3581005055,-5680844607.730855,3472879560.3488374,-2217508806.955657
3378,2454531.6080938424,-5680714824.943769,3473432277.6560965,-2217521783.7579865
3379,2454531.858086895,-5680586987.406982,3473994247.324021,-2217538475.8274336
3380,2454532.1080795387,-5680471234.994499,3474557584.366179,-2217555460.8553257
3381,2454532.358072269,-5680358943.334247,3475113006.81757,-2217568727.5874557
3382,2454532.6080652066,-5680240052.818058,3475668453.7000313,-2217581733.0142517
3383,2454532.858057855,-5680123280.221302,3476233112.797823,-2217598458.8379674
3384,2454533.1080500986,-5680018615.844434,3476798940.0763645,-2217615414.002382
3385,2454533.358042435,-5679917262.4277935,3477356790.865145,-2217628647.012845
3386,2454533.608034976,-5679809310.548413,3477914761.7030473,-2217641683.092979
3387,2454533.858027223,-5679703647.672684,3478481901.4071016,-2217658443.5947766
3388,2454534.1080190693,-5679610111.515988,3479050009.33845,-2217675369.741013
3389,2454534.3580110143,-5679519734.484188,3479610080.897453,-2217688570.9586315
3390,2454534.608003162,-5679422760.227954,3480170367.8218737,-2217701639.652014
3391,2454534.8579950104,-5679328244.23844,3480739777.367101,-2217718435.653322
3392,2454535.1079864623,-5679245868.706581,3481309954.80334,-2217735333.5101895
3393,2454535.3579780194,-5679166498.337439,3481872038.3566055,-2217748504.71561
3394,2454535.607969776,-5679080532.731621,3482434432.6155715,-2217761607.7832355
3395,2454535.8579612295,-5678997192.724343,3483005900.733456,-2217778439.8744764
3396,2454536.107952291,-5678926002.125212,3483577936.4561653,-2217795309.928144
3397,2454536.3579434636,-5678857660.659144,3484141823.5507865,-2217808452.6312346
3398,2454536.6079348326,-5678782726.74438,3484706117.061682,-2217821591.518224
3399,2454536.8579258947,-5678710583.867398,3485279433.5355544,-2217838459.949715
3400,2454537.107916569,-5678650594.681895,3485853117.794842,-2217855302.3433757
3401,2454537.3579073604,-5678593296.735573,3486418601.805225,-2217868417.692141
3402,2454537.6078983457,-5678529410.116056,3486984588.6081495,-2217881593.4472847
3403,2454537.85788902,-5678468478.248283,3487559545.6607466,-2217898498.0608025
3404,2454538.107879311,-5678419699.927824,3488134671.482598,-2217915312.538537
3405,2454538.357869725,-5678373453.397321,3488701548.825292,-2217928401.274966
3406,2454538.6078603305,-5678320623.235365,3489269026.1965504,-2217941614.518757
3407,2454538.8578506205,-5678270910.059049,3489845419.4956493,-2217958554.7282047
3408,2454539.107840532,-5678233346.16239,3490421783.573934,-2217975340.627861
3409,2454539.357830573,-5678198153.409163,3490989854.4824376,-2217988403.0919957
3410,2454539.607820802,-5678156383.64538,3491558623.5922685,-2218001654.0312986
3411,2454539.857810712,-5678117891.888046,3492136252.79317,-2218018628.8476386
3412,2454540.1078002485,-5678091541.333468,3492713655.918693,-2218035385.1351895
3413,2454540.35778992,-5678067400.434764,3493282724.7622886,-2218048421.307717
3414,2454540.6077797767,-5678036691.02589,3493852590.8894196,-2218061709.7857027
3415,2454540.8577693105,-5678009419.677685,3494431259.7518992,-2218078717.8736043
3416,2454541.1077584755,-5677994277.93333,3495009506.8371825,-2218095443.2056007
3417,2454541.357747782,-5677981183.838471,3495579382.059393,-2218108452.7751117
3418,2454541.60773727,-5677961531.873801,3496150154.450832,-2218121778.342645
3419,2454541.8577264315,-5677945477.261033,3496729670.6277103,-2218138818.095376
3420,2454542.1077152295,-5677941537.373313,3497308570.429903,-2218155510.8965764
3421,2454542.3577041742,-5677939482.883892,3497879064.211028,-2218168493.3392677
3422,2454542.6076932983,-5677930883.514918,3498450555.6908255,-2218181855.3363447
3423,2454542.857682091,-5677926040.178994,3499030730.28911,-2218198924.9585524
3424,2454543.1076705265,-5677933293.600895,3499610094.927461,-2218215583.505335
3425,2454543.3576591136,-5677942270.147133,3500181022.6621175,-2218228538.168655
3426,2454543.6076478767,-5677944717.311043,3500753049.073957,-2218241935.8083014
3427,2454543.857636306,-5677951078.679934,3501333696.0669537,-2218259033.399874
3428,2454544.107624382,-5677969515.891087,3501913340.40722,-2218275655.9034123
3429,2454544.357612616,-5677989514.099534,3502484520.0635824,-2218288582.088213
3430,2454544.6076010223,-5678003001.033769,3503056899.608859,-2218302014.537803
3431,2454544.8575890907,-5678020559.884257,3503637835.157012,-2218319138.174256
3432,2454545.1075768117,-5678050170.801535,3504217576.117265,-2218335722.859168
3433,2454545.357564696,-5678081180.852966,3504788827.530312,-2218348619.8962393
3434,2454545.6075527496,-5678105700.399727,3505361380.0528502,-2218362086.352244
3435,2454545.8575404617,-5678134449.109657,3505942421.783802,-2218379234.1575685
3436,2454546.107527832,-5678175223.288007,3506522077.61242,-2218395779.332073
3437,2454546.357515371,-5678217235.066355,3507093221.7627087,-2218408646.6491423
3438,2454546.607503075,-5678252779.769704,3507665768.032559,-2218422146.4012947
3439,2454546.8574904352,-5678292710.365011,3508246734.3341217,-2218439316.6093435
3440,2454547.107477458,-5678344636.9964075,3508826123.9148197,-2218455820.723094
3441,2454547.3574646553,-5678397640.040377,3509396982.2484164,-2218468657.8985887
3442,2454547.6074520145,-5678444202.05164,3509969343.300831,-2218482190.3799653
3443,2454547.857439026,-5678495306.0688305,3510550052.682965,-2218499381.3810782
3444,2454548.107425706,-5678558373.805113,3511128994.9219832,-2218515843.067667
3445,2454548.3574125655,-5678622357.093292,3511699388.765124,-2218528649.868659
3446,2454548.6073995833,-5678679927.92111,3512271385.346054,-2218542214.6895766
3447,2454548.85738625,-5678742196.126604,3512851655.9198236,-2218559425.0608025
3448,2454549.1073725913,-5678816392.772457,3513429969.259354,-2218575843.163866
3449,2454549.3573591174,-5678891344.392873,3513999719.367136,-2218588619.567762
3450,2454549.607345798,-5678959914.55253,3514571171.51888,-2218602216.533612
3451,2454549.8573321244,-5679033336.576715,3515150820.6201043,-2218619445.053284
3452,2454550.1073181303,-5679118648.713048,3515728322.699066,-2218635818.63757
3453,2454550.3573043267,-5679204555.478739,3516297248.9523764,-2218648564.839485
3454,2454550.607290674,-5679284114.103059,3516867975.7466807,-2218662193.9551167
3455,2454550.857276664,-5679368678.050999,3517446819.704458,-2218679439.6048737
3456,2454551.10726234,-5679465090.649399,3518023327.1599064,-2218695767.9558177
3457,2454551.3572482103,-5679561937.718731,3518591248.3971615,-2218708484.365658
3458,2454551.607234229,-5679652472.186264,3519161067.7959094,-2218722145.8306
3459,2454551.857219886,-5679748164.277145,3519738921.8202577,-2218739407.789431
3460,2454552.107205236,-5679855660.353296,3520314250.1982512,-2218755690.406013
3461,2454552.357190785,-5679963430.897926,3520880984.146043,-2218768377.6401052
3462,2454552.6071764785,-5680064926.516201,3521449712.949529,-2218782071.8395905
3463,2454552.857161808,-5680171730.783684,3522026391.0946145,-2218799349.47485
3464,2454553.1071468354,-5680290291.115844,3522600354.824338,-2218815586.060574
3465,2454553.357132068,-5680408966.056565,3523165718.07864,-2218828244.932557
3466,2454553.60711744,-5680521405.814262,3523733171.911586,-2218841972.4288445
3467,2454553.8571024463,-5680639303.875328,3524308487.064059,-2218859265.2885056
3468,2454554.1070871563,-5680768906.789461,3524880899.4444366,-2218875455.7444487
3469,2454554.3570720763,-5680898464.595112,3525444707.452063,-2218888087.2590094
3470,2454554.607057132,-5681021828.972449,3526010700.7382045,-2218901848.78623
3471,2454554.857041819,-5681150799.848103,3526584464.5828557,-2218919156.595162
3472,2454555.107026216,-5681291421.047024,3527155137.735986,-2218935301.0174565
3473,2454555.357010828,-5681431837.568287,3527717204.7332215,-2218947906.3688073
3474,2454555.6069955714,-5681566104.3717575,3528281550.618277,-2218961702.832697
3475,2454555.856979944,-5681706124.320318,3528853573.544458,-2218979025.4938116
3476,2454556.1069640326,-5681857736.712405,3529422318.303415,-2218995124.175814
3477,2454556.3569483412,-5682008985.000931,3529982457.1839113,-2219007704.750532
3478,2454556.6069327774,-5682154129.168003,3530544967.384385,-2219021537.2320466
3479,2454556.85691684,-5682305171.471937,3531115058.316478,-2219038874.830621
3480,2454557.1069006254,-5682467744.935943,3531681684.0372486,-2219054928.267358
3481,2454557.356884635,-5682629794.981222,3532239706.1464186,-2219067485.6484485
3482,2454557.6068687686,-5682785788.283824,3532800190.72958,-2219081355.4073305
3483,2454557.8568525263,-5682947822.915957,3533368156.895968,-2219098708.213753
3484,2454558.106836013,-5683121323.925474,3533932471.2180495,-2219114717.1029835
3485,2454558.356819729,-5683294142.231704,3534488186.109371,-2219127253.068614
3486,2454558.606803565,-5683460952.800534,3535046453.2518306,-2219141161.539495
3487,2454558.856787022,-5683633945.892811,3535612099.95263,-2219158530.002073
3488,2454559.1067702156,-5683818336.926456,3536173908.5823317,-2219174495.2327785
3489,2454559.3567536427,-5684001885.860353,3536727123.8241377,-2219187011.7396307
3490,2454559.6067371857,-5684179477.468151,3537282979.6524253,-2219200960.5098023
3491,2454559.856720349,-5684363390.530796,3537846110.1445346,-2219218345.2261915
3492,2454560.106703254,-5684558629.228543,3538405216.7944517,-2219234267.842503
3493,2454560.3566863975,-5684752866.114285,3538955737.974876,-2219246766.9814763
3494,2454560.6066696527,-5684941197.213192,3539508986.648712,-2219260757.738127
3495,2454560.856652526,-5685135986.121879,3540069402.319845,-2219278159.3935137
3496,2454561.1066351486,-5685342024.230937,3540625608.984459,-2219294040.522874
3497,2454561.356618014,-5685546900.264367,3541173240.099212,-2219306524.436967
3498,2454561.6066009873,-5685745922.881013,3541723684.32243,-2219320558.8752565
3499,2454561.856583577,-5685951536.769144,3542281185.334242,-2219337978.1407714
3500,2454562.106565923,-5686168319.051141,3542834293.070847,-2219353818.882433
3501,2454562.3565485156,-5686383778.239763,3543378837.4455843,-2219366289.64589
3502,2454562.6065312126,-5686593436.968185,3543926279.5321026,-2219380369.3404636
3503,2454562.8565135244,-5686809817.2953205,3544480666.0279756,-2219397806.7383966
3504,2454563.1064955993,-5687037280.692289,3545030476.299673,-2219413608.023016
3505,2454563.356477926,-5687263259.1391325,3545571738.058555,-2219426067.496981
3506,2454563.6064603524,-5687483490.5626335,3546115981.514087,-2219440193.7565084
3507,2454563.8564423923,-5687710570.693973,3546667055.2972875,-2219457649.516136
3508,2454564.106424202,-5687948644.081799,3547213371.726523,-2219473411.9644856
3509,2454564.3564062687,-5688185069.924633,3547751157.597646,-2219485861.660625
3510,2454564.6063884306,-5688415802.7493,3548292008.952212,-2219500035.3993745
3511,2454564.856370205,-5688653508.289133,3548839575.3185997,-2219517509.339261
3512,2454565.1063517565,-5688902113.011526,3549382205.491369,-2219533233.156705
3513,2454565.3563335687,-5689148907.151728,3549916326.5543375,-2219545674.14514
3514,2454565.606315473,-5689390063.120431,3550453597.0273657,-2219559895.8064623
3515,2454565.856296988,-5689638312.99882,3550997466.3235927,-2219577387.2752156
3516,2454566.1062782877,-5689897364.1098,3551536223.2175894,-2219593072.210097
3517,2454566.356259852,-5690154441.588921,3552066496.182593,-2219605505.0952606
3518,2454566.6062415047,-5690405936.968496,3552600002.7992105,-2219619774.6451755
3519,2454566.856222767,-5690664645.015524,3553139991.365744,-2219637282.532767
3520,2454567.106203821,-5690934052.915624,3553674694.1126037,-2219652927.904449
3521,2454567.3561851443,-5691201324.5869465,3554200941.899581,-2219665352.868383
3522,2454567.6061665514,-5691463071.850119,3554730507.8898077,-2219679669.852828
3523,2454567.8561475673,-5691732148.466136,3555266438.286087,-2219697192.6604776
3524,2454568.1061283825,-5692011820.540293,3555796912.2302046,-2219712797.4400773
3525,2454568.3561094706,-5692289194.654717,3556318963.872481,-2219725214.3320355
3526,2454568.606090639,-5692561103.997823,3556844418.434406,-2219739577.9736056
3527,2454568.856071415,-5692840457.591337,3557376119.0769196,-2219757113.9159513
3528,2454569.1060519973,-5693130299.557357,3557902195.303035,-2219772676.8321624
3529,2454569.3560328567,-5693417683.014364,3558419885.3801737,-2219785085.2765436
3530,2454569.6060137916,-5693699663.506216,3558941063.035177,-2219799494.5832844
3531,2454569.855994334,-5693989201.53992,3559468367.490688,-2219817041.696694
3532,2454570.10597469,-5694289118.392321,3559989882.068343,-2219832561.3423467
3533,2454570.3559553274,-5694586417.582513,3560503049.9146776,-2219844960.8427396
3534,2454570.6059360355,-5694878377.909003,3561019789.6930003,-2219859414.7092423
3535,2454570.85591635,-5695178007.552281,3561542535.851881,-2219876970.949314
3536,2454571.1058964864,-5695487904.128457,3562059329.004389,-2219892445.8744736
3537,2454571.3558769072,-5695795025.418332,3562567817.8807693,-2219904835.9022384
3538,2454571.6058573946,-5696096874.291849,3563079962.5032167,-2219919333.19405
3539,2454571.855837488,-5696406502.762466,3563597991.77626,-2219936896.515633
3540,2454572.10581741,-5696726284.023047,3564109907.095177,-2219952325.302752
3541,2454572.3557976205,-5697043133.978796,3564613563.423597,-2219964705.367541
3542,2454572.605777893,-5697354780.311027,3565120958.559144,-2219979244.987756
3543,2454572.8557577715,-5697674315.003209,3565634115.159349,-2219996813.4076886
3544,2454573.105737486,-5698003886.120232,3566140998.9099655,-2220012194.7300944
3545,2454573.355717492,-5698330371.559048,3566639671.6025553,-2220024564.4343543
3546,2454573.6056975555,-5698651724.478846,3567142165.2214866,-2220039145.374961
3547,2454573.8556772247,-5698981072.951987,3567650295.5410247,-2220056717.020427
3548,2454574.1056567375,-5699320339.271356,3568151996.061528,-2220072049.6872525
3549,2454574.355636545,-5699656367.198766,3568645535.9409394,-2220084408.7678714
3550,2454574.6056164056,-5699987335.966044,3569142977.7566876,-2220099030.148877
3551,2454574.8555958713,-5700326405.837877,3569645929.829739,-2220116603.2942204
3552,2454575.1055751885,-5700675272.75327,3570142297.013501,-2220131886.2843575
3553,2454575.3555548033,-5701020750.217806,3570630556.314073,-2220144234.6437817
3554,2454575.6055344674,-5701361244.05975,3571122797.303876,-2220158895.742198
3555,2454575.8555137357,-5701709942.826032,3571620420.3467484,-2220176468.835899
3556,2454576.105492863,-5702068315.583121,3572111305.2009406,-2220191701.3224483
3557,2454576.3554722914,-5702423149.464688,3572594137.145704,-2220204039.050483
3558,2454576.605451764,-5702773077.348919,3573081029.147203,-2220218739.3200903
3559,2454576.855430841,-5703131312.143481,3573573173.174904,-2220236311.002711
3560,2454577.1054097842,-5703499095.587888,3574058427.4563003,-2220251492.3684936
3561,2454577.355389032,-5703863192.333539,3574535685.9123006,-2220263819.755305
3562,2454577.6053683194,-5704222462.692724,3575017081.2996836,-2220278558.837744
3563,2454577.855347211,-5704590140.003269,3575503596.823213,-2220296127.951259
3564,2454578.1053259764,-5704967238.289061,3575983072.755842,-2220311257.7959824
3565,2454578.355305049,-5705340503.614454,3576454611.972104,-2220323575.336944
3566,2454578.605284157,-5705709024.042032,3576930363.415404,-2220338353.0648327
3567,2454578.8552628695,-5706086049.402797,3577411101.2223334,-2220355918.6543107
3568,2454579.105241463,-5706472365.683814,3577884651.297903,-2220370996.794391
3569,2454579.3552203667,-5706854704.263554,3578350325.7251296,-2220383305.188049
3570,2454579.605199301,-5707232381.204502,3578820286.02957,-2220398121.581646
3571,2454579.85517784,-5707618658.890099,3579295097.0421867,-2220415682.890908
3572,2454580.105156268,-5708014095.018293,3579762573.894889,-2220430709.3538566
3573,2454580.3551350087,-5708405410.188913,3580222238.075636,-2220443009.4950466
3574,2454580.605113775,-5708792148.648352,3580686260.086851,-2220457864.7546897
3575,2454580.855092147,-5709187581.390113,3581154995.2809134,-2220475421.218325
3576,2454581.105070415,-5709592037.640488,3581616251.6169147,-2220490396.23414
3577,2454581.3550489987,-5709992231.133308,3582069760.1239367,-2220502689.204796
3578,2454581.6050276035,-5710387934.4175205,3582527696.674391,-2220517583.701652
3579,2454581.8550058138,-5710792423.153868,3582990207.0316887,-2220535134.9359818
3580,2454582.1049839286,-5711205797.984067,3583445095.584705,-2220550058.928063
3581,2454582.354962361,-5711614769.692325,3583892302.9775,-2220562345.9881325
3582,2454582.6049408102,-5712019339.182575,3584344006.8430943,-2220577280.2555904
3583,2454582.8549188655,-5712432782.839586,3584800143.3062053,-2220594826.0506554
3584,2454583.1048968327,-5712854972.675822,3585248516.7874374,-2220609699.628123
3585,2454583.3548751203,-5713272620.443143,3585689277.555588,-2220621982.208222
3586,2454583.60485342,-5713685955.384604,3586134601.391955,-2220636956.935212
3587,2454583.8548313263,-5714108250.664265,3586584214.792141,-2220654497.248791
3588,2454584.1048091524,-5714539149.686319,3587025925.8075213,-2220669321.2007985
3589,2454584.354787301,-5714965369.08433,3587460094.2764106,-2220681600.896711
3590,2454584.604765457,-5715387366.353132,3587898890.513728,-2220696616.9226184
3591,2454584.8547432213,-5715818407.487506,3588341831.454754,-2220714151.8753715
3592,2454585.104720912,-5716257907.366335,3588776732.3769226,-2220728927.1659126
3593,2454585.354698928,-5716692591.410633,3589204162.568714,-2220741205.7328467
3594,2454585.6046769475,-5717123145.204133,3589636283.2642136,-2220756264.0412583
3595,2454585.854654575,-5717562823.616944,3590072401.9683366,-2220773793.909499
3596,2454586.104632138,-5718010813.143239,3590500344.7777123,-2220788521.6684885
3597,2454586.3546100273,-5718453851.883557,3590920890.250993,-2220800801.0101023
3598,2454586.604587916,-5718892853.268119,3591346186.9325323,-2220815902.715571
3599,2454586.8545654137,-5719341057.077459,3591775333.0930996,-2220833427.9151244
3600,2454587.1045428542,-5719797421.615698,3592196169.2444043,-2220848109.4183354
3601,2454587.3545206245,-5720248701.537177,3592609682.9816575,-2220860391.5622644
3602,2454587.6044983882,-5720696037.794577,3593028006.5651894,-2220875537.8811717
3603,2454587.854475763,-5721152651.104261,3593450029.3028436,-2220893058.9326186
3604,2454588.1044530883,-5721617271.828633,3593863609.728657,-2220907695.560234
3605,2454588.3544307454,-5722076675.032317,3594269944.1977267,-2220919982.6095037
3606,2454588.6044083913,-5722532228.787631,3594681145.118785,-2220935174.804081
3607,2454588.85438565,-5722997130.7680855,3595095893.194491,-2220952692.268591
3608,2454589.104362867,-5723469883.702819,3595502068.610532,-2220967285.431869
3609,2454589.354340417,-5723937286.912975,3595901076.1736355,-2220979579.4822326
3610,2454589.6043179524,-5724400935.119948,3596305004.912123,-2220994818.768955
3611,2454589.854295101,-5724873998.986267,3596712327.3778,-2221012333.1475143
3612,2454590.1042722166,-5725354753.992119,3597110949.066915,-2221026884.1783843
3613,2454590.3542496674,-5725830027.568058,3597502482.904609,-2221039187.199025
3614,2454590.6042270986,-5726301640.566627,3597898991.0537195,-2221054474.6219296
3615,2454590.8542041453,-5726782732.704811,3598298738.466919,-2221071986.2221317
3616,2454591.1041811663,-5727271352.696857,3598689659.635989,-2221086496.234081
3617,2454591.3541585244,-5727754359.964802,3599073575.239861,-2221098809.9244633
3618,2454591.604135859,-5728233800.950734,3599462517.124575,-2221114146.2108274
3619,2454591.8541128105,-5728722780.548722,3599854543.2773185,-2221131655.003569
3620,2454592.1040897444,-5729219121.309156,3600237620.875957,-2221146124.7510214
3621,2454592.3540670173,-5729709718.573451,3600613777.933663,-2221158450.4055357
3622,2454592.6040442623,-5730196843.822094,3600995012.535546,-2221173835.839276
3623,2454592.854021126,-5730693563.316555,3601379176.3883567,-2221191341.3437862
3624,2454593.1039979802,-5731197474.168761,3601754273.0188613,-2221205771.1205316
3625,2454593.3539751754,-5731695511.610643,3602122537.266617,-2221218109.542379
3626,2454593.603952338,-5732190171.593058,3602495929.9864078,-2221233543.8960414
3627,2454593.8539291215,-5732694477.990858,3602872097.3086743,-2221251045.1319127
3628,2454594.1039059036,-5733205803.307244,3603239082.7134643,-2221265434.743826
3629,2454594.353883028,-5733711126.654127,3603599327.2447753,-2221277786.238662
3630,2454594.6038601156,-5734213167.839923,3603964751.0119877,-2221293268.7884254
3631,2454594.8538368265,-5734724904.624486,3604332795.2759385,-2221310764.3118496
3632,2454595.1038135435,-5735243485.8031845,3604691547.004218,-2221325113.1331196
3633,2454595.3537906045,-5735755938.340391,3605043652.7049336,-2221337477.583545
3634,2454595.603767624,-5736265205.211081,3605400988.1839824,-2221353007.200264
3635,2454595.8537442693,-5736784214.326519,3605760790.5485396,-2221370495.2095695
3636,2454596.103720929,-5737309891.716393,3606111193.7285714,-2221384802.3002515
3637,2454596.3536979337,-5737829316.125735,3606455048.854178,-2221397179.2928414
3638,2454596.6036748923,-5738345652.904856,3606804183.847606,-2221412754.5759764
3639,2454596.853651479,-5738871776.36086,3607155632.409439,-2221430233.0498347
3640,2454597.103628088,-5739404390.727482,3607497578.8699446,-2221444497.2958765
3641,2454597.353605043,-5739930630.404206,3607833078.061895,-2221456886.2610164
3642,2454597.603581948,-5740453882.220924,3608173906.4469504,-2221472505.676433
3643,2454597.8535584835,-5740986963.103359,3608516895.1203623,-2221489972.5075974
3644,2454598.1035350487,-5741526356.489031,3608850282.2342763,-2221504192.748936
3645,2454598.353511961,-5742059256.255757,3609177325.3475146,-2221516593.0824804
3646,2454598.603488819,-5742589269.720959,3609509745.9060855,-2221532255.0771084
3647,2454598.85346531,-5743129152.641041,3609844173.270183,-2221549708.1791663
3648,2454599.103441838,-5743675168.697654,3610168902.8304873,-2221563883.3078117
3649,2454599.353418715,-5744214575.031519,3610487393.848281,-2221576294.4608455
3650,2454599.6033955324,-5744751198.371733,3610811309.229413,-2221591997.5446396
3651,2454599.853371985,-5745297729.519792,3611137077.543498,-2221609434.925942
3652,2454600.103348483,-5745850213.493586,3611453054.83409,-2221623563.9518027
3653,2454600.35332533,-5746395974.45195,3611762900.9964347,-2221635985.489147
3654,2454600.6033021137,-5746939057.386532,3612078216.9035125,-2221651728.2873206
3655,2454600.8532785345,-5747492084.370994,3612395231.351944,-2221669148.0971923
3656,2454601.1032550093,-5748050882.91136,3612702364.447369,-2221683230.188226
3657,2454601.3532318333,-5748602847.916608,3613003475.60316,-2221695661.82337
3658,2454601.6032085894,-5749152241.425096,3613310100.196274,-2221711443.1072474
3659,2454601.8531849855,-5749711613.028789,3613618268.3372574,-2221728843.6630697
3660,2454602.103161443,-5750276573.937598,3613916467.5931973,-2221742878.16849
3661,2454602.3531382503,-5750834593.521863,3614208755.7288237,-2221755319.7835827
3662,2454602.603114985,-5751390149.587185,3614506599.188588,-2221771138.488401
3663,2454602.853091363,-5751955715.512185,3614805830.5492096,-2221788518.291408
3664,2454603.1030678093,-5752526687.491287,3615095008.2242765,-2221802504.7551837
3665,2454603.3530446063,-5753090613.046428,3615378387.109228,-2221814956.4126935
3666,2454603.603021326,-5753652184.408155,3615667361.30417,-2221830811.6482425
3667,2454603.852997692,-5754223795.033473,3615957567.0664973,-2221848169.393175
3668,2454604.1029741336,-5754800627.446215,3616237637.023748,-2221862107.562306
3669,2454604.3529509264,-5755370310.98761,3616512021.92588,-2221874569.512131
3670,2454604.6029276378,-5755937750.907775,3616792040.1406455,-2221890460.569357
3671,2454604.8529039975,-5756515257.057518,3617073132.881144,-2221907795.150541
3672,2454605.1028804416,-5757097799.698149,3617344010.336631,-2221921684.9800844
3673,2454605.352857236,-5757673093.633392,3617609317.77929,-2221934157.6636305
3674,2454605.6028339444,-5758246255.663991,3617880294.480758,-2221950084.0182953
3675,2454605.852810305,-5758829508.374125,3618152187.944632,-2221967394.53279
3676,2454606.102786757,-5759417611.232666,3618413789.2487087,-2221981236.187963
3677,2454606.3527635597,-5759998368.122878,3618669936.799497,-2221993720.239267
3678,2454606.602740272,-5760577105.8637085,3618931787.4340262,-2222009681.552549
3679,2454606.8527166387,-5761165956.13709,3619194396.3405943,-2222026967.300099
3680,2454607.102693105,-5761759469.150911,3619446638.7907753,-2222040761.155102
3681,2454607.3526699217,-5762345541.457728,3619693544.8825407,-2222053257.3985906
3682,2454607.6026466438,-5762929708.299233,3619946185.706349,-2222069253.5141773
3683,2454607.852623024,-5763524006.845538,3620199425.588648,-2222086513.9935775
3684,2454608.1025995105,-5764122779.636208,3620442227.277614,-2222100260.626834
3685,2454608.3525763475,-5764714019.45482,3620679811.0654173,-2222112770.071474
3686,2454608.6025530854,-5765303468.308074,3620923159.011547,-2222128801.009061
3687,2454608.852529485,-5765903065.272252,3621166946.092824,-2222146035.9109707
3688,2454609.102505998,-5766506946.87249,3621400225.7932215,-2222159736.0968843
3689,2454609.3524828614,-5767103205.656362,3621628407.0476246,-2222172259.9270353
3690,2454609.6024596216,-5767697788.676434,3621862379.628358,-2222188325.8726673
3691,2454609.852436046,-5768302533.362106,3622096630.7326126,-2222205535.0694027
3692,2454610.102412592,-5768911371.938916,3622320307.8141127,-2222219189.7673264
3693,2454610.352389488,-5769512500.221718,3622539006.8445315,-2222231729.3310237
3694,2454610.602366276,-5770112068.528839,3622763522.0812573,-2222247830.6250916
3695,2454610.8523427323,-5770721809.119526,3622988154.5683165,-2222265014.1582313
3696,2454611.1023193174,-5771335451.694558,3623202148.9360437,-2222278624.4994187
3697,2454611.3522962523,-5771941298.808063,3623411286.5321617,-2222291181.2948594
3698,2454611.6022730744,-5772545702.2027025,3623626262.8999677,-2222307318.4184074
3699,2454611.852249569,-5773160285.474067,3623841194.6119947,-2222324476.4847775
3700,2454612.102226199,-5773778577.631258,3624045426.653278,-2222338043.757716
3701,2454612.3522031787,-5774388991.405691,3624244924.03206,-2222350619.418077
3702,2454612.6021800414,-5774998078.060499,3624450280.4077315,-2222366792.9773335
3703,2454612.85215658,-5775617349.062915,3624655429.6176014,-2222383925.912913
3704,2454613.102133262,-5776240134.618845,3624849820.14995,-2222397451.546176
3705,2454613.3521102923,-5776854961.037674,3625039598.904363,-2222410047.821509
3706,2454613.602087202,-5777468577.134715,3625235254.517787,-2222426258.528888
3707,2454613.852063791,-5778092378.811314,3625430539.884014,-2222443366.7883706
3708,2454614.102040531,-5778719499.410633,3625615010.114566,-2222456852.3282104
3709,2454614.3520176183,-5779338582.17969,3625794992.180591,-2222469471.061053
3710,2454614.601994581,-5779956571.4512415,3625980866.5933113,-2222485719.7086663
3711,2454614.851971227,-5780584744.148717,3626166207.1534176,-2222502803.836172
3712,2454615.1019480317,-5781216038.742205,3626340678.690603,-2222516250.9137306
3713,2454615.3519251826,-5781839218.732078,3626510786.382764,-2222528894.002652
3714,2454615.601902205,-5782461421.866446,3626686799.554269,-2222545181.4220433
3715,2454615.8518789145,-5783093802.704674,3626862114.827935,-2222562242.0061955
3716,2454616.10185579,-5783729106.882102,3627026509.8278213,-2222575652.287046
3717,2454616.3518330106,-5784356221.4243145,3627186666.0371423,-2222588321.6305985
3718,2454616.6018100986,-5784982475.328237,3627352738.583785,-2222604648.631018
3719,2454616.851786879,-5785618897.433451,3627517948.901106,-2222621686.2366757
3720,2454617.101763831,-5786258042.63206,3627672190.473164,-2222635061.34527
3721,2454617.3517411286,-5786888924.708698,3627822319.1600757,-2222647758.759394
3722,2454617.6017182893,-5787519061.687537,3627978372.9447703,-2222664126.038511
3723,2454617.8516951464,-5788159353.374708,3628133400.140394,-2222681141.1103034
3724,2454618.101672183,-5788802166.075692,3628277413.1524906,-2222694482.526035
3725,2454618.3516495633,-5789436643.54374,3628417440.268995,-2222707209.6335697
3726,2454618.6016268036,-5790070490.570825,3628563399.4452643,-2222723617.661655
3727,2454618.851603744,-5790714474.677112,3628708168.025368,-2222740610.403302
3728,2454619.1015808717,-5791360775.822058,3628841880.3917823,-2222753919.335488
3729,2454619.351558342,-5791998670.932327,3628971735.2866173,-2222766677.4386635
3730,2454619.601535668,-5792636049.291837,3629107527.813611,-2222783126.331048
3731,2454619.8515126994,-5793283542.96487,3629241966.5684376,-2222800096.5794277
3732,2454620.101489925,-5793933147.908331,3629365310.943342,-2222813373.844428
3733,2454620.351467492,-5794574277.438956,3629484928.117183,-2222826163.807644
3734,2454620.601444911,-5795215003.055795,3629610487.5537767,-2222842653.2163563
3735,2454620.8514220403,-5795865818.2922125,3629734531.3630757,-2222859600.344394
3736,2454621.1013993705,-5796518537.555177,3629847446.926907,-2222872846.2814984
3737,2454621.351377041,-5797162713.780929,3629956767.7687454,-2222885668.4624996
3738,2454621.6013545603,-5797806598.402908,3630072034.9281535,-2222902197.525442
3739,2454621.8513317937,-5798460543.434929,3630185626.3009,-2222919120.411083
3740,2454622.1013092357,-5799116184.279936,3630288060.1532955,-2222932334.8720613
3741,2454622.3512870166,-5799763216.714116,3630387034.1588316,-2222945189.1327386
3742,2454622.6012646426,-5800410069.795404,3630491958.1285048,-2222961756.506369
3743,2454622.8512419877,-5801066951.086777,3630595048.0033836,-2222978653.58706
3744,2454623.101219548,-5801725319.592392,3630686955.7286215,-2222991836.0113425
3745,2454623.3511974458,-5802375017.103506,3630775540.8228264,-2223004721.812074
3746,2454623.601175185,-5803024647.928074,3630870079.0429235,-2223021325.7831764
3747,2454623.851152648,-5803684272.269631,3630962626.6259246,-2223038195.1828027
3748,2454624.1011303333,-5804345175.3635025,3631043971.8986897,-2223051344.7370057
3749,2454624.3511083545,-5804997348.113905,3631122133.8261256,-2223064261.286037
3750,2454624.6010862133,-5805649567.61344,3631206251.285498,-2223080899.927945
3751,2454624.851063801,-5806311743.798479,3631288223.074657,-2223097739.616804
3752,2454625.101041618,-5806974990.771749,3631358976.539071,-2223110855.355658
3753,2454625.3510197685,-5807629451.557827,3631426687.6259627,-2223123801.7686577
3754,2454625.6009977534,-5808284073.471159,3631500355.5367928,-2223140473.0970755
3755,2454625.850975472,-5808948613.272724,3631571723.9367504,-2223157281.0413933
3756,2454626.1009534257,-5809614016.576477,3631631861.7866735,-2223170362.049186
3757,2454626.3509317124,-5810270581.449525,3631689099.512349,-2223183337.4818053
3758,2454626.600909829,-5810927422.77825,3631752293.895683,-2223200039.5775394
3759,2454626.8508876846,-5811594141.252226,3631813035.83589,-2223216813.851151
3760,2454627.100865782,-5812261516.661243,3631862538.4811273,-2223229859.3418217
3761,2454627.3508442095,-5812920004.966195,3631909284.20571,-2223242863.0787168
3762,2454627.600822464,-5813578885.904891,3631961984.6912627,-2223259594.1661563
3763,2454627.8508004625,-5814247601.228475,3632012080.5042415,-2223276333.0182533
3764,2454628.100778709,-5814916767.602603,3632050931.5306864,-2223289342.3925753
3765,2454628.3507572836,-5815577001.676251,3632087169.539644,-2223302373.89533
3766,2454628.6007356816,-5816237745.262117,3632129358.495292,-2223319132.3822913
3767,2454628.8507138286,-5816908278.348242,3632168791.1284494,-2223335834.2694473
3768,2454629.10069223,-5817579057.221966,3632196976.5882945,-2223348807.1396837
3769,2454629.3506709575,-5818240861.966725,3632222693.4574037,-2223361866.0654564
3770,2454629.6006495045,-5818903293.646895,3632254355.4243865,-2223378650.5570827
3771,2454629.850627805,-5819575467.712902,3632283109.939085,-2223395314.1527457
3772,2454630.100606367,-5820247682.870379,3632300617.9071198,-2223408250.347997
3773,2454630.3505852525,-5820910885.339509,3632315802.1105404,-2223421336.551812
3774,2454630.600563954,-5821574832.570658,3632336923.457931,-2223438145.8509274
3775,2454630.8505424145,-5822248472.7556715,3632354986.723793,-2223454770.0439954
3776,2454631.100521142,-5822921949.866773,3632361807.0251365,-2223467669.6069965
3777,2454631.350500191,-5823586378.919007,3632366448.6919327,-2223480783.1375103
3778,2454631.6004790524,-5824251670.84159,3632377017.397749,-2223497616.2401795
3779,2454631.850457678,-5824926603.900857,3632384377.8930674,-2223514200.1303287
3780,2454632.100436577,-5825601170.233887,3632380501.9180813,-2223527063.3123155
3781,2454632.350415794,-5826266656.262567,3632374592.6588006,-2223540204.4067473
3782,2454632.600394821,-5826933123.445702,3632374598.1457314,-2223557060.4978175
3783,2454632.850373617,-5827609177.5102415,3632371245.798793,-2223573603.391432
3784,2454633.1003526924,-5828284661.703619,3632356666.3470297,-2223586430.6481166
3785,2454633.350332083,-5828951036.417584,3632340199.0991673,-2223599599.7285533
3786,2454633.60031128,-5829618510.64791,3632329632.080742,-2223616478.1786847
3787,2454633.8502902524,-5830295515.020066,3632315558.114783,-2223632979.5863156
3788,2454634.100269509,-5830971746.8816595,3632290269.23721,-2223645771.5752935
3789,2454634.350249079,-5831638843.105505,3632263238.1050477,-2223658969.2462306
3790,2454634.6002284517,-5832307157.18732,3632242090.423651,-2223675869.609862
3791,2454634.8502076045,-5832984942.139753,3632217287.1922526,-2223692329.2442174
3792,2454635.1001870483,-5833661752.44207,3632181284.0236907,-2223705086.822524
3793,2454635.3501668023,-5834329403.905321,3632143684.109249,-2223718313.868153
3794,2454635.6001463556,-5834998391.443288,3632111948.5668745,-2223735235.8806744
3795,2454635.8501256946,-5835676787.994646,3632076409.384527,-2223751653.6533027
3796,2454636.1001053303,-5836354008.241623,3632029687.974384,-2223764377.873205
3797,2454636.350085273,-5837022049.335046,3631981515.21019,-2223777635.252394
3798,2454636.600065012,-5837691544.480208,3631939185.405116,-2223794578.824514
3799,2454636.8500445425,-5838370384.131206,3631892904.3881063,-2223810954.8392253
3800,2454637.100024375,-5839047846.283103,3631835461.5459046,-2223823646.9402924
3801,2454637.350004512,-5839716111.771515,3631776712.5472503,-2223836935.777481
3802,2454637.599984442,-5840385948.923008,3631723782.7348313,-2223853900.9851274
3803,2454637.849964169,-5841065063.347851,3631666754.6706862,-2223870235.526554
3804,2454638.099944203,-5841742599.501689,3631598587.844479,-2223882896.9226165
3805,2454638.349924539,-5842410924.193044,3631529259.798625,-2223896218.4934006
3806,2454638.5999046653,-5843080937.657141,3631465724.792742,-2223913205.5620804
3807,2454638.8498845934,-5843760158.353663,3631397945.0537343,-2223929499.0785394
3808,2454639.099864835,-5844437600.383967,3631319052.255616,-2223942131.3388414
3809,2454639.3498453745,-5845105818.760463,3631239142.860669,-2223955487.049671
3810,2454639.5998257017,-5845775842.373307,3631164997.987078,-2223972496.3328876
3811,2454639.8498058366,-5846455000.278335,3631086462.4975576,-2223988749.41321
3812,2454640.0997862904,-5847132179.444447,3630996842.284597,-2224001354.2374945
3813,2454640.349767039,-5847800125.261189,3630906349.7452517,-2224014745.5993304
3814,2454640.599747572,-5848469991.979834,3630821590.853119,-2224031777.5509186
3815,2454640.849727919,-5849148917.053133,3630732296.116262,-2224047990.8950725
3816,2454641.09970859,-5849825663.574806,3630631947.632272,-2224060570.082327
3817,2454641.3496895526,-5850493169.426082,3630530870.7181044,-2224073998.677843
3818,2454641.5996702965,-5851162710.885983,3630435494.256196,-2224091053.8176785
3819,2454641.8496508603,-5851841231.65901,3630335437.448101,-2224107228.2004447
3820,2454642.0996317538,-5852517374.254772,3630224360.5362487,-2224119783.610311
3821,2454642.349612935,-5853184271.100806,3630112698.715261,-2224133251.053373
3822,2454642.5995938955,-5853853317.131362,3630006701.888807,-2224150329.92484
3823,2454642.849574682,-5854531260.211632,3629895881.0400167,-2224166466.1506224
3824,2454643.0995558025,-5855206625.59062,3629774076.4510274,-2224178999.655234
3825,2454643.3495372077,-5855872742.236171,3629651830.128376,-2224192507.5400405
3826,2454643.5995183894,-5856541120.327235,3629535211.172349,-2224209610.656435
3827,2454643.849499403,-5857218309.853966,3629413625.478689,-2224225709.5021276
3828,2454644.0994807566,-5857892722.1608715,3629281095.2228985,-2224238222.9250603
3829,2454644.349462391,-5858557884.690675,3629148266.139594,-2224251772.761561
3830,2454644.5994438,-5859225419.422086,3629021024.769449,-2224268900.5379534
3831,2454644.8494250462,-5859901676.493812,3628888675.098993,-2224284962.6805267
3832,2454645.0994066373,-5860574956.73797,3628745423.0141826,-2224297457.7197824
3833,2454645.3493885063,-5861238987.952298,3628602014.881663,-2224311050.8526816
3834,2454645.599370147,-5861905500.443637,3628464152.999886,-2224328203.5213075
3835,2454645.8493516315,-5862580642.590645,3628321042.674993,-2224344229.449101
3836,2454646.099333466,-5863252608.149405,3628167075.2869983,-2224356707.584282
3837,2454646.349315575,-5863915327.10825,3628013094.7296753,-2224370345.0971637
3838,2454646.5992974527,-5864580634.616437,3627864617.4520955,-2224387522.609501
3839,2454646.849279181,-5865254475.465132,3627710753.358372,-2224403512.5224366
3840,2454647.0992612643,-5865924939.827571,3627546081.0700746,-2224415974.9135876
3841,2454647.3492436176,-5866586161.68729,3627381538.890882,-2224429657.528111
3842,2454647.5992257386,-5867250077.551657,3627222455.8823586,-2224446859.45625
3843,2454647.849207716,-5867922426.89286,3627057849.864189,-2224462813.1703587
3844,2454648.099190053,-5868591199.863861,3626882488.398316,-2224475260.5667763
3845,2454648.3491726574,-5869250736.228908,3626707401.054716,-2224488988.5579867
3846,2454648.599155026,-5869913070.382209,3626537728.0209665,-2224506214.0188365
3847,2454648.8491372583,-5870583734.850177,3626362398.3678985,-2224522130.9008975
3848,2454649.0991198546,-5871250623.401657,3626176370.2251554,-2224534563.587566
3849,2454649.349102714,-5871908283.349174,3625990761.2358155,-2224548336.744073
3850,2454649.599085337,-5872568843.514163,3625810521.2538085,-2224565584.375375
3851,2454649.849067829,-5873237627.949166,3625624493.9280524,-2224581463.3360643
3852,2454650.09905069,-5873902437.736615,3625427829.4861813,-2224593881.144562
3853,2454650.34903381,-5874558029.470732,3625231730.378991,-2224607698.7979727
3854,2454650.599016692,-5875216622.933559,3625040954.6730437,-2224624966.8068604
3855,2454650.848999449,-5875883332.251301,3624844263.894295,-2224640806.3682985
3856,2454651.09898258,-5876545869.551322,3624637001.7867966,-2224653208.762556
3857,2454651.348965966,-5877199202.379095,3624430452.26303,-2224667069.8903456
3858,2454651.598949111,-5877855637.973977,3624229180.150277,-2224684356.1718907
3859,2454651.8489321386,-5878520079.128286,3624021868.1219244,-2224700154.599907
3860,2454652.098915544,-5879180152.747538,3623804054.7504716,-2224712540.820035
3861,2454652.3488992006,-5879831038.904729,3623587101.995565,-2224726444.198598
3862,2454652.598882614,-5880485128.731189,3623375380.011259,-2224743746.495266
3863,2454652.848865917,-5881147112.299962,3623157495.878739,-2224759501.962291
3864,2454653.098849601,-5881804535.009599,3622929184.22697,-2224771871.1884
3865,2454653.348833533,-5882452790.928536,3622701881.606002,-2224785815.5555735
3866,2454653.59881722,-5883104351.443861,3622479762.1077204,-2224803131.6157913
3867,2454653.8488008017,-5883763692.541204,3622251360.497529,-2224818842.3528075
3868,2454654.0987847694,-5884418281.8068695,3622012608.6309695,-2224831193.8486457
3869,2454654.3487689807,-5885063728.66745,3621775014.1757746,-2224845178.038058
3870,2454654.5987529447,-5885712581.066917,3621542553.841646,-2224862505.739997
3871,2454654.8487368105,-5886369099.563282,3621303693.3907933,-2224878170.1482325
3872,2454655.098721066,-5887020677.616914,3621054563.0353494,-2224890503.360336
3873,2454655.3487055604,-5887663141.284369,3620806738.0881147,-2224904526.38857
3874,2454655.598689806,-5888309111.322016,3620563996.6379356,-2224921863.8154473
3875,2454655.8486739597,-5888962631.564833,3620314738.800659,-2224937480.529448
3876,2454656.098658507,-5889611025.040616,3620055294.240641,-2224949795.138439
3877,2454656.3486432885,-5890250335.6326475,3619797302.4474616,-2224963856.24601
3878,2454656.5986278197,-5890893253.136047,3619544341.733018,-2224981201.7177677
3879,2454656.8486122647,-5891543603.42689,3619284749.9658213,-2224996769.628027
3880,2454657.098597108,-5892188642.81284,3619015057.3203797,-2225009065.5629463
3881,2454657.34858218,-5892824634.136819,3618746963.995588,-2225023164.221949
3882,2454657.5985670006,-5893464332.441212,3618483847.447753,-2225040516.29748
3883,2454657.8485517413,-5894111344.475939,3618213986.732016,-2225056034.547588
3884,2454658.0985368835,-5894752863.566118,3617934113.546137,-2225068311.978579
3885,2454658.34852225,-5895385372.588874,3617655985.325538,-2225082447.882337
3886,2454658.5985073633,-5896021688.030114,3617382777.662726,-2225099805.347106
3887,2454658.8484924035,-5896665196.418603,3617102714.260244,-2225115273.3194876
3888,2454659.0984778483,-5897303031.860752,3616812729.3002,-2225127532.64204
3889,2454659.348463513,-5897931898.285075,3616524633.9707665,-2225141705.688853
3890,2454659.598448923,-5898564669.806535,3616241401.0568466,-2225159067.53885
3891,2454659.8484342657,-5899204511.709956,3615951202.389143,-2225174484.8388844
3892,2454660.0984200165,-5899838502.671204,3615651175.5376153,-2225186726.658157
3893,2454660.348405983,-5900463568.628156,3615353181.9445515,-2225200936.936502
3894,2454660.5983916926,-5901092637.498869,3615059990.7038374,-2225218302.36478
3895,2454660.848377342,-5901728652.371905,3614759725.2702427,-2225233668.8083687
3896,2454661.0983634023,-5902358640.301435,3614449727.4438343,-2225245893.927633
3897,2454661.348349673,-5902979750.130458,3614141905.4057736,-2225260141.7059274
3898,2454661.598335686,-5903604959.740979,3613838823.7337894,-2225277510.093887
3899,2454661.8483216455,-5904236989.140835,3613528561.0147996,-2225292825.6998444
3900,2454662.098308019,-5904862817.587911,3613208664.0582986,-2225305035.1136866
3901,2454662.3482945976,-5905479817.660623,3612891084.25248,-2225319320.834591
3902,2454662.5982809174,-5906101013.350787,3612578180.891626,-2225336691.747438
3903,2454662.8482671897,-5906728900.766201,3612257991.213659,-2225351956.7335415
3904,2454663.0982538788,-5907350415.206463,3611928267.753757,-2225364151.6241875
3905,2454663.348240769,-5907963153.747199,3611601001.560253,-2225378475.901373
3906,2454663.5982273985,-5908580182.619465,3611278345.9354568,-2225395849.085274
3907,2454663.848213987,-5909203773.274672,3610948300.297898,-2225411063.865245
3908,2454664.0982009955,-5909820820.901278,3610608823.5627394,-2225423245.5989785
3909,2454664.3481882,-5910429147.763113,3610271942.8791385,-2225437609.2130885
3910,2454664.5981751424,-5911041858.442698,3609939604.9097385,-2225454984.59056
3911,2454664.848162051,-5911660999.040295,3609599774.7949476,-2225470149.7683077
3912,2454665.0981493816,-5912273428.487052,3609250618.4242787,-2225482319.8882604
3913,2454665.3481369037,-5912877194.853901,3608904195.479437,-2225496723.7783165
3914,2454665.5981241623,-5913485437.1701975,3608562245.399176,-2225514101.4381065
3915,2454665.8481113934,-5914099975.55156,3608212702.6002054,-2225529217.79558
3916,2454666.0980990496,-5914707636.530994,3607853940.4832497,-2225541378.007264
3917,2454666.3480868917,-5915306694.533253,3607498047.6891212,-2225555823.254078
3918,2454666.5980744697,-5915910319.114656,3607146555.9147267,-2225573203.4323187
3919,2454666.848062027,-5916520103.834824,3606787372.4220915,-2225588271.9078875
3920,2454667.0980500113,-5917122846.692895,3606419078.604852,-2225600424.0547476
3921,2454667.348038177,-5917717048.943126,3606053788.4878087,-2225614911.853865
3922,2454667.5980260773,-5918315906.736305,3605692825.5767713,-2225632294.904318
3923,2454667.8480139636,-5918920786.56872,3605324073.5636315,-2225647316.5599523
3924,2454668.0980022796,-5919518461.775795,3604946322.2631636,-2225659462.5874696
3925,2454668.3479907718,-5920107660.847795,3604571707.5101523,-2225673994.2106133
3926,2454668.597978998,-5920701602.588262,3604201344.2403846,-2225691380.563421
3927,2454668.8479672163,-5921301425.989154,3603823096.1758533,-2225706356.5403657
3928,2454669.097955867,-5921893883.599362,3603435961.9281363,-2225718498.4488435
3929,2454669.3479446885,-5922477931.484813,3603052095.571025,-2225733075.1943398
3930,2454669.5979332435,-5923066807.154305,3602672403.162437,-2225750465.3040524
3931,2454669.847921797,-5923661421.723233,3602284732.0698442,-2225765396.768094
3932,2454670.0979107856,-5924248510.839258,3601888290.024982,-2225777536.5554104
3933,2454670.3478999394,-5924827258.418915,3601495245.773971,-2225792159.6890607
3934,2454670.5978888264,-5925410916.726352,3601106296.2604213,-2225809553.97363
3935,2454670.8478777185,-5926000168.699072,3600709276.1269684,-2225824442.0517697
3936,2454671.097867048,-5926581736.977955,3600303602.4965434,-2225836581.6479597
3937,2454671.3478565374,-5927155033.542399,3599901455.2263775,-2225851252.3362246
3938,2454671.5978457592,-5927733321.462806,3599503321.981116,-2225868651.108842
3939,2454671.8478349936,-5928317055.270775,3599097028.3218317,-2225883496.8192897
3940,2454672.0978246666,-5928892948.505185,3598682200.981588,-2225895638.0148363
3941,2454672.347814495,-5929460641.360277,3598271027.374323,-2225910357.252246
3942,2454672.5978040555,-5930033403.768445,3597863785.793355,-2225927760.6479983
3943,2454672.847793635,-5930611461.703838,3597448296.374495,-2225942564.8255177
3944,2454673.097783655,-5931181523.520674,3597024395.6280346,-2225954709.1955876
3945,2454673.3477738253,-5931743457.723648,3596604274.9782677,-2225969477.728819
3946,2454673.5977637274,-5932310537.173223,3596188003.3270855,-2225986885.628884
3947,2454673.847753655,-5932882759.2157545,3595763399.053033,-2226001648.8487244
3948,2454674.0977440258,-5933446830.954924,3595330508.558205,-2226013797.677152
3949,2454674.347734541,-5934002849.250841,3594901523.7384477,-2226028615.930157
3950,2454674.597724788,-5934564085.975714,3594476304.154246,-2226046027.8887715
3951,2454674.8477150677,-5935130309.865597,3594042670.102724,-2226060750.3954396
3952,2454675.0977057917,-5935688230.730137,3593600877.9358478,-2226072904.605771
3953,2454675.3476966554,-5936238173.786048,3593163116.4856076,-2226087772.614508
3954,2454675.5976872505,-5936793406.0264435,3592729036.084797,-2226105187.798477
3955,2454675.847677885,-5937353467.688933,3592286462.62403,-2226119869.4504094
3956,2454676.097668966,-5937905075.272821,3591835862.3975573,-2226132029.556451
3957,2454676.347660181,-5938448782.313701,3591389417.6320133,-2226146946.926826
3958,2454676.5976511273,-5938997847.065439,3590946569.5979114,-2226164364.0822496
3959,2454676.8476421204,-5939551581.475921,3590495153.4389825,-2226179004.327985
3960,2454677.0976335607,-5940096712.7444315,3590035845.304345,-2226191170.420145
3961,2454677.3476251303,-5940634022.647503,3589580817.253717,-2226206136.3257813
3962,2454677.5976164313,-5941176756.867715,3589129301.6967807,-2226223553.7883844
3963,2454677.8476077854,-5941723999.362728,3588669146.6578326,-2226238151.689952
3964,2454678.0975995883,-5942262492.058861,3588201237.9583526,-2226250323.4720054
3965,2454678.347591515,-5942793244.8440275,3587737733.89628,-2226265336.7048597
3966,2454678.5975831733,-5943329487.012935,3587277658.244609,-2226282752.464614
3967,2454678.8475748915,-5943870074.90687,3586808875.4909215,-2226297306.7758512
3968,2454679.09756706,-5944401769.203383,3586332480.8425922,-2226309483.6564503
3969,2454679.347559347,-5944925807.700728,3585860615.202605,-2226324542.73078
3970,2454679.5975513654,-5945455399.484521,3585392093.950901,-2226341954.5471873
3971,2454679.84754345,-5945989173.705935,3584914801.5752964,-2226356463.8388767
3972,2454680.0975359865,-5946513913.792162,3584430042.2823415,-2226368645.0651274
3973,2454680.3475286355,-5947031085.158167,3583949935.916889,-2226383748.357897
3974,2454680.5975210164,-5947553872.835934,3583473089.739386,-2226401153.904992
3975,2454680.8475134703,-5948080679.247131,3582987411.7413325,-2226415616.712213
3976,2454681.0975063764,-5948598314.524419,3582494414.657593,-2226427801.517644
3977,2454681.34749939,-5949108471.300767,3582006193.6010723,-2226442947.415387
3978,2454681.5974921356,-5949624306.678244,3581521148.0359287,-2226460344.4251866
3979,2454681.847484961,-5950143996.837504,3581027212.9470162,-2226474759.3850694
3980,2454682.097478239,-5950654382.52604,3580526109.0636077,-2226486947.1204386
3981,2454682.347471619,-5951157383.091634,3580029903.103952,-2226502134.1422806
3982,2454682.597464731,-5951666123.80316,3579536787.1286798,-2226519520.518476
3983,2454682.8474579295,-5952178555.122935,3579034726.6094475,-2226533886.473063
3984,2454683.097451581,-5952681552.283843,3578525649.689794,-2226546076.6980834
3985,2454683.347445329,-5953177260.751924,3578021591.057364,-2226561303.5766325
3986,2454683.5974388095,-5953678770.046167,3577520535.8438096,-2226578677.4643364
3987,2454683.847432383,-5954183805.480703,3577010483.513804,-2226592993.518568
3988,2454684.0974264094,-5954679280.618573,3576493569.006411,-2226605186.048696
3989,2454684.347420527,-5955167566.368702,3575981791.3754573,-2226620451.7668943
3990,2454684.597414377,-5955661712.585341,3575472929.3825855,-2226637811.580037
3991,2454684.847408327,-5956159220.065466,3574955020.004324,-2226652077.119846
3992,2454685.09740273,-5956647044.533015,3574430404.3169265,-2226664272.0359464
3993,2454685.3473972185,-5957127781.59747,3573911042.168116,-2226679575.8298783
3994,2454685.59739144,-5957614437.547108,3573394506.588828,-2226696920.248136
3995,2454685.847385767,-5958104289.363005,3572868875.592774,-2226711134.931715
3996,2454686.0973805482,-5958584338.753561,3572336695.689719,-2226723332.5665965
3997,2454686.3473754083,-5959057405.226577,3571809883.9744816,-2226738673.9087534
3998,2454686.5973700024,-5959536447.6234,3571285808.459792,-2226756001.858344
3999,2454686.8473647083,-5960018519.884756,3570752591.720383,-2226770165.5947137
4000,2454687.097359868,-5960490673.522005,3570212984.9436946,-2226782366.51009
4001,2454687.3473551017,-5960955951.0814,3569678858.944453,-2226797745.08586
4002,2454687.5973500693,-5961427260.099101,3569147377.4959917,-2226815055.7161517
4003,2454687.847345155,-5961901432.3255005,3568606711.2489796,-2226829168.641829
4004,2454688.097340695,-5962365572.886793,3568059815.2548842,-2226841373.6054277
4005,2454688.3473363025,-5962822946.449482,3567518510.5362363,-2226856789.291421
4006,2454688.597331645,-5963286405.408563,3566979757.466753,-2226874081.95475
4007,2454688.847327112,-5963752560.246294,3566431778.2734103,-2226888144.414809
4008,2454689.0973230326,-5964208573.505453,3565877730.9963746,-2226900354.382801
4009,2454689.347319015,-5964657930.993824,3565329383.366423,-2226915807.231182
4010,2454689.597314733,-5965113426.149661,3564783493.2549686,-2226933081.469089
4011,2454689.847310582,-5965571449.178109,3564228337.947381,-2226947094.0049148
4012,2454690.0973068844,-5966019223.825698,3563667277.5335855,-2226959310.111137
4013,2454690.3473032424,-5966460455.998506,3563112022.9649014,-2226974800.340606
4014,2454690.597299337,-5966907876.380571,3562559130.5636806,-2226992055.8764634
4015,2454690.847295569,-5967357655.955889,3561996936.1355247,-2227006019.2194557
4016,2454691.0972922533,-5967797083.442575,3561429000.8174133,-2227018242.770047
4017,2454691.3472889876,-5968230083.734791,3560866975.306356,-2227033770.761546
4018,2454691.5972854597,-5968669320.980501,3560307215.3849072,-2227051007.497074
4019,2454691.8472820753,-5969110748.059716,3559738118.8202147,-2227064922.565345
4020,2454692.0972791426,-5969541722.406216,3559163446.7312756,-2227077155.0353637
4021,2454692.347276254,-5969966386.721773,3558594786.1014967,-2227092721.328702
4022,2454692.5972731044,-5970397334.8502,3558028293.240574,-2227109939.34017
4023,2454692.847270104,-5970830302.742701,3557452431.2992244,-2227123807.2336664
4024,2454693.097267555,-5971252720.265216,3556871160.254258,-2227136050.260885
4025,2454693.3472650447,-5971668946.674583,3556295999.935901,-2227151655.5471425
4026,2454693.5972622735,-5972091501.755249,3555722908.308646,-2227168855.075927
4027,2454693.8472596584,-5972515905.760751,3555140417.312224,-2227182677.0644565
4028,2454694.0972574935,-5972929664.675906,3554552684.6022797,-2227194932.4346614
4029,2454694.347255361,-5973337352.987648,3553971159.441376,-2227210577.5387387
4030,2454694.5972529696,-5973751412.679601,3553391602.6412687,-2227227758.9706326
4031,2454694.8472507396,-5974167149.594769,3552802618.323125,-2227241536.469343
4032,2454695.0972489594,-5974572149.493554,3552208560.5927114,-2227253806.0879
4033,2454695.347247206,-5974971200.697546,3551620804.7612314,-2227269491.936214
4034,2454695.597245195,-5975376663.665073,3551034915.749287,-2227286655.764856
4035,2454695.847243351,-5975783631.174026,3550439573.242296,-2227300390.2929935
4036,2454696.0972419563,-5976179772.3895035,3549839326.522209,-2227312676.1390777
4037,2454696.347240582,-5976570088.006109,3549245473.6008477,-2227328403.709554
4038,2454696.5972389514,-5976966853.25493,3548653384.841531,-2227345550.4819684
4039,2454696.847237495,-5977364949.2571335,3548051818.8690577,-2227359243.6036925
4040,2454697.0972364857,-5977752132.188236,3547445518.8250866,-2227371547.6668596
4041,2454697.3472354915,-5978133613.594224,3546845702.1125984,-2227387317.9219246
4042,2454697.597234242,-5978521579.8067465,3546247545.944498,-2227404448.167854
4043,2454697.847233173,-5978910701.767223,3545639891.2517557,-2227418101.417811
4044,2454698.09723255,-5979288826.24911,3545027673.6768246,-2227430425.6206274
4045,2454698.3472319366,-5979661374.074956,3544422026.742793,-2227446239.4278197
4046,2454698.5972310696,-5980040439.041603,3543817935.989846,-2227463353.5784183
4047,2454698.847230389,-5980420483.461672,3543204328.01022,-2227476968.3785434
4048,2454699.0972301527,-5980789448.28039,3542586329.543069,-2227489314.4924426
4049,2454699.3472299203,-5981152961.97449,3541974986.996138,-2227505172.5404506
4050,2454699.597229436,-5981523022.213191,3541365095.7808094,-2227522270.844711
4051,2454699.847229144,-5981893884.308876,3540745671.488549,-2227535848.4210296
4052,2454700.0972292954,-5982253586.941349,3540122030.5013804,-2227548217.9843707
4053,2454700.347229445,-5982607964.575123,3539505128.907443,-2227564120.7035418
4054,2454700.597229345,-5982968915.20504,3538889573.593793,-2227581203.151512
4055,2454700.847229442,-5983330488.851051,3538264472.465635,-2227594744.4598856
4056,2454701.097229982,-5983680825.479721,3537635330.0391345,-2227607138.706925
4057,2454701.347230514,-5984025963.834337,3537013008.905248,-2227623086.2025757
4058,2454701.597230798,-5984377698.736438,3536391929.0859303,-2227640152.463286
4059,2454701.8472312856,-5984729876.700409,3535761294.0850286,-2227653658.1316466
4060,2454702.097232214,-5985070742.520042,3535126794.984513,-2227666077.939517
4061,2454702.347233129,-5985406537.465977,3534499197.7230387,-2227682069.944657
4062,2454702.5972337984,-5985748949.73589,3533872737.165951,-2227699119.3248363
4063,2454702.8472346775,-5986091624.203375,3533236715.6651754,-2227712589.6176014
4064,2454703.097235995,-5986422914.016278,3532597009.236127,-2227725035.476726
4065,2454703.3472372936,-5986749261.178244,3531964284.028378,-2227741071.329295
4066,2454703.5972383483,-5987082243.860722,3531332591.502774,-2227758102.757735
4067,2454703.847239619,-5987415307.23719,3530691336.0671206,-2227771537.567083
4068,2454704.0972413262,-5987736916.319928,3530046576.96908,-2227784009.5795703
4069,2454704.347243009,-5988053712.00669,3529408877.4461355,-2227800088.2286167
4070,2454704.5972444504,-5988377159.087021,3528772107.3439794,-2227817100.270426
4071,2454704.847246113,-5988700505.047208,3528125776.2855453,-2227830499.138518
4072,2454705.09724821,-5989012330.25304,3527476124.9753,-2227842997.0484533
4073,2454705.347250277,-5989319472.608969,3526833610.624452,-2227859117.0928836
4074,2454705.597252105,-5989633280.20937,3526191923.283554,-2227876107.9968443
4075,2454705.84725416,-5989946804.931765,3525540680.894523,-2227889470.171573
4076,2454706.097256647,-5990248745.955038,3524886303.7642245,-2227901993.429119
4077,2454706.3472590987,-5990546136.246962,3524239139.9683566,-2227918153.1901145
4078,2454706.597261313,-5990850203.9278965,3523592701.6082397,-2227935120.9690375
4079,2454706.8472637604,-5991153807.399989,3522936717.9890127,-2227948445.491878
4080,2454707.0972666377,-5991445768.073812,3522277787.0850153,-2227960993.34827
4081,2454707.3472694736,-5991733311.97051,3521626144.7323112,-2227977190.9708724
4082,2454707.597272075,-5992027543.981321,3520975126.954747,-2227994133.5087614
4083,2454707.847274914,-5992321131.208968,3520314577.4063807,-2228007419.326556
4084,2454708.097278181,-5992603020.660507,3519651269.7178144,-2228019990.949859
4085,2454708.3472814006,-5992880629.323116,3518995324.392852,-2228036224.5217338
4086,2454708.597284388,-5993164935.6176815,3518339903.281966,-2228053139.694043
4087,2454708.847287619,-5993448417.555372,3517674967.322775,-2228066385.7793345
4088,2454709.097291275,-5993720151.040933,3517007463.7251625,-2228078980.374103
4089,2454709.347294878,-5993987741.856127,3516347394.591625,-2228095248.0435824
4090,2454709.597298251,-5994262038.719236,3515687749.5472665,-2228112133.831854
4091,2454709.8473018724,-5994535332.784823,3515018609.7089148,-2228125339.2926936
4092,2454710.0973059167,-5994796832.089793,3514347093.7367935,-2228137956.2044706
4093,2454710.347309903,-5995054328.955284,3513683082.3008676,-2228154256.279176
4094,2454710.59731366,-5995318539.176085,3513019394.805489,-2228171110.8624244
4095,2454710.847317672,-5995581569.314821,3512346235.415248,-2228184275.0253844
4096,2454711.097322103,-5995832762.712323,3511670892.072247,-2228196913.815342
4097,2454711.34732647,-5996080095.8972225,3511003121.0322113,-2228213244.828611
4098,2454711.597330611,-5996334148.540015,3510335573.5491834,-2228230066.640891
4099,2454711.847335012,-5996586844.913853,3509658579.6844754,-2228243189.099147
4100,2454712.097339829,-5996827666.781151,3508979594.4614573,-2228255849.583252
4101,2454712.347344576,-5997064772.480246,3508308246.7954745,-2228272210.3252363
4102,2454712.5973491,-5997308602.3878145,3507637021.929633,-2228288998.078639
4103,2454712.8473538877,-5997550900.837478,3506956378.652828,-2228302078.7068024
4104,2454713.097359089,-5997781291.086001,3506273936.838247,-2228314760.963359
4105,2454713.3473642147,-5998008110.828035,3505599195.1904545,-2228331150.4824715
4106,2454713.5973691195,-5998241658.018263,3504924475.1476088,-2228347903.162908
4107,2454713.847374294,-5998473499.455969,3504240367.0352836,-2228360942.107297
4108,2454714.097379878,-5998693402.926757,3503554653.3111,-2228373646.4626517
4109,2454714.3473853804,-5998909882.979992,3502876699.650559,-2228390064.047961
4110,2454714.5973906647,-5999133092.068304,3502198665.9537697,-2228406780.8947444
4111,2454714.847396224,-5999354421.921202,3501511276.864068,-2228419778.550314
4112,2454715.097402189,-5999563787.852317,3500822475.1191907,-2228432505.5539813
4113,2454715.3474080665,-5999769878.719704,3500141490.594388,-2228448950.709574
4114,2454715.597413729,-5999982698.445055,3499460323.972937,-2228465631.189348
4115,2454715.8474196703,-6000193466.212673,3498769836.9624224,-2228478588.173261
4116,2454716.097426015,-6000392247.827846,3498078130.2325397,-2228491338.5717363
4117,2454716.3474322665,-6000587903.867502,3497394295.129616,-2228507810.9915156
4118,2454716.5974383047,-6000790286.744965,3496710175.4898214,-2228524454.774206
4119,2454716.8474446274,-6000990445.682015,3496016772.7912607,-2228537371.9028115
4120,2454717.097451349,-6001178599.901035,3495322343.2398844,-2228550146.6179314
4121,2454717.3474579724,-6001363779.062934,3494635836.9637327,-2228566646.165896
4122,2454717.597464385,-6001555681.14511,3493948943.365724,-2228583253.1067886
4123,2454717.8474710863,-6001745188.044064,3493252806.3564763,-2228596131.37923
4124,2454718.0974781835,-6001922675.282691,3492555835.2328596,-2228608931.4935355
4125,2454718.3474851763,-6002097338.923337,3491866836.252965,-2228625458.1911445
4126,2454718.597491962,-6002278719.627257,3491177346.841703,-2228642028.3200045
4127,2454718.8474990404,-6002457534.653102,3490478655.9575095,-2228654868.9086704
4128,2454719.097506511,-6002624318.6610155,3489779323.492812,-2228667695.657234
4129,2454719.3475138713,-6002788431.381584,3489088009.2219043,-2228684249.676737
4130,2454719.5975210276,-6002959253.3239355,3488396101.087222,-2228700783.1921835
4131,2454719.847528481,-6003127339.841723,3487695035.6629825,-2228713587.437598
4132,2454720.0975363227,-6003283387.517535,3486993520.893219,-2228726442.203405
4133,2454720.3475440484,-6003436916.9632015,3486300067.494249,-2228743023.8636217
4134,2454720.597551573,-6003597145.74088,3485605916.4626417,-2228759521.1287227
4135,2454720.8475594,-6003754470.0727825,3484902654.510332,-2228772290.534364
4136,2454721.09756761,-6003899751.193117,3484199135.043759,-2228785174.84216
4137,2454721.3475757,-6004042667.751441,3483503717.1906977,-2228801784.601185
4138,2454721.597583591,-6004192271.606785,3482807497.5824356,-2228818246.134323
4139,2454721.847591788,-6004338802.66047,3482102215.547921,-2228830982.354959
4140,2454722.097600365,-6004473289.468145,3481396867.327079,-2228843897.856867
4141,2454722.347608816,-6004605565.815813,3480699657.978239,-2228860536.2946696
4142,2454722.5976170716,-6004744515.141295,3480001542.3969393,-2228876962.748362
4143,2454722.8476256374,-6004880223.870949,3479294414.9711328,-2228889667.5644393
4144,2454723.097634579,-6005003890.491418,3478587412.1129794,-2228902616.0098224
4145,2454723.347643389,-6005125500.967935,3477888582.387787,-2228919283.793366
4146,2454723.5976520064,-6005253767.639654,3477188741.6399407,-2228935675.9138536
4147,2454723.8476609387,-6005378626.341002,3476479941.727492,-2228948351.1851053
4148,2454724.0976702427,-6005491448.0421295,3475771456.549134,-2228961334.368409
4149,2454724.347679409,-6005602367.880201,3475071175.8183784,-2228978032.1936884
4150,2454724.5976883867,-6005719924.465597,3474369779.0737658,-2228994390.756672
4151,2454724.8476976836,-6005833905.967335,3473659478.0287137,-2229007038.3514485
4152,2454725.097707347,-6005935858.341969,3472949681.364032,-2229020058.035768
4153,2454725.3477168684,-6006036062.851242,3472248117.652229,-2229036786.5461392
4154,2454725.5977262044,-6006142881.804831,3471545332.9341826,-2229053112.269756
4155,2454725.847735863,-6006245958.686115,3470833701.138978,-2229065733.97293
4156,2454726.0977458847,-6006337016.901808,3470122763.0072036,-2229078791.794111
4157,2454726.3477557586,-6006426480.763169,3469420083.7498736,-2229095551.481695
4158,2454726.5977654504,-6006522533.77747,3468716078.777403,-2229111844.9255247
4159,2454726.8477754695,-6006614677.785779,3468003286.564465,-2229124442.3357787
4160,2454727.097785846,-6006694816.079493,3467291377.1653914,-2229137539.6996922
4161,2454727.3477960704,-6006773512.927231,3466587750.2704797,-2229154330.8041835
4162,2454727.597806116,-6006858770.611845,3465882693.575742,-2229170592.270179
4163,2454727.8478164934,-6006939952.4454365,3465168912.389645,-2229183166.7037334
4164,2454728.0978272236,-6007009144.014457,3464456203.299531,-2229196304.6945205
4165,2454728.3478377964,-6007077046.440728,3463751798.36509,-2229213127.117595
4166,2454728.597848194,-6007151478.443479,3463045860.519054,-2229229356.5711555
4167,2454728.847858927,-6007221667.988836,3462331264.136469,-2229241908.989874
4168,2454729.0978700086,-6007279885.342571,3461617929.5099525,-2229255088.306306
4169,2454729.347880928,-6007336965.361449,3460912918.9959235,-2229271941.5574923
4170,2454729.597891676,-6007400540.940793,3460206273.7372704,-2229288138.5830154
4171,2454729.8479027622,-6007459707.946492,3459491039.3413024,-2229300669.5594254
4172,2454730.097914193,-6007506923.673687,3458777256.9221106,-2229313890.4899054
4173,2454730.3479254562,-6007553153.574278,3458071817.0892925,-2229330773.672145
4174,2454730.597936552,-6007605842.529957,3457364642.183373,-2229346937.4688945
4175,2454730.8479479905,-6007653957.604275,3456648951.136035,-2229359447.1917014
4176,2454731.0979597676,-6007690145.426975,3455934902.939317,-2229372709.629219
4177,2454731.347971373,-6007725498.874631,3455229214.438987,-2229389621.4632893
4178,2454731.597982814,-6007767272.687003,3454521692.171886,-2229405750.878728
4179,2454731.847994602,-6007804308.46496,3453805730.411161,-2229418239.194173
4180,2454732.098006723,-6007829444.423401,3453091603.0248446,-2229431542.685176
4181,2454732.3480186677,-6007853897.654907,3452385851.1062264,-2229448481.565724
4182,2454732.598030452,-6007884730.683261,3451678168.3991404,-2229464575.158006
4183,2454732.848042587,-6007910663.019724,3450962126.462062,-2229477041.6380334
4184,2454733.09805505,-6007924726.652996,3450248110.9825487,-2229490385.45578
4185,2454733.348067331,-6007938259.639821,3449542485.344902,-2229507349.529362
4186,2454733.5980794565,-6007958130.263317,3448834833.524974,-2229523405.6493506
4187,2454733.848091935,-6007972939.34577,3448118906.240046,-2229535849.67704
4188,2454734.098104737,-6007975914.771318,3447405197.890726,-2229549232.91009
4189,2454734.348117352,-6007978512.262642,3446699892.232189,-2229566220.1662216
4190,2454734.598129815,-6007987403.883688,3445992466.5142803,-2229582237.0504003
4191,2454734.8481426346,-6007991075.191348,3445276852.4190474,-2229594657.914242
4192,2454735.0981557723,-6007982952.015744,3444563649.9082193,-2229608079.5619855
4193,2454735.3481687186,-6007974604.398617,3443858861.2284393,-2229625087.9294734
4194,2454735.5981815164,-6007972506.24982,3443151859.9652967,-2229641063.7961674
4195,2454735.8481946737,-6007965031.303236,3442436760.507368,-2229653460.7857685
4196,2454736.0982081434,-6007945805.310914,3441724265.1852617,-2229666919.8536367
4197,2454736.3482214175,-6007926509.23643,3441020192.9033475,-2229683947.2947903
4198,2454736.5982345464,-6007913416.942066,3440313816.6682677,-2229699880.43638
4199,2454736.8482480384,-6007894793.796481,3439599435.257218,-2229712252.9321537
4200,2454737.098261837,-6007864467.37254,3438887850.1432347,-2229725748.5189
4201,2454737.348275435,-6007834226.107406,3438184695.1065326,-2229742793.1140285
4202,2454737.5982888923,-6007810141.963175,3437479145.688728,-2229758681.9775553
4203,2454737.8483027145,-6007780375.414863,3436765686.683563,-2229771029.5268445
4204,2454738.098316838,-6007738957.677332,3436055215.453013,-2229784560.896411
4205,2454738.3483307566,-6007697781.163757,3435353178.9299436,-2229801620.911244
4206,2454738.598344538,-6007662714.126121,3434648658.33899,-2229817464.1603937
4207,2454738.848358687,-6007621815.632117,3433936326.070031,-2229829786.5334744
4208,2454739.098373132,-6007569322.284323,3433227172.1002984,-2229843353.165437
4209,2454739.3483873666,-6007517226.92941,3432526454.8569407,-2229860427.0961123
4210,2454739.5984014682,-6007471192.346472,3431823164.4342566,-2229876223.6499906
4211,2454739.84841594,-6007419179.700525,3431112162.3539133,-2229888520.8723254
4212,2454740.098430702,-6007355632.656687,3430404527.9196005,-2229902122.488229
4213,2454740.348445249,-6007292640.91418,3429705329.463199,-2229919209.0821486
4214,2454740.598459666,-6007235660.069978,3429003469.175884,-2229934958.130324
4215,2454740.848474457,-6007172556.914372,3428293999.204494,-2229947230.491608
4216,2454741.0984895313,-6007097983.784557,3427588084.877531,-2229960867.058834
4217,2454741.348504386,-6007024123.620133,3426890602.9118648,-2229977965.3140635
4218,2454741.5985191157,-6006956223.186773,3426190370.862232,-2229993666.311386
4219,2454741.848534221,-6006882058.4561405,3425482632.950516,-2230005914.355903
4220,2454742.098549603,-6006796491.986777,3424778637.2149196,-2230019586.0743756
4221,2454742.348564761,-6006711796.321414,3424083067.30565,-2230036695.2235174
4222,2454742.5985797984,-6006633007.810591,3423384659.4435616,-2230052347.871289
4223,2454742.8485952136,-6006547815.194743,3422678851.328349,-2230064572.376455
4224,2454743.098610899,-6006451292.74596,3421976970.376847,-2230078279.6554227
4225,2454743.3486263566,-6006355798.952031,3421283505.785667,-2230095399.1413846
4226,2454743.598641697,-6006266158.232949,3420587115.775121,-2230111003.3621635
4227,2454743.848657417,-6006169975.71757,3419883432.873811,-2230123205.3125405
4228,2454744.098673402,-6006062538.827636,3419183860.5269485,-2230136948.744482
4229,2454744.3486891543,-6005956288.319072,3418492692.151481,-2230154078.1948586
4230,2454744.598704793,-6005855835.235184,3417798511.3260546,-2230169634.1073284
4231,2454744.8487208136,-6005748704.74397,3417097146.703053,-2230181814.6699915
4232,2454745.0987370927,-6005630398.795736,3416400074.3837175,-2230195595.0070095
4233,2454745.3487531347,-6005513436.718849,3415711390.736739,-2230212734.2119155
4234,2454745.5987690673,-6005402214.802058,3415019608.07893,-2230228242.1099715
4235,2454745.848785384,-6005284181.931376,3414320752.421434,-2230240402.614792
4236,2454746.098801953,-6005155055.904903,3413626369.125072,-2230254220.7504926
4237,2454746.3488182803,-6005027430.907529,3412940356.2968044,-2230271369.646179
4238,2454746.598834502,-6004905487.161492,3412251158.3889537,-2230286829.9839892
4239,2454746.8488511103,-6004776600.973808,3411554999.9440656,-2230298971.909949
4240,2454747.098867963,-6004636707.24621,3410863492.1612825,-2230312828.8672156
4241,2454747.348884571,-6004498471.281654,3410180333.7265325,-2230329987.5253577
4242,2454747.5989010776,-6004365855.986624,3409493904.640467,-2230345400.907644
4243,2454747.8489179723,-6004226168.811279,3408800629.0863643,-2230357525.8737903
4244,2454748.098935105,-6004075562.949148,3408112180.656612,-2230371422.796547
4245,2454748.3489519884,-6003926771.057331,3407432057.5116453,-2230388591.4166117
4246,2454748.598968775,-6003783537.536209,3406748578.6284556,-2230403958.590983
4247,2454748.848985951,-6003633104.715103,3406058368.8780994,-2230416068.3483186
4248,2454749.0990033583,-6003471845.195289,3405373160.7802567,-2230430006.492932
4249,2454749.349020513,-6003312555.195601,3404696250.9230394,-2230447185.392743
4250,2454749.5990375746,-6003158759.475171,3404015900.705029,-2230462507.2386093
4251,2454749.8490550267,-6002997638.987364,3403328936.673207,-2230474603.656848
4252,2454750.0990727046,-6002825786.781037,3402647146.793201,-2230488584.3765855
4253,2454750.3490901245,-6002656058.813731,3401973625.097063,-2230505773.973968
4254,2454750.5991074564,-6002491759.120874,3401296578.8721867,-2230521051.480462
4255,2454750.8491251804,-6002320011.03031,3400613037.276925,-2230533136.521646
4256,2454751.099143123,-6002137629.000363,3399934840.234363,-2230547161.235862
4257,2454751.3491608044,-6001957524.874142,3399264878.3080206,-2230564362.0128427
4258,2454751.5991784018,-6001782780.934314,3398591308.1706233,-2230579596.237058
4259,2454751.8491963926,-6001600466.639495,3397911362.483151,-2230591671.9074316
4260,2454752.099214595,-6001407618.74402,3397236929.6407466,-2230605742.047139
4261,2454752.3492325325,-6001217201.098748,3396570695.9067373,-2230622954.4888334
4262,2454752.5992503907,-6001032073.2639,3395900770.8732147,-2230638146.4872684
4263,2454752.849268643,-6000839254.597421,3395224591.5595064,-2230650214.761245
4264,2454753.099287101,-6000636004.969778,3394554091.3597183,-2230664331.686219
4265,2454753.3493052903,-6000435336.348959,3393891751.4938064,-2230681556.19121
4266,2454753.5993234045,-6000239884.675157,3393225638.0499787,-2230696706.923216
4267,2454753.849341914,-6000036622.999268,3392553393.230347,-2230708769.6404634
4268,2454754.099360622,-5999823035.076553,3391886991.970754,-2230722934.5314426
4269,2454754.349379058,-5999612177.106109,3391228709.793683,-2230740171.300138
4270,2454754.599397423,-5999406460.599716,3390566572.8999033,-2230755281.512853
4271,2454754.8494161856,-5999192816.135873,3389898429.4624267,-2230767340.2611103
4272,2454755.099435139,-5998968952.088491,3389236292.5106645,-2230781554.002802
4273,2454755.3494538176,-5998747965.023546,3388582231.2942634,-2230798802.9224734
4274,2454755.5994724296,-5998532041.320196,3387924235.768413,-2230813873.0389156
4275,2454755.8494914393,-5998308072.972055,3387260360.812668,-2230825929.046719
4276,2454756.099510634,-5998073993.680942,3386602654.0935073,-2230840192.1277137
4277,2454756.3495295495,-5997842936.546045,3385952978.0710526,-2230857452.681709
4278,2454756.5995484036,-5997616862.218702,3385299290.0996747,-2230872482.720271
4279,2454756.849567657,-5997382628.047796,3384639852.4261284,-2230884536.7878275
4280,2454757.0995870875,-5997138393.744933,3383986743.8676257,-2230898849.2447557
4281,2454757.349606236,-5996897325.134453,3383341619.614814,-2230916120.4713306
4282,2454757.5996253276,-5996661156.644148,3382692408.047086,-2230931110.019548
4283,2454757.8496448193,-5996416714.957181,3382037579.3450575,-2230943162.5074887
4284,2454758.099664481,-5996162386.433681,3381389239.944887,-2230957523.929166
4285,2454758.349683858,-5995911365.823963,3380748837.3108187,-2230974804.441236
4286,2454758.5997031825,-5995665160.916957,3380104274.442348,-2230989752.6903625
4287,2454758.8497229074,-5995410571.726276,3379454229.9190154,-2231001803.5679493
4288,2454759.0997427953,-5995146211.834994,3378810834.215861,-2231016213.156386
4289,2454759.349762396,-5994885301.109613,3378175326.6362214,-2231033501.214334
4290,2454759.599781948,-5994629120.345598,3377535588.3651066,-2231048407.042432
4291,2454759.8498019017,-5994364446.880472,3376890506.749486,-2231060455.97929
4292,2454760.0998220113,-5994090122.013241,3376252232.683796,-2231074912.648609
4293,2454760.34984183,-5993819386.892434,3375621796.908072,-2231092206.2649007
4294,2454760.599861605,-5993553295.013363,3374987062.338454,-2231107068.345501
4295,2454760.8498817817,-5993278605.01656,3374347125.37346,-2231119114.822949
4296,2454761.0999021074,-5992994386.320277,3373714153.682089,-2231133617.3121886
4297,2454761.3499221387,-5992713897.491708,3373088969.083981,-2231150914.3642826
4298,2454761.599942132,-5992437964.463444,3372459419.764051,-2231165731.2781615
4299,2454761.8499625265,-5992153331.140668,3371824811.3844266,-2231177774.699101
4300,2454762.0999830626,-5991859295.374134,3371197324.731389,-2231192321.6796823
4301,2454762.3500033016,-5991569129.259373,3370577572.403472,-2231209620.0142503
4302,2454762.6000235067,-5991283430.950191,3369953391.392805,-2231224390.349567
4303,2454762.8500441136,-5990988933.562602,3369324296.773725,-2231236430.1343627
4304,2454763.100064854,-5990685163.606837,3368702478.7888217,-2231251020.3019
4305,2454763.3500852957,-5990385402.794897,3368088340.5779133,-2231268317.8221855
4306,2454763.600105707,-5990090021.336762,3367469711.484041,-2231283040.256789
4307,2454763.85012652,-5989785745.493355,3366846316.0833364,-2231295075.920747
4308,2454764.1001474597,-5989472330.579514,3366230350.414809,-2231309708.0682874
4309,2454764.3501680973,-5989163063.995798,3365622007.988104,-2231327002.8029666
4310,2454764.6001887093,-5988858087.898325,3365009114.0474358,-2231341676.1683826
4311,2454764.8502097223,-5988544125.617455,3364391602.7031026,-2231353707.381125
4312,2454765.100230855,-5988221161.339319,3363781672.134161,-2231368380.454671
4313,2454765.350251682,-5987902484.213299,3363179306.1159687,-2231385670.609531
4314,2454765.600272489,-5987588008.289339,3362572329.3507204,-2231400293.9382095
4315,2454765.850293696,-5987264457.883493,3361960885.4588065,-2231412320.5666847
4316,2454766.1003150153,-5986932046.0435705,3361357171.108181,-2231427033.7047157
4317,2454766.350336026,-5986604059.719276,3360760960.3040295,-2231444317.6987224
4318,2454766.6003570207,-5986280184.861753,3360160080.7697062,-2231458890.2560782
4319,2454766.850378416,-5985947150.6812725,3359554885.5559387,-2231470912.392571
4320,2454767.100399915,-5985605399.002999,3358957566.1756034,-2231485664.9507403
4321,2454767.3504211036,-5985268210.622582,3358367686.896996,-2231502941.4375134
4322,2454767.60044228,-5984935043.46108,3357773082.034253,-2231517462.7395573
4323,2454767.850463856,-5984592635.524419,3357174313.934143,-2231529480.7155023
4324,2454768.100485529,-5984241657.258085,3356583565.319635,-2231544272.277288
4325,2454768.3505068882,-5983895379.346545,3356000190.8255153,-2231561540.152702
4326,2454768.6005282397,-5983553031.8128805,3355412034.932714,-2231576009.9701085
4327,2454768.850549991,-5983201365.354261,3354819869.0961294,-2231588024.356642
4328,2454769.1005718303,-5982841278.80923,3354235863.624793,-2231602854.731029
4329,2454769.3505933536,-5982486028.794823,3353659163.693813,-2231620113.1282735
4330,2454769.600614874,-5982134617.634341,3353077627.5325875,-2231634531.4784584
4331,2454769.850636793,-5981773812.607458,3352492235.4626446,-2231646543.0755463
4332,2454770.100658792,-5981404740.650938,3351915141.7666273,-2231661412.283897
4333,2454770.3506804733,-5981040640.362974,3351345282.4037595,-2231678660.5584364
4334,2454770.600702156,-5980680286.634053,3350770532.937259,-2231693027.6883645
4335,2454770.8507242356,-5980310467.214644,3350192082.2591224,-2231705037.5055456
4336,2454771.100746388,-5979932536.779796,3349622065.0245266,-2231719945.760977
4337,2454771.35076822,-5979559711.965782,3349059208.28877,-2231737183.4689164
4338,2454771.6007900583,-5979190540.567977,3348491408.534919,-2231751499.8322535
4339,2454771.850812292,-5978811834.693606,3347920062.872698,-2231763509.0648103
4340,2454772.100834591,-5978425176.332749,3347357282.7388897,-2231778456.7480106
4341,2454772.3508565673,-5978043756.227411,3346801586.66235,-2231795683.6217885
4342,2454772.6008785535,-5977665895.487138,3346240895.629079,-2231809949.854394
4343,2454772.8509009345,-5977278434.459146,3345676814.554626,-2231821959.8588004
4344,2454773.100923373,-5976883181.962278,3345121428.0749626,-2231836947.493951
4345,2454773.3509454867,-5976493298.923837,3344573046.6327853,-2231854163.419004
4346,2454773.600967615,-5976106880.248122,3344019619.293253,-2231868380.316078
4347,2454773.850990136,-5975710798.400854,3343462958.304132,-2231880392.5877385
4348,2454774.1010127068,-5975307088.479591,3342915117.9253235,-2231895420.8213515
4349,2454774.351034951,-5974908877.688313,3342374201.013753,-2231912625.8160214
4350,2454774.6010572137,-5974514035.275984,3341828188.27977,-2231926794.312793
4351,2454774.8510798686,-5974109469.697739,3341279098.766194,-2231938810.467637
4352,2454775.101102565,-5973697441.713988,3340738952.787882,-2231953880.05131
4353,2454775.3511249325,-5973291040.907201,3340205646.174713,-2231971074.2506447
4354,2454775.601147324,-5972887911.487442,3339667194.835651,-2231985195.4068213
4355,2454775.851170105,-5972475001.758396,3339125824.0069003,-2231997217.1663113
4356,2454776.10119292,-5972054797.458665,3338593516.4960275,-2232012328.9425197
4357,2454776.351215404,-5971640346.659262,3338067961.7224874,-2232029512.584577
4358,2454776.6012379164,-5971229069.2106085,3337537214.333568,-2232043587.570529
4359,2454776.851260817,-5970807957.107422,3337003705.093383,-2232055616.7475967
4360,2454777.101283744,-5970379720.309427,3336479375.7488384,-2232070771.635448
4361,2454777.351306338,-5969957361.491794,3335961709.9848065,-2232087945.0463667
4362,2454777.6013289643,-5969538076.883219,3335438804.7139335,-2232101975.1268
4363,2454777.851351978,-5969108905.990318,3334913295.5018635,-2232114013.607853
4364,2454778.101375009,-5968672782.160887,3334397079.494744,-2232129212.5833187
4365,2454778.351397706,-5968242658.79292,3333887435.3818526,-2232146376.1551447
4366,2454778.6014204407,-5967815509.286444,3333372505.8593006,-2232160362.6636395
4367,2454778.8514435594,-5967378424.455095,3332855130.5126843,-2232172412.3794975
4368,2454779.1014666883,-5966934560.123559,3332347158.3680134,-2232187656.4426036
4369,2454779.351489482,-5966496816.533721,3331845663.928006,-2232204810.595951
4370,2454779.601512317,-5966061945.1038265,3331338839.188217,-2232218754.8921304
4371,2454779.851535535,-5965617091.722815,3330829726.926225,-2232230817.7694354
4372,2454780.1015587547,-5965165633.704363,3330330124.559458,-2232246107.8898964
4373,2454780.351581638,-5964720414.261347,3329836903.292695,-2232263253.013091
4374,2454780.6016045674,-5964277963.734728,3329338307.9438066,-2232277156.41445
4375,2454780.851627877,-5963825486.834754,3328837583.6184006,-2232289234.3002453
4376,2454781.1016511815,-5963366581.307479,3328346472.678907,-2232304571.3352146
4377,2454781.3516741474,-5962914029.480655,3327861644.009694,-2232321707.694941
4378,2454781.601697164,-5962464141.591274,3327371398.788588,-2232335571.3800116
4379,2454781.8517205594,-5962004184.907333,3326879183.557155,-2232347665.938177
4380,2454782.101743941,-5961537976.497926,3326396682.225253,-2232363050.523269
4381,2454782.351766984,-5961078233.984952,3325920362.426915,-2232380178.150835
4382,2454782.6017900817,-5960621048.562479,3325438585.25269,-2232394003.041143
4383,2454782.8518135557,-5960153753.802167,3324954997.7583447,-2232406115.6316752
4384,2454783.1018370087,-5959680384.955378,3324481222.0481844,-2232421548.0600066
4385,2454783.351860122,-5959213591.17494,3324013525.659384,-2232438666.631878
4386,2454783.601883294,-5958749245.780712,3323540333.1495748,-2232452453.2753105
4387,2454783.8519068407,-5958274752.421396,3323065491.121032,-2232464584.842837
4388,2454784.1019303584,-5957794363.375474,3322600556.5445633,-2232480064.9617786
4389,2454784.3519535353,-5957320655.635794,3322141598.073231,-2232497173.7069607
4390,2454784.601976776,-5956849285.934114,3321677107.260033,-2232510922.197289
4391,2454784.8520003883,-5956367731.801413,3321211129.2114735,-2232523073.2047234
4392,2454785.1020239643,-5955880461.374614,3320755152.432527,-2232538600.3662477
4393,2454785.352047199,-5955399975.864479,3320305047.9329257,-2232555698.0350924
4394,2454785.6020705015,-5954921716.807898,3319849377.732051,-2232569407.9998865
4395,2454785.8520941734,-5954433239.43872,3319392384.295676,-2232581578.435896
4396,2454786.102117801,-5953939226.550221,3318945484.301545,-2232597151.5242567
4397,2454786.352141087,-5953452099.994503,3318504352.3624945,-2232614236.4364047
4398,2454786.602164445,-5952967087.585745,3318057624.3594093,-2232627907.1041822
4399,2454786.85218817,-5952471826.065223,3317609738.857695,-2232640096.5681
4400,2454787.1022118432,-5951971211.61562,3317172037.3116155,-2232655714.1010323
4401,2454787.3522351733,-5951477583.16841,3316739999.187346,-2232672784.2610393
4402,2454787.6022585807,-5950985956.334615,3316302337.5493126,-2232686414.5889807
4403,2454787.8522823523,-5950484053.120856,3315863685.69774,-2232698622.4281154
4404,2454788.1023060638,-5949976981.741157,3315435306.44708,-2232714282.7012296
4405,2454788.352329432,-5949476994.636854,3315012485.387629,-2232731335.947355
4406,2454788.602352882,-5948978896.762762,3314584016.0352826,-2232744924.771967
4407,2454788.8523766925,-5948470499.085853,3314154724.9777784,-2232757150.2320523
4408,2454789.1024004356,-5947957120.391872,3313735792.9777417,-2232772851.466983
4409,2454789.3524238346,-5947450923.0492935,3313322313.0642266,-2232789885.614863
4410,2454789.6024473202,-5946946502.927904,3312903162.4404497,-2232803431.7894363
4411,2454789.852471163,-5946431763.586861,3312483359.4742274,-2232815674.144983
4412,2454790.102494931,-5945912232.826992,3312073999.4902196,-2232831414.61191
4413,2454790.352518354,-5945399979.355628,3311669984.3326607,-2232848427.5680385
4414,2454790.6025418676,-5944889391.561014,3311260278.1109905,-2232861930.066392
4415,2454790.8525657356,-5944368469.172362,3310850089.419658,-2232874188.715046
4416,2454791.1025895206,-5943842947.36369,3310450424.797196,-2232889966.8180285
4417,2454791.352612961,-5943324797.600075,3310055996.349711,-2232906956.655841
4418,2454791.6026364956,-5942808202.4353485,3309655858.3005204,-2232920414.639076
4419,2454791.8526603812,-5942281261.303406,3309255407.8760967,-2232932689.159951
4420,2454792.102684176,-5941749915.035913,3308865559.522207,-2232948503.487932
4421,2454792.352707626,-5941226034.293234,3308480837.12456,-2232965468.491665
4422,2454792.602731174,-5940703597.494769,3308090388.2156215,-2232978881.344959
4423,2454792.8527550697,-5940170807.278027,3307699797.0171046,-2232991171.529378
4424,2454793.102778867,-5939633808.351299,3307319882.615626,-2233007020.88208
4425,2454793.352802319,-5939104367.034102,3306944982.262015,-2233023959.568078
4426,2454793.602825873,-5938576259.36931,3306564339.9766426,-2233037326.9173694
4427,2454793.8528497713,-5938037794.66494,3306183725.294453,-2233049632.7817516
4428,2454794.1028735633,-5937495319.663697,3305813858.7140007,-2233065516.1798162
4429,2454794.35289701,-5936960492.8384905,3305448892.5005317,-2233082427.304079
4430,2454794.6029205625,-5936426889.673248,3305078170.3201795,-2233095749.020782
4431,2454794.8529444556,-5935882929.581944,3304707645.291039,-2233108070.809025
4432,2454795.1029682346,-5935335159.439894,3304347936.1300473,-2233123987.494918
4433,2454795.352991668,-5934795126.399685,3303993011.826744,-2233140870.0525546
4434,2454795.603015212,-5934256207.263416,3303632318.826689,-2233154146.251136
4435,2454795.853039092,-5933706934.953972,3303271992.0513887,-2233166484.430638
4436,2454796.1030628495,-5933154054.518271,3302922545.277142,-2233182433.86374
4437,2454796.3530862625,-5932608998.347687,3302577765.9862485,-2233199287.0830154
4438,2454796.6031097895,-5932064946.498142,3302227206.5111923,-2233212518.113552
4439,2454796.8531336486,-5931510548.770576,3301877181.747233,-2233224873.366442
4440,2454797.1031573783,-5930952746.363505,3301538097.40582,-2233240855.2134576
4441,2454797.3531807624,-5930402853.499784,3301203561.288204,-2233257678.545281
4442,2454797.603204265,-5929853855.482667,3300863234.693945,-2233270864.9815316
4443,2454797.853228096,-5929294522.325325,3300523610.61299,-2233283238.191444
4444,2454798.1032517888,-5928731989.299596,3300194983.6035385,-2233299252.312352
4445,2454798.353275137,-5928177449.087309,3299870783.6691537,-2233316045.4152765
4446,2454798.6032986073,-5927623694.290206,3299540784.1285205,-2233329188.0383515
4447,2454798.8533224016,-5927059618.432445,3299211654.1384573,-2233341580.2729044
4448,2454799.1033460503,-5926492548.723787,3298893574.052238,-2233357626.702663
4449,2454799.3533693547,-5925933552.969079,3298579798.015676,-2233374389.4237523
4450,2454799.603392785,-5925375233.177515,3298260214.3894544,-2233387489.201848
4451,2454799.853416535,-5924806609.647486,3297941666.5210385,-2233399901.6914563
4452,2454800.1034401315,-5924235199.335647,3297634217.544346,-2233415980.6183
4453,2454800.353463385,-5923671941.872281,3297330947.7427864,-2233432712.9708915
4454,2454800.603486767,-5923109250.841081,3297021863.5111055,-2233445771.0362773
4455,2454800.853510465,-5922536276.542159,3296713980.3625555,-2233458205.150614
4456,2454801.1035340023,-5921960723.433734,3296417241.2344933,-2233474316.8924327
4457,2454801.353557196,-5921393399.71392,3296124554.596929,-2233491019.0323477
4458,2454801.6035805233,-5920826532.765814,3295826047.8377576,-2233504036.6572285
4459,2454801.8536041616,-5920249406.082229,3295528906.5617957,-2233516493.8810067
4460,2454802.1036276314,-5919669909.324043,3295242950.5694,-2233532638.861416
4461,2454802.3536507585,-5919098716.040362,3294960918.6178064,-2233549311.0632186
4462,2454802.6036740225,-5918527869.695431,3294673062.0117373,-2233562289.6359386
4463,2454802.8536975933,-5917946790.127675,3294386734.3232145,-2233574771.545356
4464,2454803.103720988,-5917363549.847993,3294111629.3114142,-2233590950.270677
4465,2454803.3537440407,-5916788684.580256,3293840318.1710167,-2233607592.9049063
4466,2454803.603767235,-5916214056.206283,3293563179.0097756,-2233620533.907191
4467,2454803.8537907302,-5915629224.022492,3293287731.1920404,-2233633042.14741
4468,2454804.103814042,-5915042440.982307,3293023539.5678983,-2233649255.184562
4469,2454804.3538370132,-5914464101.847558,3292763009.967994,-2233665868.695657
4470,2454804.603860129,-5913885889.305811,3292496650.150618,-2233678773.6801686
4471,2454804.8538835417,-5913297505.179888,3292232143.047572,-2233691309.942636
4472,2454805.1039067637,-5912707380.4013815,3291978921.7694573,-2233707557.896296
4473,2454805.353929646,-5912125765.670887,3291729229.0298443,-2233724142.7790694
4474,2454805.6039526765,-5911544166.918076,3291473705.0464997,-2233737013.344634
4475,2454805.8539759987,-5910952431.512649,3291220194.0461335,-2233749579.3411036
4476,2454806.1039991234,-5910359165.840987,3290977994.610018,-2233765862.8265142
4477,2454806.354021909,-5909774473.478918,3290739188.6320386,-2233782419.5969543
4478,2454806.6040448467,-5909189686.079084,3290494551.562359,-2233795257.3567276
4479,2454806.854068072,-5908594799.527297,3290252086.607029,-2233807854.7848315
4480,2454807.1040910915,-5907998593.080896,3290020955.0740876,-2233824174.3905597
4481,2454807.354113774,-5907411020.161943,3289793080.3902082,-2233840703.544964
4482,2454807.604136612,-5906823240.669524,3289559375.980104,-2233853510.081208
4483,2454807.854159732,-5906225401.922085,3289328001.677825,-2233866140.5748625
4484,2454808.10418264,-5905626453.404592,3289107978.828337,-2233882496.808782
4485,2454808.3542052116,-5905036195.39313,3288891074.805969,-2233898998.764464
4486,2454808.6042279424,-5904445618.600922,3288668343.7288547,-2233911775.563286
4487,2454808.8542509507,-5903845024.645776,3288448099.681339,-2233924440.6217213
4488,2454809.1042737397,-5903243530.543607,3288239221.4192276,-2233940833.834591
4489,2454809.3542961944,-5902650780.476956,3288033322.749906,-2233957308.847422
4490,2454809.6043188116,-5902057598.593118,3287821601.1883745,-2233970057.209975
4491,2454809.854341701,-5901454443.636104,3287612522.6736917,-2233982758.1033754
4492,2454810.1043643644,-5900850597.416242,3287414820.817721,-2233999188.389863
4493,2454810.3543866947,-5900255545.1350565,3287219958.421689,-2234015636.4509206
4494,2454810.6044091913,-5899659947.061823,3287019279.0883327,-2234028357.3860126
4495,2454810.854431955,-5899054421.871043,3286821398.199816,-2234041095.045743
4496,2454811.104454486,-5898448413.411246,3286634901.739582,-2234057562.1343017
4497,2454811.354476686,-5897851245.096715,3286451104.1333537,-2234073982.8606367
4498,2454811.6044990555,-5897253416.094579,3286261497.74082,-2234086676.9777226
4499,2454811.8545216876,-5896645707.811068,3286074844.9478683,-2234099451.8939824
4500,2454812.1045440794,-5896037723.377064,3285899581.679555,-2234115955.0521393
4501,2454812.354566142,-5895438621.712918,3285726876.665399,-2234132347.6018953
4502,2454812.604588378,-5894838743.761138,3285548373.6445537,-2234145015.0377264
4503,2454812.8546108715,-5894229036.46779,3285372979.5124817,-2234157827.2002687
4504,2454813.104633118,-5893619259.497731,3285208977.7305336,-2234174365.1922865
4505,2454813.3546550376,-5893018404.672135,3285047394.0265164,-2234190728.241232
4506,2454813.6046771337,-5892416657.682629,3284880026.0605545,-2234203368.656404
4507,2454813.8546994817,-5891805133.818387,3284715922.656379,-2234216217.5722384
4508,2454814.1047215764,-5891193746.521277,3284563212.399864,-2234232788.6990967
4509,2454814.354743346,-5890591317.987697,3284412780.696786,-2234249120.5031805
4510,2454814.604765296,-5889987881.699495,3284256581.5628357,-2234261733.1665115
4511,2454814.854787492,-5889374724.054231,3284103803.062408,-2234274617.9649386
4512,2454815.1048094286,-5888761909.470235,3283962416.4744477,-2234291220.1885643
4513,2454815.3548310422,-5888158088.036206,3283823169.5390906,-2234307518.725229
4514,2454815.6048528394,-5887553144.093382,3283678174.9537168,-2234320102.669555
4515,2454815.8548748773,-5886938537.836365,3283536757.2366076,-2234333022.269538
4516,2454816.1048966483,-5886324481.781226,3283406727.922126,-2234349653.3884487
4517,2454816.3549180995,-5885719451.437076,3283278699.7353573,-2234365916.5370817
4518,2454816.604939737,-5885113185.072854,3283144946.295599,-2234378470.741345
4519,2454816.8549616095,-5884497319.268846,3283014925.7172236,-2234391424.0324097
4520,2454817.1049832096,-5883882211.665635,3282896287.3768063,-2234408081.858355
4521,2454817.355004491,-5883276160.721214,3282779511.6596327,-2234424307.569554
4522,2454817.605025962,-5882668761.693043,3282657035.2920766,-2234436831.1185493
4523,2454817.8550476627,-5882051830.034753,3282538447.0872693,-2234449817.109747
4524,2454818.1050690836,-5881435865.449346,3282431231.9049377,-2234466499.604522
4525,2454818.3550901893,-5880828986.882055,3282325740.516147,-2234482686.023179
4526,2454818.6051114867,-5880220649.643596,3282214574.9069653,-2234495178.216236
4527,2454818.855133008,-5879602850.461865,3282107451.6729517,-2234508196.130967
4528,2454819.105154244,-5878986227.968984,3282011688.8689475,-2234524901.48779
4529,2454819.355175166,-5878378719.164274,3281917510.439572,-2234541047.0208163
4530,2454819.6051962837,-5877769642.497723,3281817685.7590666,-2234553507.426301
4531,2454819.855217619,-5877151178.302988,3281722056.2765484,-2234566556.745148
4532,2454820.105238662,-5876534100.955102,3281637771.0283937,-2234583283.4212112
4533,2454820.355259394,-5875926163.119745,3281554929.9822917,-2234599386.7602644
4534,2454820.605280324,-5875316549.507448,3281466472.0025415,-2234611815.2292156
4535,2454820.855301466,-5874697626.332427,3281382360.447544,-2234624895.696224
4536,2454821.1053223093,-5874080300.486101,3281309573.191651,-2234641642.4131093
4537,2454821.355342844,-5873472137.968987,3281238089.130099,-2234657702.5296574
4538,2454821.6053635795,-5872862192.916132,3281161018.685319,-2234670099.186041
4539,2454821.8553845207,-5872243019.646556,3281088444.1590176,-2234683210.795495
4540,2454822.1054051574,-5871625654.307548,3281027170.1833167,-2234699976.5237174
4541,2454822.355425488,-5871017473.963776,3280967057.532484,-2234715992.651625
4542,2454822.6054460225,-5870407405.383498,3280901390.213809,-2234728357.873117
4543,2454822.855466756,-5869788193.165261,3280840366.478826,-2234741500.849424
4544,2454823.1054871785,-5869170999.419468,3280790615.695001,-2234758284.7882657
4545,2454823.355507298,-5868563010.065976,3280741883.507582,-2234774256.403556
4546,2454823.6055276236,-5867953027.758086,3280687629.48834,-2234786590.801069
4547,2454823.8555481425,-5867333989.497368,3280638164.813995,-2234799765.5786014
4548,2454824.1055683442,-5866717180.031822,3280599941.6192436,-2234816567.136791
4549,2454824.3555882457,-5866109591.988109,3280562593.448337,-2234832493.9388933
4550,2454824.605608356,-5865499907.196624,3280519757.3666177,-2234844798.3380885
4551,2454824.855628653,-5864881257.131395,3280481854.418697,-2234858005.5432587
4552,2454825.105648627,-5864265045.818571,3280455157.591342,-2234874824.321902
4553,2454825.3556683036,-5863658070.502209,3280429191.3895426,-2234890706.217075
4554,2454825.605688191,-5863048895.518898,3280397772.2491684,-2234902981.6418657
4555,2454825.855708259,-5862430848.827832,3280371427.9930644,-2234916222.076889
4556,2454826.1057279985,-5861815450.338895,3280356250.598125,-2234933057.853671
4557,2454826.3557474436,-5861209299.881954,3280341658.624563,-2234948894.939246
4558,2454826.605767102,-5860600847.663355,3280321649.703296,-2234961142.5956674
4559,2454826.8557869345,-5859983620.081348,3280306855.3147902,-2234974417.2222085
4560,2454827.105806432,-5859369249.499933,3280303184.6185513,-2234991269.9349775
4561,2454827.3558256384,-5858764136.360652,3280299953.3571053,-2235007062.482488
4562,2454827.6058450607,-5858156620.135861,3280291342.1287637,-2235019283.7409887
4563,2454827.8558646506,-5857540427.556709,3280288082.9219446,-2235032593.6618147
4564,2454828.1058839,-5856927299.977121,3280295900.327266,-2235049463.389739
4565,2454828.3559028613,-5856323436.534115,3280304010.429208,-2235065211.8252287
4566,2454828.605922041,-5855717069.39393,3280306778.5140157,-2235077408.199887
4567,2454828.855941382,-5855102127.454045,3280315033.901239,-2235090754.6372495
4568,2454829.1059603766,-5854490457.560955,3280334314.9183564,-2235107641.5785108
4569,2454829.3559790864,-5853888055.689745,3280353741.1836324,-2235123346.4591894
4570,2454829.6059980164,-5853283050.159576,3280367864.340103,-2235135519.58324
4571,2454829.8560171016,-5852669573.807386,3280387607.835831,-2235148903.8535957
4572,2454830.106035835,-5852059575.443317,3280418322.0989,-2235165808.2994328
4573,2454830.356054287,-5851458846.083094,3280449033.504591,-2235181470.2868085
4574,2454830.6060729614,-5850855413.688536,3280474481.669302,-2235193621.8847446
4575,2454830.856091784,-5850243616.748817,3280505680.9420414,-2235207045.370201
4576,2454831.10611025,-5849635502.478731,3280547792.2735977,-2235223967.675916
4577,2454831.356128438,-5849036655.19809,3280589752.0495462,-2235239587.505997
4578,2454831.6061468506,-5848435006.030935,3280626489.4229918,-2235251719.3628936
4579,2454831.8561654044,-5847825100.770598,3280669106.3919334,-2235265183.4801087
4580,2454832.106183597,-5847219081.448391,3280722572.910398,-2235282124.033612
4581,2454832.3562015146,-5846622324.012687,3280775738.6561785,-2235297702.48471
4582,2454832.606219659,-5846022666.297585,3280823723.828385,-2235309816.413183
4583,2454832.8562379386,-5845414862.990488,3280877714.7984233,-2235323322.579874
4584,2454833.1062558508,-5844811147.322167,3280942489.062885,-2235340281.7677736
4585,2454833.3562734923,-5844216685.254483,3281006812.9014783,-2235355819.625607
4586,2454833.606291363,-5843619224.90541,3281065999.014515,-2235367917.4297943
4587,2454833.8563093618,-5843013731.3826685,3281131314.849203,-2235381467.0279484
4588,2454834.106326989,-5842412525.470258,3281207344.0441713,-2235398445.197912
4589,2454834.3563443488,-5841820561.587911,3281282772.818918,-2235413943.216428
4590,2454834.6063619396,-5841225501.734873,3281353107.7773232,-2235426026.6509905
4591,2454834.8563796524,-5840622522.900068,3281429694.1258454,-2235439620.984381
4592,2454835.106396988,-5840024029.745238,3281516920.307821,-2235456618.4009995
4593,2454835.3564140606,-5839434763.65141,3281603395.8507195,-2235472077.2558336
4594,2454835.6064313664,-5838842304.118476,3281684822.6146803,-2235484147.9766374
4595,2454835.856448787,-5838242041.411556,3281772620.234803,-2235497788.219034
4596,2454836.106465826,-5837646460.366835,3281870980.6898866,-2235514805.0095
4597,2454836.356482606,-5837060087.890581,3281968440.217901,-2235530225.240296
4598,2454836.606499621,-5836470424.62553,3282060897.2430735,-2235542284.7430544
4599,2454836.8565167445,-5835873075.444309,3282159842.490894,-2235555971.873665
4600,2454837.1065334817,-5835280601.631287,3282269270.2805495,-2235573007.960138
4601,2454837.3565499643,-5834697314.247748,3282377647.002175,-2235588389.8992343
4602,2454837.6065666834,-5834110638.749221,3282481068.9122877,-2235600439.444368
4603,2454837.8565835045,-5833516395.890518,3282591094.4870653,-2235614174.169783
4604,2454838.106599935,-5832927219.664895,3282711519.270128,-2235631229.1890397
4605,2454838.3566161147,-5832347203.9948225,3282830743.2873797,-2235646572.8786592
4606,2454838.6066325335,-5831763702.856746,3282945061.8585305,-2235658613.4064193
4607,2454838.8566490468,-5831172754.118229,3283066097.871351,-2235672396.075117
4608,2454839.106665166,-5830587060.744112,3283197447.0565543,-2235689469.293833
4609,2454839.3566810386,-5830010498.315907,3283327446.59755,-2235704774.402833
4610,2454839.606697152,-5829430353.091706,3283452592.065172,-2235716806.4525228
4611,2454839.856713353,-5828842881.253484,3283584567.412984,-2235730636.9786463
4612,2454840.1067291563,-5828260851.018753,3283726767.589136,-2235747727.2239347
4613,2454840.3567447173,-5827687918.532421,3283867470.479063,-2235762992.986589
4614,2454840.606760521,-5827111306.159456,3284003373.0318446,-2235775016.6450515
4615,2454840.8567764056,-5826527489.579119,3284146216.894735,-2235788894.4688725
4616,2454841.106791888,-5825949298.569833,3284299195.3082714,-2235806000.1031365
4617,2454841.3568071327,-5825380168.855352,3284450530.4003577,-2235821225.3099413
4618,2454841.6068226215,-5824807262.795851,3284597121.536824,-2235833240.219501
4619,2454841.8568381853,-5824227276.726701,3284750764.6330295,-2235847164.333966
4620,2454842.1068533426,-5823653098.313828,3284914450.3132167,-2235864283.3012795
4621,2454842.356868267,-5823087941.971416,3285076348.4554124,-2235879466.3656516
4622,2454842.606883437,-5822518913.984822,3285233561.7665353,-2235891471.8109903
4623,2454842.8568986747,-5821942932.454891,3285397936.929961,-2235905440.868243
4624,2454843.106913503,-5821372939.251735,3285572261.043636,-2235922570.819596
4625,2454843.356928102,-5820811926.655358,3285744655.1964836,-2235937709.9202433
4626,2454843.606942949,-5820246948.811824,3285912426.2391624,-2235949704.9858465
4627,2454843.8569578566,-5819675146.610965,3286087468.0488863,-2235963717.467359
4628,2454844.1069723507,-5819109512.399217,3286272363.2918553,-2235980855.9403663
4629,2454844.356986621,-5818552815.527418,3286455187.6923213,-2235995949.207248
4630,2454844.60700114,-5817992061.910551,3286633452.9430175,-2236007932.9666295
4631,2454844.857015712,-5817424616.137178,3286819096.490616,-2236021987.372651
4632,2454845.107029868,-5816863517.2357025,3287014495.695931,-2236039131.9776917
4633,2454845.3570438046,-5816311310.844895,3287207684.3356986,-2236054177.671375
4634,2454845.6070579905,-5815754958.516514,3287396379.57045,-2236066149.357227
4635,2454845.8570722234,-5815192049.327614,3287592558.7753987,-2236080244.365946
4636,2454846.1070860364,-5814635665.128496,3287798393.196757,-2236097392.932188
4637,2454846.357099634,-5814088127.080195,3288001878.1034684,-2236112389.574595
4638,2454846.607113483,-5813536356.207318,3288200936.7049932,-2236124348.693436
4639,2454846.8571273717,-5812978166.758563,3288407582.673831,-2236138483.2598276
4640,2454847.1071408363,-5812426679.498271,3288623780.418603,-2236155633.9180694
4641,2454847.3571540914,-5811883990.380449,3288837490.179489,-2236170580.358819
4642,2454847.6071675983,-5811336983.726081,3289046841.764905,-2236182526.7415395
4643,2454847.857181138,-5810783699.552926,3289263881.533529,-2236196700.1337996
4644,2454848.10719425,-5810237293.605647,3289490366.425729,-2236213851.3400283
4645,2454848.3572071576,-5809699635.958776,3289714225.1728735,-2236228746.767688
4646,2454848.6072203177,-5809157578.058498,3289933794.70045,-2236240680.569676
4647,2454848.8572335034,-5808609386.220414,3290161150.4601603,-2236254892.3603597
4648,2454849.1072462588,-5808068247.226701,3290397841.3807645,-2236272042.879543
4649,2454849.357258814,-5807535804.670654,3290631768.2378383,-2236286886.798771
4650,2454849.6072716224,-5806998880.9682455,3290861475.5519137,-2236298808.4715
4651,2454849.8572844495,-5806455969.202451,3291099064.284645,-2236313058.5053344
4652,2454850.1072968435,-5805920283.2499,3291345874.887894,-2236330207.376785
4653,2454850.357309042,-5805393239.697601,3291589783.7570076,-2236344999.5716834
4654,2454850.6073214947,-5804861635.794727,3291829543.4359756,-2236356909.824668
4655,2454850.857333959,-5804324191.804575,3292077276.8153615,-2236371198.180372
4656,2454851.1073459866,-5803794144.757483,3292334115.4743195,-2236388344.6802015
4657,2454851.357357824,-5803272683.786328,3292587915.0170193,-2236403085.17747
4658,2454851.6073699165,-5802746584.85406,3292837636.382258,-2236414984.9423375
4659,2454851.857382013,-5802214795.759071,3293095420.8047915,-2236429311.8982596
4660,2454852.107393671,-5801690572.746093,3293362190.6589236,-2236446455.5070534
4661,2454852.357405143,-5801174877.121023,3293625784.353842,-2236461144.545415
4662,2454852.6074168705,-5800654467.454285,3293885371.532652,-2236473034.946924
4663,2454852.8574285954,-5800128519.372606,3294153108.1831903,-2236487400.954104
4664,2454853.1074398784,-5799610304.395177,3294429707.2032676,-2236504541.3320904
4665,2454853.3574509816,-5799100555.699715,3294702993.4066377,-2236519179.3390923
4666,2454853.60746234,-5798586018.366258,3294972345.3863616,-2236531061.673354
4667,2454853.857473689,-5798066096.078171,3295249930.285394,-2236545467.335363
4668,2454854.1074845935,-5797554071.686297,3295536251.312928,-2236562604.3037925
4669,2454854.3574953233,-5797050450.007425,3295819123.288526,-2236577191.8781643
4670,2454854.607506309,-5796541966.537556,3296098133.9367466,-2236589067.5956616
4671,2454854.8575172783,-5796028253.17694,3296385457.9522777,-2236603513.652428
4672,2454855.1075278004,-5795522600.160856,3296681388.7037115,-2236620647.178062
4673,2454855.3575381525,-5795025283.778421,3296973734.619101,-2236635185.074248
4674,2454855.6075487616,-5794523033.848607,3297262292.6730976,-2236647055.7641363
4675,2454855.857559347,-5794015710.578675,3297559241.505793,-2236661543.0761466
4676,2454856.107569483,-5793516607.636054,3297864664.555034,-2236678673.2551427
4677,2454856.357579455,-5793025772.67995,3298166367.462182,-2236693162.366347
4678,2454856.6075896835,-5792529933.7576275,3298464356.5094924,-2236705029.7384224
4679,2454856.857599881,-5792029179.402335,3298770810.6763754,-2236719559.2677445
4680,2454857.1076096273,-5791536802.756731,3299085603.4437294,-2236736686.3055925
4681,2454857.357619215,-5791052622.812069,3299396541.2742705,-2236751127.6421094
4682,2454857.6076290593,-5790563369.74625,3299703839.756426,-2236762993.503432
4683,2454857.8576388657,-5790069360.366493,3300019674.6062894,-2236777566.2888885
4684,2454858.1076482194,-5789583883.330807,3300343709.387704,-2236794690.473969
4685,2454858.3576574195,-5789106528.989227,3300663754.9968023,-2236809085.134712
4686,2454858.6076668766,-5788624033.549434,3300980236.269714,-2236820951.35914
4687,2454858.857676289,-5788136941.970775,3301305322.062899,-2236835568.4841876
4688,2454859.1076852465,-5787658534.466183,3301638466.1306276,-2236852690.1539283
4689,2454859.3576940554,-5787188172.837439,3301967487.4188704,-2236867039.290476
4690,2454859.6077031223,-5786712603.218299,3302293019.897091,-2236878907.780762
4691,2454859.857712137,-5786232598.530269,3302627221.9741836,-2236893570.3341103
4692,2454860.107720696,-5785761426.583081,3302969337.7707224,-2236910689.8340564
4693,2454860.3577291113,-5785298220.791079,3303307197.902773,-2236924994.6078563
4694,2454860.607737785,-5784829741.108071,3303641645.303283,-2236936867.25121
4695,2454860.8577463995,-5784356988.161292,3303984824.35534,-2236951576.2813272
4696,2454861.1077545565,-5783893213.404203,3304335769.790153,-2236968693.9185433
4697,2454861.357762576,-5783437322.093726,3304682327.5168695,-2236982955.4527946
4698,2454861.6077708537,-5782976091.895523,3305025549.2065363,-2236994834.0715466
4699,2454861.857779065,-5782510750.82103,3305377561.6487575,-2237009590.5367084
4700,2454862.107786818,-5782054530.021631,3305737190.4979677,-2237026706.5291305
4701,2454862.357794439,-5781606106.896932,3306092300.580958,-2237040925.8569937
4702,2454862.6078023184,-5781152280.713802,3306444152.02594,-2237052812.1558595
4703,2454862.8578101243,-5780694506.482143,3306804850.473007,-2237067616.8711166
4704,2454863.107817471,-5780245991.114677,3307173012.8807726,-2237084731.2941155
4705,2454863.3578246916,-5779805184.524477,3307536526.6192284,-2237098909.3042893
4706,2454863.60783217,-5779358911.466246,3307896859.937899,-2237110804.8151484
4707,2454863.857839569,-5778908853.499455,3308266093.784728,-2237125658.396941
4708,2454864.1078465073,-5778468189.373031,3308642636.8727636,-2237142771.127688
4709,2454864.357853325,-5778035141.956304,3309014402.7419252,-2237156908.507929
4710,2454864.6078604013,-5777596565.37618,3309383067.3737397,-2237168814.5325966
4711,2454864.857867391,-5777154367.231859,3309760683.4972267,-2237183717.341497
4712,2454865.107873919,-5776721694.198517,3310145452.100879,-2237200828.001766
4713,2454865.357880333,-5776296542.619514,3310525316.52305,-2237214925.181183
4714,2454865.6078870045,-5775865799.878639,3310902160.0360665,-2237226842.7333865
4715,2454865.8578935834,-5775431599.048488,3311288003.6413126,-2237241794.8166795
4716,2454866.1078997,-5775007050.84188,3311680841.195275,-2237258902.7163324
4717,2454866.3579057083,-5774589925.674514,3312068649.464482,-2237272959.809574
4718,2454866.607911974,-5774167148.077397,3312453518.5188828,-2237284889.5602293
4719,2454866.8579181405,-5773741075.9807825,3312847434.141441,-2237299890.599398
4720,2454867.1079238444,-5773324780.276523,3313248183.718459,-2237316994.6869383
4721,2454867.3579294463,-5772915806.139491,3313643781.071334,-2237331011.4479985
4722,2454867.6079353048,-5772501119.150906,3314036522.517953,-2237342953.6829343
4723,2454867.8579410575,-5772083301.441944,3314438355.144852,-2237358002.956834
4724,2454868.107946348,-5771675380.264149,3314846860.591095,-2237375101.789213
4725,2454868.3579515414,-5771274676.334195,3315250093.3458467,-2237389077.5885234
4726,2454868.607956992,-5770868200.204645,3315650555.357658,-2237401032.1938295
4727,2454868.8579623303,-5770458757.515486,3316060151.5393114,-2237416128.57379
4728,2454869.1079672053,-5770059328.102747,3316476258.551568,-2237433220.322618
4729,2454869.3579719905,-5769667009.104792,3316886975.1330376,-2237447154.165124
4730,2454869.6079770317,-5769268859.982887,3317295008.160936,-2237459120.6578927
4731,2454869.8579819542,-5768867909.155028,3317712216.880675,-2237474262.652143
4732,2454870.1079864134,-5768477085.305281,3318135773.7708516,-2237491345.162491
4733,2454870.357990789,-5768093262.960867,3318553825.350578,-2237505235.7610893
4734,2454870.60799542,-5767703554.4310875,3318969282.621995,-2237517213.3774843
4735,2454870.857999926,-5767311210.1264105,3319393955.638716,-2237532399.2336864
4736,2454871.108003969,-5766929103.863105,3319824813.506738,-2237549470.1404386
4737,2454871.3580079335,-5766553888.589344,3320250053.994258,-2237563316.0450797
4738,2454871.6080121538,-5766172733.378546,3320672791.3159795,-2237575303.8810782
4739,2454871.8580162413,-5765789109.768048,3321104782.776391,-2237590531.7371187
4740,2454872.108019867,-5765415832.985759,3321542794.9326687,-2237607588.623569
4741,2454872.3580234204,-5765049335.471222,3321975080.2124767,-2237621388.385309
4742,2454872.608027228,-5764676846.928162,3322404955.032136,-2237633385.564154
4743,2454872.858030897,-5764302059.051828,3322844120.3720593,-2237648653.616751
4744,2454873.108034104,-5763937724.736596,3323289141.096298,-2237665694.181339
4745,2454873.358037245,-5763580057.003898,3323728327.6643243,-2237679446.51431
4746,2454873.6080406397,-5763216349.9890785,3324165197.6085515,-2237691452.341837
4747,2454873.858043889,-5762850514.463671,3324611392.019253,-2237706758.993501
4748,2454874.1080466765,-5762495237.214489,3325063274.9813056,-2237723781.1859703
4749,2454874.358049404,-5762146512.954373,3325509218.345951,-2237737485.09058
4750,2454874.608052384,-5761791703.989168,3325952939.627551,-2237749499.164654
4751,2454874.8580552125,-5761434938.980171,3326406016.494157,-2237764843.1191235
4752,2454875.1080575795,-5761088834.815808,3326864613.245555,-2237781845.221084
4753,2454875.358059893,-5760749169.04234,3327317166.49082,-2237795500.0488453
4754,2454875.6080624573,-5760403375.82762,3327767592.5600038,-2237807522.308997
4755,2454875.8580648634,-5760055800.449407,3328227402.21472,-2237822902.606954
4756,2454876.1080668094,-5759718986.109859,3328692561.0531516,-2237839883.2542124
4757,2454876.358068707,-5759388494.381814,3329151573.8198247,-2237853488.716947
4758,2454876.608070855,-5759051834.956911,3329608554.465572,-2237865519.441762
4759,2454876.8580728383,-5758713568.387508,3330074943.410331,-2237880935.4483705
4760,2454877.108074362,-5758386160.422454,3330546508.721154,-2237897893.6099167
4761,2454877.3580758437,-5758064957.920602,3331011826.6618195,-2237911449.7508903
4762,2454877.608077574,-5757737549.741862,3331475207.574382,-2237923489.522605
4763,2454877.8580791336,-5757408710.314867,3331948018.1443706,-2237938940.8875213
4764,2454878.108080234,-5757090824.200141,3332425830.156236,-2237955875.82216
4765,2454878.358081299,-5756779024.876015,3332897294.772713,-2237969382.9698668
4766,2454878.608082611,-5756460984.0030985,3333366917.453824,-2237981432.6263638
4767,2454878.858083746,-5756141688.4366255,3333845987.791804,-2237996919.2353234
4768,2454879.108084423,-5755833437.850058,3334329882.6051297,-2238013830.4436126
4769,2454879.35808507,-5755531153.750004,3334807331.321084,-2238027289.1643014
4770,2454879.6080859634,-5755222594.217696,3335283033.1924963,-2238039349.7527666
4771,2454879.8580866726,-5754912957.033883,3335768197.386179,-2238054871.6832185
4772,2454880.108086926,-5754614453.322174,3336258007.131598,-2238071758.8653965
4773,2454880.358087155,-5754321794.099193,3336741273.4643307,-2238085169.9231267
4774,2454880.608087629,-5754022827.470361,3337222888.0474143,-2238097242.6624436
4775,2454880.8580879127,-5753722960.586768,3337713976.3127217,-2238112800.1487403
4776,2454881.108087742,-5753434312.392993,3338209529.332983,-2238129663.172668
4777,2454881.3580875527,-5753151384.966053,3338698443.069089,-2238143027.4995866
4778,2454881.6080876067,-5752862120.017852,3339185800.151567,-2238155113.752934
4779,2454881.8580874647,-5752572132.456974,3339682638.988871,-2238170707.161471
4780,2454882.108086869,-5752293445.4504,3340183759.982167,-2238187546.040018
4781,2454882.3580862614,-5752020353.75015,3340678147.3055215,-2238200864.7154727
4782,2454882.608085896,-5751740896.230485,3341171073.053615,-2238212965.971027
4783,2454882.8580853273,-5751460893.883557,3341673485.344671,-2238228595.7826023
4784,2454883.1080843075,-5751192270.528093,3342179995.445936,-2238245410.657299
4785,2454883.3580832817,-5750929115.265783,3342679679.0027657,-2238258684.8921437
4786,2454883.608082496,-5750659567.65828,3343177996.0113893,-2238270802.7478867
4787,2454883.858081502,-5750389653.04346,3343685801.056853,-2238286469.5430355
4788,2454884.108080058,-5750131192.347054,3344197517.8636956,-2238303260.669449
4789,2454884.3580786143,-5749878070.751873,3344702316.777882,-2238316491.7908545
4790,2454884.6080774087,-5749618531.997503,3345205844.0779586,-2238328627.938683
4791,2454884.858075989,-5749358803.964071,3345718857.6002398,-2238344332.3810725
4792,2454885.108074121,-5749110601.164554,3346235595.173649,-2238361100.1110234
4793,2454885.35807226,-5748867606.649016,3346745325.0472107,-2238374289.542922
4794,2454885.6080706352,-5748618171.788697,3347253878.1096363,-2238386445.7472315
4795,2454885.85806879,-5748368725.136496,3347771912.264749,-2238402188.5604515
4796,2454886.1080664992,-5748130871.2984705,3348293481.151868,-2238418933.3165526
4797,2454886.358064221,-5747898093.032144,3348807954.1012774,-2238432082.55139
4798,2454886.6080621774,-5747658852.75667,3349321344.8909445,-2238444260.618132
4799,2454886.858059908,-5747419777.763699,3349844208.344883,-2238460042.552207
4800,2454887.108057195,-5747192359.286085,3350370415.6807957,-2238476764.791399
4801,2454887.3580545005,-5746969881.684205,3350889440.466797,-2238489875.3503547
4802,2454887.608052039,-5746740921.805264,3351407477.6043134,-2238502077.0842323
4803,2454887.858049346,-5746512303.684301,3351934975.7307115,-2238517898.8701015
4804,2454888.108046212,-5746295401.746642,3352465625.474402,-2238534599.0351586
4805,2454888.358043103,-5746083303.908977,3352989007.7777843,-2238547672.4164176
4806,2454888.6080402243,-5745864704.793259,3353511496.857737,-2238559899.5664535
4807,2454888.858037109,-5745646623.125961,3354043432.101258,-2238575761.8594255
4808,2454889.108033555,-5745440313.127792,3354578325.444869,-2238592440.320122
4809,2454889.3580300324,-5745238668.287153,3355105868.3214493,-2238605477.9376416
4810,2454889.6080267383,-5745030504.317572,3355632612.413746,-2238617732.1342497
4811,2454889.858023202,-5744823032.533589,3356168784.8384347,-2238633635.450155
4812,2454890.10801923,-5744627383.596974,3356707720.8012886,-2238650292.438469
4813,2454890.3580152956,-5744436258.648913,3357239225.319428,-2238663295.556166
4814,2454890.6080115875,-5744238597.784797,3357770025.6491294,-2238675578.2451577
4815,2454890.8580076317,-5744041802.757066,3358310233.6590843,-2238691522.895073
4816,2454891.1080032433,-5743856877.361666,3358853009.846142,-2238708158.4406533
4817,2454891.3579988987,-5743676332.5421295,3359388275.879278,-2238721128.1084824
4818,2454891.6079947785,-5743489236.041496,3359922932.650477,-2238733440.488533
4819,2454891.857990405,-5743303177.856465,3360466973.8425717,-2238749426.5185995
4820,2454892.107985602,-5743129031.660981,3361013387.321949,-2238766040.3909526
4821,2454892.3579808497,-5742959120.420335,3361552214.4464893,-2238778977.389226
4822,2454892.6079763197,-5742782642.767193,3362090527.757514,-2238791320.3589487
4823,2454892.857971531,-5742607374.707347,3362638199.8511,-2238807347.5011163
4824,2454893.1079663164,-5742444056.5893955,3363188048.0941176,-2238823939.1640377
4825,2454893.357961158,-5742284825.689907,3363730236.5355487,-2238836843.9612036
4826,2454893.60795622,-5742119014.749142,3364272007.3282986,-2238849218.080745
4827,2454893.8579510185,-5741954583.506615,3364823109.115198,-2238865285.7190104
4828,2454894.1079453942,-5741802135.8366785,3365376190.9430966,-2238881854.3015428
4829,2454894.3579398324,-5741653625.686797,3365921542.5152316,-2238894727.0295267
4830,2454894.607934489,-5741498523.098415,3366466573.504238,-2238907132.500647
4831,2454894.8579288768,-5741344969.230567,3367020905.764936,-2238923239.6566286
4832,2454895.107922846,-5741203428.390497,3367577022.2477713,-2238939783.9443173
4833,2454895.3579168837,-5741065673.626321,3368125341.229627,-2238952624.395271
4834,2454895.607911137,-5740921315.449655,3368673437.7533035,-2238965061.063891
4835,2454895.8579051173,-5740778674.0871315,3369230804.0786777,-2238981206.4058867
4836,2454896.1078986824,-5740648071.243375,3369789759.321764,-2238997724.8566675
4837,2454896.357892322,-5740521101.566471,3370340853.202153,-2239010532.5056496
4838,2454896.607886175,-5740387519.181166,3370891823.920062,-2239022999.891611
4839,2454896.8578797504,-5740255820.991738,3371452031.355704,-2239039181.7720494
4840,2454897.107872914,-5740136183.121352,3372013633.0830827,-2239055672.5616574
4841,2454897.3578661587,-5740020024.383587,3372567313.0747533,-2239068446.619989
4842,2454897.6078596143,-5739897245.628672,3373120970.4055123,-2239080943.978604
4843,2454897.8578527872,-5739776518.006617,3373683829.806414,-2239097160.5040116
4844,2454898.1078455527,-5739667869.131749,3374247889.6236753,-2239113621.6042676
4845,2454898.357838405,-5739562544.606692,3374803970.825844,-2239126361.105953
4846,2454898.607831466,-5739450595.079333,3375360131.0031633,-2239138887.522472
4847,2454898.8578242394,-5739340863.462103,3375925456.9779706,-2239155136.655672
4848,2454899.1078166086,-5739243225.974035,3376491790.1989136,-2239171565.943627
4849,2454899.357809072,-5739148757.67504,3377050091.3016872,-2239184269.860715
4850,2454899.6078017405,-5739047662.028106,3377608573.955125,-2239196824.371357
4851,2454899.857794117,-5738948951.159885,3378176184.3240004,-2239213104.057192
4852,2454900.1077860943,-5738862347.034711,3378744609.306781,-2239229499.443994
4853,2454900.35777817,-5738778756.867059,3379304951.808699,-2239242166.817181
4854,2454900.6077704495,-5738688539.882461,3379865579.06964,-2239254748.540591
4855,2454900.857762432,-5738600874.795799,3380435293.868031,-2239271056.8369412
4856,2454901.107754019,-5738525326.472543,3381005630.9266534,-2239287416.3962555
4857,2454901.357745711,-5738452636.996058,3381567837.965842,-2239300046.459031
4858,2454901.6077376036,-5738373324.22192,3382130433.233251,-2239312654.7153473
4859,2454901.8577291947,-5738296730.743222,3382702073.428597,-2239328989.9059515
4860,2454902.1077203946,-5738232261.493731,3383274143.5166507,-2239345311.9786754
4861,2454902.3577117054,-5738170496.154237,3383838038.537977,-2239357904.252411
4862,2454902.6077032136,-5738102113.997466,3384402425.1468077,-2239370538.648397
4863,2454902.857694416,-5738036618.704506,3384975811.3257585,-2239386899.3178015
4864,2454903.107685231,-5737983252.462174,3385549434.757895,-2239403182.5756702
4865,2454903.3576761633,-5737932435.2982025,3386114840.2828894,-2239415736.92109
4866,2454903.6076672897,-5737875010.617989,3386680840.3363523,-2239428397.389964
4867,2454903.857658106,-5737820640.332098,3387255791.611586,-2239444782.4523873
4868,2454904.1076485394,-5737778401.096001,3387830787.053675,-2239461025.9157925
4869,2454904.3576390957,-5737738556.067377,3388397523.760705,-2239473542.5396814
4870,2454904.607629843,-5737692115.441066,3388964957.3063197,-2239486229.3377986
4871,2454904.857620276,-5737648896.444918,3389541290.592136,-2239502638.0252204
4872,2454905.107610331,-5737617807.46393,3390117474.4367037,-2239518841.0432553
4873,2454905.3576005134,-5737588957.614435,3390685360.634618,-2239531320.4709034
4874,2454905.607590885,-5737553526.490065,3391254045.2341704,-2239544034.143915
4875,2454905.857580937,-5737521483.682084,3391831574.909354,-2239560465.967461
4876,2454906.1075706156,-5737501566.621964,3392408761.0251784,-2239576628.1753254
4877,2454906.3575604283,-5737483733.266942,3392977612.4825993,-2239589071.2044897
4878,2454906.607550426,-5737459335.177979,3393547363.1148934,-2239601812.538975
4879,2454906.857540101,-5737438491.321057,3394125900.992024,-2239618267.2395177
4880,2454907.107529407,-5737429765.552634,3394703900.7512593,-2239634388.508662
4881,2454907.357518852,-5737422967.609242,3395273530.772904,-2239646796.159559
4882,2454907.607508479,-5737409623.548341,3395844159.952253,-2239659566.133701
4883,2454907.857497779,-5737399998.68915,3396423515.4314046,-2239676043.634036
4884,2454908.1074867155,-5737402480.75414,3397002137.890378,-2239692124.026082
4885,2454908.3574757967,-5737406734.252161,3397572357.5173497,-2239704497.497101
4886,2454908.6074650562,-5737404462.224794,3398143675.507822,-2239717297.23861
4887,2454908.857453985,-5737406073.288979,3398723655.7997003,-2239733797.60407
4888,2454909.107442555,-5737419776.534997,3399302707.924886,-2239749837.3340325
4889,2454909.3574312753,-5737435094.28778,3399873326.158059,-2239762177.9673357
4890,2454909.607420171,-5737443909.014901,3400445141.1911025,-2239775008.7216444
4891,2454909.8574087317,-5737456769.5387945,3401025551.526223,-2239791532.1310906
4892,2454910.107396939,-5737481703.877036,3401604838.3911214,-2239807531.5407643
4893,2454910.357385302,-5737508095.260206,3402175662.3727236,-2239819840.7976933
4894,2454910.6073738365,-5737528007.973275,3402747780.812594,-2239832703.9055033
4895,2454910.857362033,-5737552127.912115,3403328424.589898,-2239849250.6309743
4896,2454911.1073498805,-5737588299.635337,3403907749.505164,-2239865210.170166
4897,2454911.3573378897,-5737625770.409582,3404478584.62943,-2239877489.613586
4898,2454911.6073260675,-5737656788.673466,3405050811.0653505,-2239890386.4943194
4899,2454911.857313903,-5737692174.221388,3405631489.9271564,-2239906956.8854856
4900,2454912.1073013954,-5737739585.817948,3406210654.498503,-2239922877.0968366
4901,2454912.3572890544,-5737788137.932577,3406781304.4532375,-2239935128.3758025
4902,2454912.6072768783,-5737830265.434389,3407353441.727368,-2239948060.5120754
4903,2454912.857264357,-5737876918.796239,3407933955.576665,-2239964654.9803424
4904,2454913.107251498,-5737935568.702562,3408512759.7132273,-2239980536.4823737
4905,2454913.357238811,-5737995200.0247755,3409083026.4816628,-2239992761.313581
4906,2454913.607226285,-5738048436.276945,3409654875.6887803,-2240005730.2310643
4907,2454913.857213411,-5738106355.344019,3410235022.6911645,-2240022349.227638
4908,2454914.1072002044,-5738176237.591874,3410813264.612945,-2240038192.6902814
4909,2454914.3571871757,-5738246941.52344,3411382948.490544,-2240050392.8306084
4910,2454914.6071743043,-5738311281.448367,3411954309.0098743,-2240063400.0676527
4911,2454914.8571610814,-5738380459.351863,3412533885.646076,-2240080044.050119
4912,2454915.1071475316,-5738461563.091688,3413111361.9615,-2240095850.1575794
4913,2454915.357134165,-5738543328.062321,3413680261.6632934,-2240108027.362865
4914,2454915.607120952,-5738618761.45702,3414250931.3019257,-2240121074.425525
4915,2454915.857107385,-5738699186.0075445,3414829732.553251,-2240137743.809118
4916,2454916.1070934967,-5738791494.926863,3415406238.491006,-2240153513.2068686
4917,2454916.3570797965,-5738884303.794633,3415974151.4342546,-2240165669.1745543
4918,2454916.607066247,-5738970814.717639,3416543926.766095,-2240178757.475465
4919,2454916.85705234,-5739062467.785358,3417121746.514367,-2240195452.5685763
4920,2454917.107038118,-5739165959.489197,3417697076.387033,-2240211185.795232
4921,2454917.3570240894,-5739269788.927556,3418263799.220683,-2240223322.0927362
4922,2454917.6070102076,-5739367355.099581,3418832476.184406,-2240236452.8770456
4923,2454917.856995966,-5739470212.037682,3419409107.8798947,-2240253173.8054852
4924,2454918.1069814144,-5739584857.504068,3419983055.8208075,-2240268871.2154326
4925,2454918.356967062,-5739699677.49699,3420548385.2293963,-2240280989.2015657
4926,2454918.6069528535,-5739808269.843846,3421115759.9976773,-2240294163.468514
4927,2454918.8569382816,-5739922299.08875,3421690997.590361,-2240310910.098402
4928,2454919.1069234065,-5740048062.334868,3422263358.5410643,-2240326571.786214
4929,2454919.356908736,-5740173835.915442,3422827092.281788,-2240338672.5376587
4930,2454919.606894205,-5740293418.385304,3423392962.3416023,-2240351890.970586
4931,2454919.8568793084,-5740418581.359422,3423966601.3969307,-2240368662.843125
4932,2454920.106864115,-5740555419.435098,3424537172.248645,-2240384288.583412
4933,2454920.356849131,-5740692102.772422,3425099110.3084984,-2240396372.8399763
4934,2454920.606834283,-5740822632.517765,3425663275.6247234,-2240409635.7581453
4935,2454920.856819067,-5740958883.9083805,3426235114.483915,-2240426432.0491514
4936,2454921.106803561,-5741106747.272236,3426803695.223357,-2240442021.2638965
4937,2454921.3567882692,-5741254290.142097,3427363640.9398913,-2240454089.4035473
4938,2454921.6067731096,-5741395718.081346,3427925905.04229,-2240467396.7456155
4939,2454921.85675758,-5741543006.490255,3428495745.8668804,-2240484216.2580643
4940,2454922.1067417664,-5741701839.742853,3429062140.568933,-2240499768.0180054
4941,2454922.3567261724,-5741860186.337394,3429619901.563032,-2240511820.0666957
4942,2454922.6067107073,-5742012458.033994,3430180072.413509,-2240525171.4090385
4943,2454922.856694869,-5742170726.91985,3430747721.981818,-2240542012.6000915
4944,2454923.106678754,-5742340469.802379,3431311739.5294557,-2240557525.660003
4945,2454923.3566628634,-5742509559.776462,3431867128.3445487,-2240569561.3345003
4946,2454923.6066470975,-5742672616.52464,3432425018.8938866,-2240582955.941343
4947,2454923.856630957,-5742841805.321538,3432990289.0738187,-2240599816.9795523
4948,2454924.106614546,-5743022393.860299,3433551743.5447536,-2240615289.8419394
4949,2454924.356598364,-5743202163.493688,3434104577.946322,-2240627308.6193523
4950,2454924.6065823035,-5743375943.490967,3434660006.347774,-2240640745.5177345
4951,2454924.856565866,-5743555988.785847,3435222714.2255383,-2240657624.363027
4952,2454925.106549165,-5743747356.468826,3435781424.935893,-2240673055.3624954
4953,2454925.3565326976,-5743937739.834973,3436331527.870906,-2240685056.5684896
4954,2454925.6065163477,-5744122179.337206,3436884317.357947,-2240698534.6400266
4955,2454925.856499619,-5744313016.006859,3437444285.036298,-2240715429.13853
4956,2454926.1064826334,-5744515094.898028,3438000076.2600727,-2240730816.538912
4957,2454926.356465886,-5744716024.949522,3438547275.4991236,-2240742799.4467573
4958,2454926.606449252,-5744911059.322084,3439097253.953467,-2240756317.528432
4959,2454926.8564322377,-5745112621.546291,3439654308.048394,-2240773225.5144258
4960,2454927.106414973,-5745325343.256164,3440207008.444386,-2240788567.611048
4961,2454927.356397951,-5745536752.746752,3440751135.941146,-2240800531.543726
4962,2454927.606381038,-5745742317.332626,3441298135.188885,-2240814088.529778
4963,2454927.8563637435,-5745954539.4044695,3441852106.0665874,-2240831007.9267535
4964,2454928.1063462053,-5746177835.838225,3442401547.85928,-2240846303.1455173
4965,2454928.3563289144,-5746399658.002907,3442942438.879525,-2240858247.572322
4966,2454928.6063117287,-5746615688.729936,3443486293.774449,-2240871842.5083704
4967,2454928.856294159,-5746838505.587151,3444037014.5950522,-2240888771.4199996
4968,2454929.1062763524,-5747072309.396657,3444583032.584256,-2240904018.4039474
4969,2454929.356258798,-5747304478.320091,3445120524.688047,-2240915943.022037
4970,2454929.606241344,-5747530911.98298,3445661072.074706,-2240929575.1817284
4971,2454929.856223505,-5747764259.402911,3446208377.74449,-2240946511.963146
4972,2454930.106205436,-5748008504.094102,3446750808.2540636,-2240961709.6371403
4973,2454930.3561876225,-5748250954.729399,3447284740.2491045,-2240973614.4290285
4974,2454930.606169906,-5748487728.920605,3447821817.9303107,-2240987283.364707
4975,2454930.8561518025,-5748731543.366483,3448365544.0920944,-2241004226.666251
4976,2454931.1061334754,-5748986163.06454,3448904223.990547,-2241019374.2728763
4977,2454931.356115409,-5749238830.920386,3449434434.990575,-2241031259.534136
4978,2454931.606097435,-5749485883.643988,3449967880.8317027,-2241044965.096969
4979,2454931.856079072,-5749740101.812521,3450507863.021972,-2241061913.877112
4980,2454932.1060604933,-5750005030.750336,3451042628.9372835,-2241077010.982015
4981,2454932.356042179,-5750267851.326653,3451568957.639067,-2241088877.31896
4982,2454932.606023952,-5750525120.38853,3452098608.912001,-2241102619.649861
4983,2454932.8560053357,-5750789678.563832,3452634681.974824,-2241119573.1601686
4984,2454933.10598651,-5751064850.408306,3453165369.778978,-2241134619.6310425
4985,2454933.3559679524,-5751337758.50196,3453687654.017838,-2241146467.933997
4986,2454933.6059494787,-5751605180.802673,3454213347.028064,-2241160247.4322615
4987,2454933.855930614,-5751880014.145207,3454745344.8124866,-2241177205.182285
4988,2454934.105911547,-5752165361.289736,3455271789.3857794,-2241192201.150291
4989,2454934.355892752,-5752448290.296202,3455789865.963428,-2241204032.551919
4990,2454934.605874036,-5752725801.1475725,3456311435.9385724,-2241217849.8314295
4991,2454934.855854928,-5753010843.031958,3456839191.2436914,-2241234811.543702
4992,2454935.105835625,-5753306295.960507,3457361226.470387,-2241249757.357513
4993,2454935.3558165976,-5753599177.266842,3457874931.195614,-2241261573.1862073
4994,2454935.605797645,-5753886709.816392,3458392212.3667545,-2241275429.0289984
4995,2454935.8557782997,-5754181891.29067,3458915557.0584135,-2241292394.593418
4996,2454936.1057587666,-5754487378.073582,3459433015.972157,-2241307290.7745175
4997,2454936.3557395125,-5754790140.590364,3459942183.82916,-2241319092.510813
4998,2454936.605720329,-5755087625.389083,3460455009.6179233,-2241332987.8251595
4999,2454936.8557007518,-5755392874.7789135,3460973774.829726,-2241349957.259128
5000,2454937.1056809938,-5755708320.712628,3461486489.8225417,-2241364804.463851
5001,2454937.355661519,-5756020890.546379,3461990955.1833057,-2241376593.704357
5002,2454937.6056421096,-5756328255.251598,3462499158.4146423,-2241390529.491046
5003,2454937.855622306,-5756643497.892232,3463013174.75766,-2241407502.9081163
5004,2454938.105602329,-5756968825.257751,3463520977.782258,-2241422301.898298
5005,2454938.3555826386,-5757291125.491713,3464020574.5984483,-2241434080.328294
5006,2454938.6055630096,-5757608294.666733,3464523987.6808376,-2241448057.6553416
5007,2454938.8555429857,-5757933452.719155,3465033085.4103565,-2241465035.241947
5008,2454939.1055227956,-5758268580.611337,3465535808.130854,-2241479786.86316
5009,2454939.3555028955,-5758600531.143052,3466030370.067236,-2241491556.2360635
5010,2454939.6054830523,-5758927426.0990505,3466528825.1092715,-2241505576.2195864
5011,2454939.8554628137,-5759262418.393599,3467032834.22458,-2241522558.217058
5012,2454940.105442417,-5759607262.562836,3467530308.0986032,-2241537263.381081
5013,2454940.355422313,-5759948779.938981,3468019668.5979486,-2241549025.50109
5014,2454940.6054022615,-5760285318.559056,3468512997.458287,-2241563089.288157
5015,2454940.8553818143,-5760630060.406199,3469011747.739432,-2241580075.9754624
5016,2454941.1053612162,-5760984533.052596,3469503804.04263,-2241594735.6421266
5017,2454941.3553409143,-5761335530.24195,3469987796.340306,-2241606492.344812
5018,2454941.605320661,-5761681626.729586,3470475830.6363506,-2241620601.0928383
5019,2454941.855300011,-5762036029.642082,3470969151.65058,-2241637592.7643285
5020,2454942.105279218,-5762400039.10881,3471455621.4836993,-2241652207.9168267
5021,2454942.3552587247,-5762760425.163451,3471934078.6195865,-2241663961.041644
5022,2454942.605238275,-5763115989.669522,3472416649.750263,-2241678115.888184
5023,2454942.8552174293,-5763479960.955103,3472904370.8911424,-2241695112.8202477
5024,2454943.1051964476,-5763853411.286186,3473385085.240221,-2241709684.4278173
5025,2454943.355175769,-5764223090.863153,3473857840.1460543,-2241721435.7766104
5026,2454943.6051551295,-5764588028.972217,3474334779.4138403,-2241735637.793896
5027,2454943.8551340937,-5764961471.187326,3474816730.064858,-2241752640.1952233
5028,2454944.1051129303,-5765344261.551467,3475291520.012256,-2241767169.1584496
5029,2454944.3550920724,-5765723134.309224,3475758405.7769523,-2241778920.435818
5030,2454944.6050712494,-5766097346.413416,3476229544.715335,-2241793170.5667877
5031,2454944.8550500306,-5766480156.721675,3476705554.646062,-2241810178.5100503
5032,2454945.1050286917,-5766872180.7625265,3477174251.8404126,-2241824665.5878415
5033,2454945.355007661,-5767260140.710311,3477635102.259064,-2241836418.323843
5034,2454945.6049866616,-5767643521.367278,3478100273.265908,-2241850717.3016577
5035,2454945.8549652663,-5768035590.917738,3478570173.3531423,-2241867730.6404686
5036,2454946.1049437583,-5768436736.164194,3479032610.819185,-2241882176.3645186
5037,2454946.3549225624,-5768833671.115569,3479487261.291685,-2241893931.827503
5038,2454946.604901393,-5769226108.5579605,3479946298.616111,-2241908280.08852
5039,2454946.854879828,-5769627322.064901,3480409921.915569,-2241925298.371736
5040,2454947.1048581586,-5770037469.594348,3480865935.2040315,-2241939702.9626894
5041,2454947.354836804,-5770443260.925248,3481314223.955392,-2241951462.0785065
5042,2454947.6048154705,-5770844636.925364,3481766964.979599,-2241965859.6866236
5043,2454947.854793743,-5771254872.651267,3482224148.0572433,-2241982882.0893674
5044,2454948.104771919,-5771673897.199814,3482673576.6109223,-2241997245.395174
5045,2454948.3547504125,-5772088420.091983,3483115346.076712,-2242009008.693984
5046,2454948.6047289236,-5772498610.343099,3483561632.7049603,-2242023455.297661
5047,2454948.854707041,-5772917740.621121,3484012217.0118184,-2242040480.5898905
5048,2454949.104685069,-5773345511.246891,3484454905.507116,-2242054802.0663104
5049,2454949.3546634177,-5773768635.487558,3484890003.623608,-2242066569.675327
5050,2454949.6046417793,-5774187510.533803,3485329683.5044355,-2242081064.5134773
5051,2454949.8546197484,-5774615402.820383,3485773516.514296,-2242098091.0795474
5052,2454950.1045976365,-5775051784.067794,3486209315.8981166,-2242112369.822953
5053,2454950.3545758473,-5775483375.311178,3486637597.0251966,-2242124141.511903
5054,2454950.604554067,-5775910801.891244,3487070524.3505106,-2242138683.4717193
5055,2454950.854531895,-5776347320.176893,3487507460.2264977,-2242155709.3800225
5056,2454951.10450965,-5776792173.537293,3487936228.243143,-2242169944.207701
5057,2454951.35448773,-5777232094.796391,3488357553.548384,-2242181719.4785266
5058,2454951.604465815,-5777667937.349072,3488783589.2953,-2242196307.193466
5059,2454951.8544435087,-5778112943.661953,3489213488.9912715,-2242213330.3014336
5060,2454952.1044211374,-5778566129.05928,3489635090.1463575,-2242227519.8620863
5061,2454952.354399094,-5779014242.157695,3490049327.4376936,-2242239298.063576
5062,2454952.60437705,-5779458364.226879,3490468339.07911,-2242253930.030881
5063,2454952.8543546167,-5779911719.980676,3490891069.9373965,-2242270948.103954
5064,2454953.1043321267,-5780373097.052554,3491305374.991817,-2242285090.9967747
5065,2454953.3543099663,-5780829263.830016,3491712398.118668,-2242296871.4427795
5066,2454953.604287801,-5781281529.188746,3492124258.943937,-2242311546.1400595
5067,2454953.8542652475,-5781743096.222348,3492539693.9467506,-2242328556.965527
5068,2454954.1042426447,-5782212525.272667,3492946579.1086464,-2242342651.8502054
5069,2454954.354220374,-5782676608.448158,3493346267.1049953,-2242354433.9255495
5070,2454954.604198094,-5783136881.872669,3493750855.325058,-2242369149.912448
5071,2454954.854175427,-5783606523.137328,3494158872.1707573,-2242386151.3961596
5072,2454955.1041527186,-5784083865.738357,3494558218.150141,-2242400197.0839505
5073,2454955.3541303445,-5784555729.42864,3494950454.274925,-2242411980.3299265
5074,2454955.604107956,-5785023877.136379,3495347652.056119,-2242426736.328497
5075,2454955.8540851823,-5785501457.057775,3495748132.192137,-2242443726.569755
5076,2454956.1040623747,-5785986576.339473,3496139823.236926,-2242457722.0922546
5077,2454956.354039903,-5786466086.277954,3496524494.017667,-2242469506.269665
5078,2454956.6040174123,-5786941976.079731,3496914186.5376315,-2242484301.222319
5079,2454956.853994538,-5787427360.6477375,3497307014.231812,-2242501278.566545
5080,2454957.1039716383,-5787920121.328168,3497690937.2165465,-2242515223.222558
5081,2454957.353949075,-5788407144.837851,3498067931.5580797,-2242527008.353008
5082,2454957.603926489,-5788890646.056224,3498450006.137783,-2242541841.459036
5083,2454957.853903521,-5789383702.692663,3498835067.6357765,-2242558804.5294943
5084,2454958.1038805344,-5789883970.897521,3499211111.2454705,-2242572697.911301
5085,2454958.353857887,-5790378376.663635,3499580319.6423345,-2242584484.2982144
5086,2454958.6038352116,-5790869359.861321,3499954664.9899015,-2242599355.0303097
5087,2454958.8538121553,-5791369957.10776,3500331847.7921753,-2242616302.7401724
5088,2454959.103789089,-5791877600.019943,3500699901.8334193,-2242630144.740578
5089,2454959.3537663626,-5792379257.702828,3501061215.7170734,-2242641932.9713435
5090,2454959.603743604,-5792877594.261866,3501427721.313796,-2242656841.073591
5091,2454959.8537204666,-5793385601.329048,3501796913.6018744,-2242673772.619923
5092,2454960.103697326,-5793900486.711298,3502156868.469846,-2242687563.421822
5093,2454960.3536745273,-5794409266.444382,3502510179.717962,-2242699354.353046
5094,2454960.6036516917,-5794914828.042954,3502868735.371954,-2242714299.822623
5095,2454960.853628479,-5795430114.271216,3503229825.6070786,-2242731214.664843
5096,2454961.1036052713,-5795952109.913619,3503581571.9287214,-2242744954.716148
5097,2454961.353582406,-5796467881.740555,3503926772.55328,-2242756749.4452415
5098,2454961.6035594996,-5796980539.783723,3504277268.133408,-2242771732.501437
5099,2454961.8535362175,-5797502974.072211,3504630144.8355355,-2242788630.3281474
5100,2454962.1035129484,-5798031947.223374,3504973573.291642,-2242802320.3063087
5101,2454962.3534900234,-5798554580.533619,3505310555.303102,-2242814120.1339746
5102,2454962.603467052,-5799074205.59695,3505652880.6446624,-2242829141.179384
5103,2454962.8534437073,-5799603655.859652,3505997432.337388,-2242846021.8686495
5104,2454963.1034203833,-5800139472.697843,3506332433.643371,-2242859662.639987
5105,2454963.353397404,-5800668835.714379,3506661089.0649514,-2242871469.0288944
5106,2454963.6033743736,-5801195297.050797,3506995134.01574,-2242886528.608126
5107,2454963.8533509728,-5801731629.745633,3507331249.3008223,-2242903392.1865087
5108,2454964.1033276,-5802274154.931392,3507657714.30536,-2242916984.7654815
5109,2454964.353304573,-5802810114.286866,3507977935.292813,-2242928799.3000917
5110,2454964.6032814905,-5803343279.427404,3508303589.8517785,-2242943898.060684
5111,2454964.8532580393,-5803886359.183085,3508631157.562943,-2242960744.665366
5112,2454965.103234624,-5804435455.511799,3508948977.4125104,-2242974290.1777625
5113,2454965.3532115556,-5804977875.925263,3509260656.4264784,-2242986114.528801
5114,2454965.603188427,-5805517610.379529,3509577810.921788,-2243001253.187397
5115,2454965.853164932,-5806067299.719669,3509896720.3052444,-2243018083.0339937
5116,2454966.103141481,-5806622827.867533,3510205786.6232605,-2243031582.6861053
5117,2454966.3531183773,-5807171571.909399,3510508816.6047463,-2243043418.5812087
5118,2454966.603095209,-5807717738.9477415,3510817361.864378,-2243058597.895973
5119,2454966.853071677,-5808273898.08908,3511127502.7422047,-2243075411.2525015
5120,2454967.1030481965,-5808835716.424487,3511427707.7823853,-2243088866.3061695
5121,2454967.353025064,-5809390644.337197,3511721982.295002,-2243100715.5060997
5122,2454967.6030018623,-5809943104.818181,3512021809.7778907,-2243115936.2542486
5123,2454967.8529782994,-5810505591.502916,3512323072.666984,-2243132733.4195886
5124,2454968.102954796,-5811073555.920094,3512614309.418688,-2243146145.171049
5125,2454968.3529316406,-5811634525.448727,3512899722.7407856,-2243158009.448849
5126,2454968.602908412,-5812193137.643815,3513190724.6171646,-2243173272.4062505
5127,2454968.8528848253,-5812761806.956097,3513483000.798316,-2243190053.6896605
5128,2454969.1028613052,-5813335770.679723,3513765163.0446196,-2243203423.4483004
5129,2454969.3528381344,-5813902636.860405,3514041610.2183642,-2243215304.567199
5130,2454969.6028148853,-5814467256.223267,3514323679.4130607,-2243230610.485433
5131,2454969.852791281,-5815041960.33748,3514606860.9708886,-2243247376.1821976
5132,2454970.102767751,-5815621773.646673,3514879843.3273144,-2243260705.2440114
5133,2454970.3527445705,-5816194388.502518,3515147220.2002306,-2243272604.9285746
5134,2454970.602721308,-5816764867.335044,3515420250.4423084,-2243287954.5038037
5135,2454970.852697693,-5817345455.151009,3515694230.32744,-2243304704.861174
5136,2454971.10267416,-5817930964.981854,3515957928.3210115,-2243317994.4709992
5137,2454971.3526509767,-5818509177.090847,3516216131.6481357,-2243329914.365602
5138,2454971.602627707,-5819085364.076681,3516480017.603492,-2243345308.1934447
5139,2454971.852604088,-5819671680.72056,3516744689.801991,-2243362043.3612757
5140,2454972.102580559,-5820262730.135402,3516999000.083674,-2243375294.658509
5141,2454972.3525573798,-5820846384.069622,3517247927.790921,-2243387236.2683363
5142,2454972.6025341097,-5821428123.687598,3517502565.385068,-2243402674.780544
5143,2454972.8525104937,-5822020009.905623,3517757825.307849,-2243419394.7433653
5144,2454973.1024869755,-5822616437.473022,3518002646.1151667,-2243432608.689011
5145,2454973.352463807,-5823205373.171694,3518242197.8424582,-2243444573.3026958
5146,2454973.6024405435,-5823792505.0717945,3518487484.891453,-2243460056.6863856
5147,2454973.8524169377,-5824389796.621072,3518733230.0980296,-2243476761.179463
5148,2454974.1023934367,-5824991435.833327,3518968462.074851,-2243489938.4691844
5149,2454974.3523702864,-5825585488.059643,3519198540.0949144,-2243501927.070019
5150,2454974.6023470364,-5826177846.574428,3519434377.3245897,-2243517455.178795
5151,2454974.852323448,-5826780373.805676,3519670508.6407456,-2243534143.6002545
5152,2454975.102299972,-5827387052.748678,3519896056.0484304,-2243547284.5782213
5153,2454975.352276846,-5827986050.862086,3520116566.5649095,-2243559297.761482
5154,2454975.602253617,-5828583464.897826,3520342858.9870453,-2243574870.0386543
5155,2454975.8522300525,-5829191052.781585,3520569281.945844,-2243591541.3802395
5156,2454976.1022066087,-5829802594.309265,3520785054.1524634,-2243604645.978529
5157,2454976.352183515,-5830406362.598604,3520995908.8193574,-2243616683.901305
5158,2454976.602160314,-5831008656.136412,3521212567.2612643,-2243632299.3424478
5159,2454976.852136781,-5831621124.938831,3521429193.619204,-2243648952.166391
5160,2454977.102113377,-5832237347.525025,3521635106.576937,-2243662019.896942
5161,2454977.352090322,-5832845706.233318,3521836223.912587,-2243674082.2860885
5162,2454977.6020671558,-5833452699.521045,3522043166.3433275,-2243689739.4641514
5163,2454977.852043662,-5834069866.153237,3522249915.2937803,-2243706371.9459615
5164,2454978.102020304,-5834690585.383259,3522445892.6157866,-2243719401.9606395
5165,2454978.3519972954,-5835303352.321847,3522637198.9234824,-2243731488.1895185
5166,2454978.601974171,-5835914863.589382,3522834351.202161,-2243747185.3476524
5167,2454978.851950723,-5836536543.400484,3523031149.93736,-2243763795.383889
5168,2454979.1019274187,-5837161573.814928,3523217123.263287,-2243776786.5954695
5169,2454979.351904463,-5837778566.229517,3523398552.796366,-2243788895.8162217
5170,2454979.601881388,-5838394413.550086,3523585848.6379986,-2243804631.009299
5171,2454979.851857993,-5839020422.157959,3523772632.1196456,-2243821216.365998
5172,2454980.101834749,-5839649579.026934,3523948540.698644,-2243834167.6011224
5173,2454980.351811853,-5840270615.291397,3524120035.069052,-2243846298.9000053
5174,2454980.6017888333,-5840890618.175388,3524297415.295434,-2243862070.150041
5175,2454980.851765498,-5841520772.944655,3524474125.365523,-2243878628.615787
5176,2454981.1017423207,-5842153873.616189,3524639915.0459566,-2243891538.763674
5177,2454981.351719491,-5842778774.440738,3524801422.114374,-2243903691.304051
5178,2454981.6016965336,-5843402754.898492,3524968833.4669905,-2243919496.73618
5179,2454981.851673265,-5844036875.856513,3525135417.603937,-2243936026.2493434
5180,2454982.101650161,-5844673740.525732,3525291039.5518546,-2243948894.3791733
5181,2454982.351627404,-5845302329.581969,3525442512.1277804,-2243961067.5090303
5182,2454982.601604515,-5845930112.611339,3525599905.9673553,-2243976905.449026
5183,2454982.8515813183,-5846568022.807009,3525756315.9994826,-2243993404.184603
5184,2454983.1015582946,-5847208474.754759,3525901725.4380856,-2244006229.621413
5185,2454983.351535616,-5847840578.803493,3526043120.0564413,-2244018422.939132
5186,2454983.601512802,-5848471992.41831,3526190451.18599,-2244034291.9699206
5187,2454983.851489684,-5849113517.863105,3526336642.1670833,-2244050758.386788
5188,2454984.101466746,-5849757383.319862,3526471797.308566,-2244063540.7495794
5189,2454984.351444152,-5850392832.007418,3526603073.22113,-2244075754.1340094
5190,2454984.6014214186,-5851027706.976636,3526740298.939244,-2244091653.1189604
5191,2454984.851398386,-5851672676.336727,3526876228.263391,-2244108085.9766445
5192,2454985.10137554,-5852319784.135407,3527001089.483613,-2244120825.1887074
5193,2454985.3513530362,-5852958409.613451,3527122207.892399,-2244133058.8040786
5194,2454985.6013303893,-5853596579.055194,3527249287.2838817,-2244148986.8877015
5195,2454985.8513074475,-5854244823.22628,3527374914.030026,-2244165385.243047
5196,2454986.101284699,-5854895004.361776,3527489443.2632976,-2244178081.524509
5197,2454986.351262292,-5855536640.834646,3527600366.7631497,-2244190335.809652
5198,2454986.6012397376,-5856177939.755206,3527717260.1870666,-2244206292.4044037
5199,2454986.8512168922,-5856829291.396605,3527832544.6489778,-2244222655.5960474
5200,2454987.101194247,-5857482378.556404,3527936704.9563646,-2244235309.4457765
5201,2454987.3511719424,-5858126861.80885,3528037397.13962,-2244247585.093888
5202,2454987.601149486,-5858771126.629373,3528144065.8688154,-2244263569.8585434
5203,2454987.851126743,-5859425419.691522,3528248969.2267284,-2244279897.4838557
5204,2454988.1011042073,-5860081246.784018,3528342724.497235,-2244292509.6546254
5205,2454988.35108201,-5860728413.709929,3528433149.683565,-2244304807.586923
5206,2454988.6010596575,-5861375481.796689,3528529555.6626782,-2244320820.3992753
5207,2454988.851037023,-5862032551.054298,3528624039.767772,-2244337112.2860646
5208,2454989.1010146025,-5862690952.744561,3528707354.5275116,-2244349683.7548695
5209,2454989.3509925185,-5863340640.88486,3528787477.597766,-2244362005.089768
5210,2454989.6009702752,-5863990350.090506,3528873583.3020005,-2244378046.0151486
5211,2454989.850947755,-5864650030.688744,3528957610.558738,-2244394302.1894164
5212,2454990.100925455,-5865310841.94951,3529030449.8755345,-2244406834.124182
5213,2454990.3509034896,-5865962889.047796,3529100236.198878,-2244419180.1432095
5214,2454990.6008813614,-5866615077.273333,3529176004.583922,-2244435249.4000363
5215,2454990.8508589608,-5867277204.297828,3529249537.921443,-2244451470.0510764
5216,2454991.100836787,-5867940259.987771,3529311867.3961687,-2244463963.7751336
5217,2454991.3508149465,-5868594503.576964,3529371282.8413,-2244476335.887033
5218,2454991.600792939,-5869249008.368348,3529436677.374411,-2244492433.8109455
5219,2454991.850770664,-5869913416.453664,3529499680.295743,-2244508619.255499
5220,2454992.100748622,-5870578550.937848,3529551466.1276646,-2244521076.2115636
5221,2454992.3507269113,-5871234827.972472,3529600477.143775,-2244533475.916446
5222,2454992.60070503,-5871891486.166272,3529655461.8998365,-2244549602.9250197
5223,2454992.850682886,-5872558009.156311,3529707898.5907583,-2244565753.5723915
5224,2454993.100660982,-5873225055.980873,3529749107.696793,-2244578175.2879653
5225,2454993.3506394066,-5873883202.525414,3529787681.442438,-2244590604.1433773
5226,2454993.6006176574,-5874541849.951701,3529832221.2415276,-2244606760.7031426
5227,2454993.8505956507,-5875210320.617748,3529874056.7143645,-2244622877.0229573
5228,2454994.10057389,-5875879112.241908,3529904656.87662,-2244635265.078675
5229,2454994.3505524555,-5876538963.215309,3529932761.370017,-2244647724.6688137
5230,2454994.600530844,-5877199434.454553,3529966821.9297214,-2244663911.2656074
5231,2454994.85050898,-5877869684.26437,3529998022.1754384,-2244679993.7589884
5232,2454995.100487368,-5878540051.839621,3530017982.190865,-2244692349.760319
5233,2454995.350466081,-5879201440.80224,3530035586.456648,-2244704841.6685786
5234,2454995.6004446126,-5879863568.979193,3530059134.53565,-2244721058.78105
5235,2454995.8504228964,-5880535427.896746,3530079666.662613,-2244737107.954601
5236,2454996.1004014397,-5881207201.06941,3530088956.475595,-2244749433.505987
5237,2454996.3503803047,-5881869960.02551,3530096030.671746,-2244761959.2894855
5238,2454996.600358986,-5882533576.610187,3530109034.191702,-2244778207.3640447
5239,2454996.850337424,-5883206872.893344,3530118866.542038,-2244794223.7046027
5240,2454997.1003161273,-5883879879.595728,3530117457.355182,-2244806520.383586
5241,2454997.3502951507,-5884543838.774715,3530113972.8798995,-2244819081.5468063
5242,2454997.6002739863,-5885208773.351973,3530116401.0306087,-2244835360.97076
5243,2454997.8502525846,-5885883333.30874,3530115503.2847686,-2244851344.9173546
5244,2454998.1002314542,-5886557399.498746,3530103367.664346,-2244863614.2447834
5245,2454998.3502106415,-5887222387.075068,3530089297.2658787,-2244876212.2081475
5246,2454998.600189638,-5887888467.043522,3530081120.6234565,-2244892523.276609
5247,2454998.850168402,-5888564114.7090025,3530069463.9297686,-2244908475.184947
5248,2454999.100147444,-5889239064.022755,3530046575.9501314,-2244920718.586411
5249,2454999.3501268006,-5889904905.74238,3530021893.891567,-2244933354.6448727
5250,2454999.600105963,-5890571955.9151945,3530003084.6096115,-2244949697.51653
5251,2454999.850084899,-5891248512.627539,3529980641.806701,-2244965617.6111364
5252,2455000.100064119,-5891924165.930457,3529946977.3094897,-2244977836.364996
5253,2455000.350043651,-5892590684.638166,3529911659.672093,-2244990511.632316
5254,2455000.600022986,-5893258526.750261,3529882191.836519,-2245006886.2701683
5255,2455000.8500020998,-5893935810.642366,3529848937.8658566,-2245022774.581054
5256,2455001.0999815036,-5894611985.509622,3529804474.936633,-2245034969.7507615
5257,2455001.349961217,-5895279000.623967,3529758500.1681175,-2245047685.0881915
5258,2455001.5999407303,-5895947452.810288,3529718350.4241524,-2245064091.1853423
5259,2455001.849920028,-5896625278.301579,3529674263.0408463,-2245079947.4708886
5260,2455002.0998996217,-5897301788.533429,3529618982.8079257,-2245092119.825112
5261,2455002.3498795223,-5897969115.597316,3529562332.6136794,-2245104875.7600756
5262,2455002.5998592195,-5898637991.993367,3529511481.1521244,-2245121312.658473
5263,2455002.8498387076,-5899316169.456069,3529456542.005523,-2245137136.3249445
5264,2455003.099818497,-5899992824.825028,3529390429.812145,-2245149286.2587333
5265,2455003.349798591,-5900660275.349757,3529323090.4149337,-2245162082.9095726
5266,2455003.5997784785,-5901329386.050323,3529261522.312111,-2245178549.530587
5267,2455003.8497581626,-5902007721.90013,3529195718.354221,-2245194339.5700445
5268,2455004.099738154,-5902684328.388404,3529118765.220704,-2245206467.0514116
5269,2455004.349718447,-5903351710.251295,3529040728.8599014,-2245219304.0848436
5270,2455004.599698531,-5904020861.881006,3528968435.593827,-2245235798.9000244
5271,2455004.8496784177,-5904699159.330254,3528891760.587952,-2245251553.8760333
5272,2455005.099658617,-5905375520.069764,3528803964.6862454,-2245263658.4477515
5273,2455005.349639115,-5906042638.641316,3528715231.0315466,-2245276535.098189
5274,2455005.5996194016,-5906711635.666162,3528632211.8067045,-2245293056.1675773
5275,2455005.849599496,-5907389696.211514,3528544667.53344,-2245308774.273161
5276,2455006.0995799094,-5908065613.132944,3528446035.2458434,-2245320855.1302342
5277,2455006.3495606184,-5908732273.067425,3528346612.2839484,-2245333770.2964144
5278,2455006.5995411132,-5909400919.7040615,3528252874.723845,-2245350315.383743
5279,2455006.849521422,-5910078545.127554,3528154471.4597335,-2245365994.573834
5280,2455007.099502055,-5910753821.020901,3528045017.6290827,-2245378050.7113056
5281,2455007.34948298,-5911419828.342452,3527934921.6781363,-2245391003.117279
5282,2455007.5994636887,-5912087930.636425,3527830481.6022787,-2245407569.861431
5283,2455007.8494442175,-5912764925.041827,3527721237.6619,-2245423208.031798
5284,2455008.0994250756,-5913439365.5169115,3527600984.9076643,-2245435238.4282265
5285,2455008.349406223,-5914104529.472874,3527480239.7233763,-2245448226.8084674
5286,2455008.5993871503,-5914771897.018447,3527365120.0640154,-2245464812.9070153
5287,2455008.849367904,-5915448068.3952675,3527245060.550336,-2245480408.0728803
5288,2455009.0993489926,-5916121483.270619,3527114037.8787737,-2245492411.8614645
5289,2455009.3493303666,-5916785617.53181,3526982673.154156,-2245505435.1227083
5290,2455009.599311519,-5917452064.477067,3526856902.3759475,-2245522038.482353
5291,2455009.8492925027,-5918127225.508432,3526726057.548533,-2245537588.9151936
5292,2455010.099273827,-5918799429.423273,3526584298.6972594,-2245549565.505844
5293,2455010.349255433,-5919462352.506161,3526442348.4108224,-2245562622.8344264
5294,2455010.599236814,-5920127697.796678,3526305958.887011,-2245579241.66336
5295,2455010.8492180333,-5920801665.938327,3526164362.586214,-2245594745.967618
5296,2455011.0991995973,-5921472478.2812395,3526011904.5133533,-2245606695.1082525
5297,2455011.3491814393,-5922134013.342722,3525859405.497964,-2245619786.017435
5298,2455011.5991630545,-5922798080.401183,3525712432.169986,-2245636418.859848
5299,2455011.8491445137,-5923470677.464237,3525560120.573762,-2245651875.994959
5300,2455012.099126322,-5924139921.875614,3525397002.3157883,-2245663797.7819285
5301,2455012.349108406,-5924799896.151259,3525233993.219885,-2245676922.1126304
5302,2455012.5990902595,-5925462512.267929,3525076472.6615868,-2245693567.841367
5303,2455012.8490719628,-5926133563.776274,3524913483.4491653,-2245708977.1069736
5304,2455013.099054021,-5926801067.484133,3524739745.3792434,-2245720871.9636154
5305,2455013.3490363494,-5927459311.612671,3524566266.015208,-2245734029.857987
5306,2455013.5990184457,-5928120307.268884,3524398235.8653536,-2245750687.644567
5307,2455013.8490003985,-5928789641.789836,3524224607.726107,-2245766048.6474223
5308,2455014.09898271,-5929455234.95276,3524040291.1317425,-2245777917.2882686
5309,2455014.348965288,-5930111582.335527,3523856382.116031,-2245791109.1523113
5310,2455014.5989476317,-5930770790.584005,3523677880.7743173,-2245807778.4289865
5311,2455014.8489298373,-5931438239.132443,3523493653.151974,-2245823091.044551
5312,2455015.0989124067,-5932101754.26785,3523298800.02064,-2245834934.4364705
5313,2455015.3488952387,-5932756040.521141,3523104502.5959234,-2245848160.9014297
5314,2455015.5988778337,-5933413296.4633465,3522915569.076755,-2245864841.323395
5315,2455015.8488602974,-5934078692.00386,3522720782.0490994,-2245880105.658692
5316,2455016.0988431284,-5934739963.512813,3522515434.9692345,-2245891924.984186
5317,2455016.3488262184,-5935392026.013351,3522310790.924122,-2245905186.870651
5318,2455016.598809069,-5936047166.365056,3522111464.792446,-2245921878.2812433
5319,2455016.8487917944,-5936710343.396273,3521906159.0196714,-2245937094.6408362
5320,2455017.0987748913,-5937369207.163596,3521690361.1391554,-2245948891.264473
5321,2455017.3487582435,-5938018884.662235,3521475412.7762527,-2245962189.549506
5322,2455017.598741354,-5938671747.380011,3521265734.124364,-2245978891.948182
5323,2455017.8487243447,-5939332541.572682,3521049950.832767,-2245994060.8025713
5324,2455018.0987077123,-5939988834.614016,3520823745.848596,-2246005836.2395277
5325,2455018.3486913303,-5940635966.889864,3520598535.9809246,-2246019172.0255594
5326,2455018.5986747043,-5941286390.832217,3520378545.431989,-2246035885.5372057
5327,2455018.8486579657,-5941944638.696747,3520152326.4236884,-2246051007.492203
5328,2455019.098641607,-5942598198.830572,3519915758.597662,-2246062763.3774514
5329,2455019.348625495,-5943242626.366429,3519680330.571706,-2246076137.86149
5330,2455019.5986091373,-5943890450.973262,3519450069.3109927,-2246092862.705797
5331,2455019.8485926725,-5944545989.543349,3519213457.002624,-2246107938.471686
5332,2455020.0985765923,-5945196655.077563,3518966571.207504,-2246119676.5287647
5333,2455020.348560754,-5945838218.74904,3518720968.958207,-2246133090.9711366
5334,2455020.5985446684,-5946483283.734512,3518480478.7975483,-2246149827.4313674
5335,2455020.848528482,-5947135950.264352,3518233516.293354,-2246164857.791376
5336,2455021.098512684,-5947783559.697023,3517976358.094268,-2246176579.8005457
5337,2455021.348497124,-5948422100.476731,3517720626.2357755,-2246190035.4930625
5338,2455021.598481314,-5949064245.538323,3517469949.713929,-2246206783.8843637
5339,2455021.84846541,-5949713877.217289,3517212680.9144335,-2246221769.662792
5340,2455022.0984498984,-5950358268.955984,3516945296.6851673,-2246233477.428904
5341,2455022.3484346196,-5950993627.637435,3516679480.635446,-2246246975.662985
5342,2455022.59841909,-5951632692.185746,3516418661.1508465,-2246263736.300797
5343,2455022.8484034725,-5952279125.87425,3516151130.8921533,-2246278678.331286
5344,2455023.098388251,-5952920137.9768505,3515873567.9601345,-2246290373.651984
5345,2455023.348373258,-5953552154.919673,3515597714.092,-2246303915.687156
5346,2455023.5983580123,-5954187977.828597,3515326796.059654,-2246320688.856052
5347,2455023.8483426855,-5954831049.813184,3515049050.274713,-2246335587.9503546
5348,2455024.0983277583,-5955468519.746063,3514761357.0857916,-2246347272.5846353
5349,2455024.348313055,-5956097034.635974,3514475512.8958783,-2246360859.6173253
5350,2455024.5982980975,-5956729454.004696,3514194541.92068,-2246377645.5400243
5351,2455024.848283065,-5957368999.761201,3513906627.8158917,-2246392502.4566126
5352,2455025.098268436,-5958002764.161144,3513608854.1141024,-2246404178.0929236
5353,2455025.3482540264,-5958627615.769103,3513313068.407254,-2246417811.2244577
5354,2455025.598239361,-5959256468.678211,3513022091.4739203,-2246434610.029567
5355,2455025.8482246273,-5959892322.623599,3512724057.724573,-2246449425.4404287
5356,2455026.0982103003,-5960522217.042839,3512416254.754194,-2246461093.6623464
5357,2455026.3481961885,-5961143242.961705,3512110577.854751,-2246474773.863844
5358,2455026.598181819,-5961768365.201289,3511809643.55061,-2246491585.549817
5359,2455026.8481673887,-5962400360.41238,3511501540.536686,-2246506360.0027585
5360,2455027.0981533676,-5963026219.026057,3511183761.2935066,-2246518022.2493196
5361,2455027.348139557,-5963643255.365768,3510868245.3162127,-2246531750.3204527
5362,2455027.5981254885,-5964264481.119301,3510557404.125751,-2246548574.7127304
5363,2455027.848111365,-5964892449.00603,3510239284.253028,-2246563308.5860734
5364,2455028.098097654,-5965514104.274334,3509911583.8361297,-2246574966.103828
5365,2455028.3480841494,-5966126985.314338,3509586283.0742526,-2246588742.6227508
5366,2455028.598070385,-5966744146.804722,3509265587.808547,-2246605579.321582
5367,2455028.848056572,-5967367916.752972,3508937505.9834995,-2246620272.7693143
5368,2455029.098043176,-5967985199.063841,3508599942.120539,-2246631926.5547514
5369,2455029.3480299804,-5968593756.900385,3508264913.6274195,-2246645751.818592
5370,2455029.5980165247,-5969206684.049123,3507934420.066978,-2246662600.1380467
5371,2455029.8480030275,-5969826083.099488,3507596434.4042788,-2246677253.027148
5372,2455030.0979899494,-5970438820.474371,3507249068.2270775,-2246688903.7626123
5373,2455030.347977068,-5971042884.762762,3506904372.663596,-2246702777.7232194
5374,2455030.5979639245,-5971651404.980877,3506564140.47949,-2246719636.627897
5375,2455030.847950747,-5972266257.6805315,3506216313.2959223,-2246734248.476336
5376,2455031.0979379914,-5972874275.698996,3505859210.405442,-2246745896.4701486
5377,2455031.3479254274,-5973473673.664525,3505504913.1734233,-2246759818.678177
5378,2455031.597912601,-5974077611.964998,3505155007.123133,-2246776686.7329087
5379,2455031.847899747,-5974687740.595946,3504797406.1862364,-2246791256.6660876
5380,2455032.097887318,-5975290862.752328,3504430637.9426284,-2246802901.8170233
5381,2455032.347875076,-5975885419.687784,3504066810.503073,-2246816871.3964753
5382,2455032.5978625705,-5976484599.336299,3503707301.7598653,-2246833746.7530227
5383,2455032.847850044,-5977089824.728527,3503340001.6074176,-2246848273.5039506
5384,2455033.0978379454,-5977687873.412495,3502963646.4170556,-2246859915.3160844
5385,2455033.3478260287,-5978277413.82865,3502590367.5214334,-2246873930.9954176
5386,2455033.5978138484,-5978871657.663833,3502221334.8239493,-2246890811.4412007
5387,2455033.8478016537,-5979471800.679729,3501844417.80379,-2246905293.417504
5388,2455034.097789889,-5980064598.813091,3501458562.0225277,-2246916931.0857153
5389,2455034.347778302,-5980648948.21229,3501075918.4549766,-2246930991.3018394
5390,2455034.59776645,-5981238080.536907,3500697448.6647615,-2246947874.3819723
5391,2455034.847754591,-5981832964.055248,3500311005.2858605,-2246962309.804902
5392,2455035.0977431647,-5982420337.138758,3499915743.346977,-2246973942.3693337
5393,2455035.3477319106,-5982999324.0924225,3499523829.8187532,-2246988045.4355555
5394,2455035.5977203907,-5983583172.748487,3499136017.575443,-2247004928.631664
5395,2455035.8477088707,-5984172623.702016,3498740145.9226394,-2247019315.7228007
5396,2455036.097697785,-5984754401.779175,3498335579.51725,-2247030942.2606134
5397,2455036.347686867,-5985327859.784105,3497934497.6264405,-2247045086.560399
5398,2455036.597675683,-5985906257.871994,3497537444.1051574,-2247061967.482728
5399,2455036.847664505,-5986490108.802211,3497132248.416429,-2247076304.6508007
5400,2455037.097653764,-5987066127.826118,3496718484.917883,-2247087924.454965
5401,2455037.3476431845,-5987633896.466307,3496308341.45257,-2247102108.610476
5402,2455037.5976323388,-5988206683.291359,3495902152.5785685,-2247118985.153375
5403,2455037.8476215056,-5988784773.074563,3495487741.40338,-2247133271.1340337
5404,2455038.0976111116,-5989354875.412492,3495064892.002026,-2247144883.836247
5405,2455038.347600874,-5989916800.648088,3494645797.083733,-2247159106.81415
5406,2455038.5975903696,-5990483821.805692,3494230581.713353,-2247175977.2440295
5407,2455038.847579884,-5991055995.548629,3493807066.155867,-2247190211.1691127
5408,2455039.0975698396,-5991620029.705025,3493375244.18635,-2247201816.7909484
5409,2455039.347559946,-5992175963.442703,3492947309.7000365,-2247216077.9370456
5410,2455039.5975497854,-5992737070.258658,3492523178.1670756,-2247232940.911539
5411,2455039.8475396503,-5993303178.631134,3492090670.5574675,-2247247122.3133316
5412,2455040.0975299575,-5993860998.493254,3491649990.3004436,-2247258721.2570124
5413,2455040.3475204105,-5994410797.766009,3491213328.8294625,-2247273020.2758975
5414,2455040.597510596,-5994965846.43149,3490780392.0121818,-2247289874.814179
5415,2455040.847500813,-5995525744.774677,3490339005.100824,-2247304003.5873213
5416,2455041.0974914744,-5996077208.709293,3489889581.098272,-2247315596.5906663
5417,2455041.347482276,-5996620734.775615,3489444305.3540373,-2247329933.4958215
5418,2455041.5974728093,-5997169585.461819,3489002674.210077,-2247346778.925385
5419,2455041.8474633815,-5997723132.928141,3488552520.796928,-2247360855.27102
5420,2455042.0974543993,-5998268102.953155,3488094467.565878,-2247372443.3498664
5421,2455042.3474455513,-5998805220.506057,3487640690.1766977,-2247386818.4057875
5422,2455042.597436435,-5999347736.615849,3487190475.596929,-2247403654.3052783
5423,2455042.847427364,-5999894795.465686,3486731668.4396133,-2247417678.6747637
5424,2455043.09741874,-6000433136.591811,3486265100.425406,-2247429263.0678763
5425,2455043.347410245,-6000963713.1454115,3485802933.927625,-2247443676.7370243
5426,2455043.5974014807,-6001499760.744972,3485344246.75741,-2247460502.885614
5427,2455043.8473927686,-6002040195.821572,3484876898.6146517,-2247474475.9321117
5428,2455044.0973845045,-6002571775.5669365,3484401930.2505794,-2247486058.054993
5429,2455044.3473763643,-6003095681.007972,3483931487.1602826,-2247500510.9541807
5430,2455044.5973679544,-6003625128.413226,3483464438.2787247,-2247517327.2905936
5431,2455044.8473596033,-6004158806.760615,3482988661.9922996,-2247531249.830281
5432,2455045.097351701,-6004683494.795535,3482505407.7813625,-2247542831.238352
5433,2455045.347343917,-6005200601.051603,3482026800.674696,-2247557324.104077
5434,2455045.597335864,-6005723318.5175905,3481551501.071662,-2247574130.6939163
5435,2455045.8473278754,-6006250109.087705,3481067409.6378126,-2247588003.6747594
5436,2455046.097320337,-6006767776.955253,3480575984.217863,-2247599586.033344
5437,2455046.347312911,-6007277957.725828,3480089325.790728,-2247614119.693102
5438,2455046.597305216,-6007793817.186623,3479605886.6210856,-2247630916.701268
5439,2455046.847297592,-6008313590.58549,3479113593.238568,-2247644741.1759677
5440,2455047.097290419,-6008824111.450415,3478614111.424958,-2247656326.2335763
5441,2455047.3472833526,-6009327241.956667,3478119514.5323434,-2247670901.5796404
5442,2455047.597276018,-6009836116.775533,3477628047.1529346,-2247687689.2443495
5443,2455047.8472687607,-6010348745.012044,3477127665.257739,-2247701466.3440666
5444,2455048.0972619546,-6010851993.405828,3476620242.0773854,-2247713055.905766
5445,2455048.3472552504,-6011347950.131232,3476117819.7693,-2247727673.8684053
5446,2455048.597248277,-6011849714.837184,3475618435.778046,-2247744452.4740224
5447,2455048.847241388,-6012355071.055034,3475110079.086141,-2247758183.380384
5448,2455049.0972349513,-6012850922.601852,3474594829.8254805,-2247769779.278994
5449,2455049.34722861,-6013339583.012302,3474084695.402645,-2247784440.797159
5450,2455049.5972220004,-6013834113.015758,3473577506.703254,-2247801210.644207
5451,2455049.8472154816,-6014332071.20484,3473061289.2844467,-2247814896.5582337
5452,2455050.0972094154,-6014820402.328073,3472538329.573753,-2247826500.62231
5453,2455050.3472034386,-6015301644.574367,3472020596.684514,-2247841206.61105
5454,2455050.5971971946,-6015788815.867521,3471505715.5967274,-2247857967.9829507
5455,2455050.847191048,-6016279250.5628,3470981751.9979477,-2247871610.090719
5456,2455051.0971853533,-6016759938.18215,3470451197.9484577,-2247883224.109367
5457,2455051.3471797435,-6017233640.796508,3469925980.741303,-2247897975.424299
5458,2455051.5971738664,-6017713329.651286,3469403520.1689787,-2247914728.551309
5459,2455051.847168093,-6018196115.632813,3468871925.597118,-2247928327.9870133
5460,2455052.097162773,-6018669036.86608,3468333893.9989676,-2247939953.672331
5461,2455052.3471575314,-6019135078.466699,3467801307.3366423,-2247954751.071973
5462,2455052.5971520226,-6019607161.143896,3467271380.9978456,-2247971496.0932765
5463,2455052.8471466247,-6020082173.15087,3466732271.564803,-2247985053.9006195
5464,2455053.09714168,-6020547205.032289,3466186880.1471395,-2247996692.8486648
5465,2455053.347136808,-6021005464.046603,3465647039.882816,-2248011536.955519
5466,2455053.5971316705,-6021469816.52548,3465109762.601922,-2248028273.880223
5467,2455053.8471266497,-6021936928.992137,3464563255.6317368,-2248041790.9728236
5468,2455054.0971220816,-6022393948.21358,3464010623.385357,-2248053444.62363
5469,2455054.3471175814,-6022844302.625159,3463463646.7021646,-2248068335.884347
5470,2455054.597112816,-6023300800.357291,3462919134.7666306,-2248085064.551598
5471,2455054.8471081736,-6023759887.173507,3462365349.1692877,-2248098541.6724453
5472,2455055.0971039846,-6024208769.850964,3461805596.7386975,-2248110211.26898
5473,2455055.3470998574,-6024651096.972466,3461251602.5622206,-2248125149.913395
5474,2455055.5970954658,-6025099614.662792,3460699974.156721,-2248141869.951271
5475,2455055.8470912045,-6025550548.963766,3460139030.884638,-2248155307.630883
5476,2455056.0970873954,-6025991170.435545,3459572281.0490003,-2248166994.1766224
5477,2455056.347083643,-6026425346.717217,3459011390.5556984,-2248181980.175362
5478,2455056.597079627,-6026865758.1458435,3458452766.2999363,-2248198690.9584584
5479,2455056.847075748,-6027308412.14928,3457884788.9165034,-2248212089.471906
5480,2455057.097072321,-6027740646.83049,3457311167.191452,-2248223793.687522
5481,2455057.347068945,-6028166547.73584,3456743504.4468737,-2248238826.709157
5482,2455057.5970653067,-6028598725.660298,3456178008.071933,-2248255527.31641
5483,2455057.8470618115,-6029032970.600036,3455603123.4667354,-2248268886.6415453
5484,2455058.0970587684,-6029456691.9522705,3455022758.859999,-2248280608.92394
5485,2455058.34705577,-6029874191.97058,3454448451.616388,-2248295688.2959156
5486,2455058.5970525113,-6030298008.189585,3453876210.803793,-2248312377.4740353
5487,2455058.847049401,-6030723714.438184,3453294550.0709534,-2248325697.257536
5488,2455059.097046743,-6031138795.158206,3452707575.9980206,-2248337437.6492453
5489,2455059.3470441243,-6031547768.0685425,3452126756.6445923,-2248352562.3320327
5490,2455059.5970412465,-6031963093.77154,3451547904.005525,-2248369238.475445
5491,2455059.8470385238,-6032380131.284014,3450959603.443857,-2248382518.01913
5492,2455060.0970362523,-6032786443.849316,3450366158.74066,-2248394276.2019815
5493,2455060.3470340143,-6033186763.376341,3449778965.319091,-2248409444.7916083
5494,2455060.597031519,-6033593469.917601,3449193639.3995433,-2248426105.9551315
5495,2455060.8470291845,-6034001709.129109,3448598841.491687,-2248439344.239564
5496,2455061.097027301,-6034399126.821728,3447999071.351701,-2248451119.570118
5497,2455061.3470254457,-6034790667.787202,3447405648.4343963,-2248466330.346594
5498,2455061.597023334,-6035188627.964813,3446813994.5150466,-2248482974.307713
5499,2455061.8470213898,-6035587941.192133,3446212848.627869,-2248496170.0686874
5500,2455062.097019895,-6035976339.61344,3445606905.1834598,-2248507961.6691604
5501,2455062.347018423,-6036358979.553269,3445007404.317385,-2248523212.7019444
5502,2455062.597016696,-6036748069.3142185,3444409574.7009387,-2248539837.0803356
5503,2455062.8470151434,-6037138332.529533,3443802237.1986756,-2248552988.941628
5504,2455063.097014039,-6037517591.41952,3443190279.4466696,-2248564795.8449593
5505,2455063.347012951,-6037891212.424065,3442584858.882005,-2248580085.1488504
5506,2455063.59701161,-6038271312.699407,3441981012.4180055,-2248596687.570895
5507,2455063.8470104486,-6038652407.33096,3441367645.9802866,-2248609794.2151184
5508,2455064.0970097347,-6039022412.304075,3440749838.8966265,-2248621615.540073
5509,2455064.347009032,-6039386902.660695,3440138662.507179,-2248636941.252053
5510,2455064.597008077,-6039757900.888171,3439528963.3309517,-2248653519.5261307
5511,2455064.8470073086,-6040129715.197344,3438909735.52703,-2248666579.8653636
5512,2455065.0970069855,-6040490358.950958,3438286248.498532,-2248678414.9803157
5513,2455065.347006668,-6040845614.166398,3437669484.0973907,-2248693775.514253
5514,2455065.5970060998,-6041207405.114514,3437054099.8573937,-2248710327.7734785
5515,2455065.847005724,-6041569834.812777,3436429181.313992,-2248723341.0775056
5516,2455066.097005792,-6041921017.5329,3435800186.2773123,-2248735189.7131047
5517,2455066.3470058595,-6042266940.5303545,3435178003.7577195,-2248750583.8563204
5518,2455066.5970056783,-6042619426.294651,3434557103.786476,-2248767108.637675
5519,2455066.8470056946,-6042972374.349713,3433926666.4143295,-2248780074.594717
5520,2455067.097006154,-6043314003.341019,3433292336.1619053,-2248791936.8868046
5521,2455067.3470066064,-6043650503.932485,3432664905.9033294,-2248807363.8264155
5522,2455067.5970068113,-6043993593.271442,3432038659.739373,-2248823860.081079
5523,2455067.84700722,-6044336969.127822,3431402875.3823404,-2248836778.7925167
5524,2455068.0970080695,-6044668957.939932,3430763382.347233,-2248848655.2629013
5525,2455068.347008907,-6044995951.880752,3430130874.1411004,-2248864114.5549216
5526,2455068.597009498,-6045329559.220904,3429499450.595971,-2248880581.607213
5527,2455068.847010299,-6045663277.775115,3428858490.2360835,-2248893453.5374064
5528,2455069.0970115387,-6045985545.165094,3428214005.8304906,-2248905345.0363135
5529,2455069.3470127597,-6046302953.120467,3427576588.345806,-2248920836.5429974
5530,2455069.597013737,-6046626997.54207,3426940155.087254,-2248937274.0240893
5531,2455069.847014929,-6046950978.158724,3426294188.534381,-2248950099.9313235
5532,2455070.097016558,-6047263447.146152,3425644882.9353037,-2248962007.5668893
5533,2455070.3470181627,-6047571193.793043,3425002723.5897846,-2248977531.386336
5534,2455070.5970195252,-6047885598.18519,3424361447.0863705,-2248993939.1649036
5535,2455070.8470211085,-6048199763.908295,3423710642.9840975,-2249006720.0334597
5536,2455071.097023126,-6048502361.04345,3423056685.19028,-2249018645.1058702
5537,2455071.3470251136,-6048800374.39664,3422409950.2492576,-2249034201.5091286
5538,2455071.597026861,-6049105064.841319,3421763995.9012403,-2249050579.6317143
5539,2455071.8470288343,-6049409341.833849,3421108521.880289,-2249063316.6153517
5540,2455072.0970312394,-6049701996.689109,3420450079.881232,-2249075260.5636926
5541,2455072.3470336087,-6049990207.641606,3419798934.636536,-2249090849.945317
5542,2455072.5970357405,-6050285113.000353,3419148466.9583015,-2249107198.5904346
5543,2455072.8470381033,-6050579430.172354,3418488489.816682,-2249119892.9696593
5544,2455073.0970408954,-6050862075.006374,3417825730.7671137,-2249131857.3322783
5545,2455073.347043646,-6051140417.02587,3417170339.7035837,-2249147480.173902
5546,2455073.597046161,-6051425468.664948,3416515522.479079,-2249163799.618404
5547,2455073.847048912,-6051709757.422406,3415851208.323696,-2249176452.7690625
5548,2455074.097052091,-6051982326.947401,3415184298.6707654,-2249188439.1543193
5549,2455074.347055222,-6052250735.858445,3414524825.579325,-2249204095.9975
5550,2455074.5970581193,-6052525867.442946,3413865821.9602633,-2249220386.591037
5551,2455074.8470612583,-6052800061.4894905,3413197336.289652,-2249232999.959813
5552,2455075.097064822,-6053062492.676107,3412526441.8414774,-2249245010.0224886
5553,2455075.3470683326,-6053320906.465597,3411863049.8755236,-2249260701.4460382
5554,2455075.5970716113,-6053586053.763657,3411200022.426417,-2249276963.5887856
5555,2455075.847075138,-6053850088.900216,3410527530.165111,-2249289538.6707397
5556,2455076.0970790857,-6054102320.769409,3409852816.117032,-2249301574.089406
5557,2455076.3470829744,-6054350679.369381,3409185667.8135977,-2249317300.6866136
5558,2455076.5970866345,-6054605780.025185,3408518778.5294685,-2249333534.805831
5559,2455076.847090547,-6054859593.911238,3407842444.0437756,-2249346073.119816
5560,2455077.0970948776,-6055101567.281763,3407164074.995337,-2249358135.571201
5561,2455077.347099144,-6055339812.303199,3406493332.296793,-2249373897.923269
5562,2455077.597103184,-6055584805.557741,3405822742.631603,-2249390104.4453573
5563,2455077.847107481,-6055828337.418271,3405142729.7664733,-2249402607.5042944
5564,2455078.0971121946,-6056059994.599269,3404460869.77001,-2249414698.632017
5565,2455078.3471168373,-6056288069.011674,3403786694.0877967,-2249430497.275492
5566,2455078.597121256,-6056522895.37116,3403112565.0351434,-2249446676.591727
5567,2455078.8471259377,-6056756085.65444,3402429037.2133684,-2249459145.866353
5568,2455079.097131032,-6056977370.093246,3401743849.894467,-2249471267.2430882
5569,2455079.34713605,-6057195217.86496,3401066402.253675,-2249487102.630783
5570,2455079.597140847,-6057419818.736544,3400388894.516685,-2249503255.0567064
5571,2455079.847145912,-6057642608.746795,3399702014.934785,-2249515691.9332085
5572,2455080.0971513856,-6057853464.660006,3399013663.716128,-2249527845.0171275
5573,2455080.3471567784,-6058061030.390974,3398333105.0091143,-2249543717.473861
5574,2455080.5971619524,-6058275347.720741,3397652379.283928,-2249559843.204052
5575,2455080.8471673992,-6058487679.263228,3396962311.2251883,-2249572248.9377437
5576,2455081.097173252,-6058688051.290773,3396270959.669945,-2249584435.0257115
5577,2455081.3471790184,-6058885279.87907,3395587451.030756,-2249600344.701659
5578,2455081.597184568,-6059089255.834503,3394903668.4109483,-2249616443.763023
5579,2455081.847190396,-6059291070.91579,3394210575.678434,-2249628819.4313593
5580,2455082.097196627,-6059480903.8405485,3393516387.95166,-2249641039.612387
5581,2455082.3472027653,-6059667740.22445,3392830091.245553,-2249656986.4376388
5582,2455082.5972086904,-6059861316.962073,3392143413.737931,-2249673058.6448693
5583,2455082.8472148986,-6060052557.584508,3391447461.194485,-2249685405.103575
5584,2455083.097221506,-6060231796.154651,3390750602.626514,-2249697660.2162323
5585,2455083.347228016,-6060408185.16531,3390061681.03599,-2249713643.860171
5586,2455083.597234315,-6060591304.7162075,3389372272.1671615,-2249729688.776926
5587,2455083.847240902,-6060771912.79704,3388673626.360211,-2249742006.6226425
5588,2455084.097247885,-6060940501.679331,3387974264.0889006,-2249754297.2197022
5589,2455084.347254765,-6061106388.030426,3387282882.7726674,-2249770317.0583653
5590,2455084.5972614377,-6061278992.328458,3386590908.262548,-2249786333.9671683
5591,2455084.8472684026,-6061448909.767332,3385889738.1101108,-2249798623.509563
5592,2455085.09727576,-6061606793.654531,3385188041.77866,-2249810949.8327947
5593,2455085.347283009,-6061762122.092009,3384494368.580556,-2249827004.9270372
5594,2455085.597290054,-6061924153.168597,3383799997.0602393,-2249842992.8107905
5595,2455085.847297396,-6062083322.088578,3383096474.5754123,-2249855254.0571384
5596,2455086.0973051265,-6062230445.98809,3382392617.0624857,-2249867616.025408
5597,2455086.3473127433,-6062375161.629668,3381696823.245974,-2249883705.1132803
5598,2455086.597320159,-6062526562.007637,3381000226.9934235,-2249899662.6520734
5599,2455086.847327877,-6062674925.205471,3380294528.017745,-2249911895.308389
5600,2455087.09733598,-6062811234.948136,3379588686.165976,-2249924292.5235996
5601,2455087.347343963,-6062945283.85441,3378890947.1345835,-2249940414.031934
5602,2455087.5973517485,-6063085997.185344,3378192302.7815433,-2249956339.6206007
5603,2455087.8473598408,-6063223498.83706,3377484607.672116,-2249968543.115267
5604,2455088.097368314,-6063348941.852671,3376776962.950025,-2249980974.892621
5605,2455088.347376663,-6063472271.875556,3376077458.8776937,-2249997126.9746547
5606,2455088.597384817,-6063602243.863298,3375376947.999431,-2250013018.7681475
5607,2455088.847393282,-6063728830.522436,3374667442.1684103,-2250025192.305243
5608,2455089.097402124,-6063843356.911393,3373958181.1509037,-2250037657.734967
5609,2455089.3474108363,-6063955918.838171,3373257097.393867,-2250053838.3409095
5610,2455089.5974193574,-6064075098.452667,3372554906.8407536,-2250069694.333769
5611,2455089.8474281942,-6064190720.327921,3371843780.9947615,-2250081836.9814215
5612,2455090.097437403,-6064294284.194968,3371133095.5002418,-2250094335.026094
5613,2455090.3474464775,-6064396033.130085,3370430622.622034,-2250110542.0091863
5614,2455090.5974553637,-6064504374.027093,3369726944.421654,-2250126360.1496634
5615,2455090.84746457,-6064608986.426163,3369014394.331408,-2250138470.961592
5616,2455091.0974741443,-6064701547.332852,3368302481.0525274,-2250151000.584505
5617,2455091.347483578,-6064792444.143504,3367598814.3114295,-2250167231.835151
5618,2455091.5974928276,-6064889906.086264,3366893845.0089455,-2250183010.163404
5619,2455091.847502401,-6064983470.793924,3366180070.7015023,-2250195088.3196635
5620,2455092.097512338,-6065064995.07315,3365467130.2527432,-2250207648.627043
5621,2455092.3475221293,-6065145007.622008,3364762468.5110946,-2250223902.2147336
5622,2455092.59753174,-6065231557.614124,3364056407.9484167,-2250239639.001969
5623,2455092.847541678,-6065314043.9068575,3363341612.36744,-2250251683.9433303
5624,2455093.097551975,-6065384505.542865,3362627847.8420463,-2250264274.312758
5625,2455093.3475621217,-6065453609.420998,3361922392.0378633,-2250280548.60692
5626,2455093.59757209,-6065529222.282342,3361215441.7587194,-2250296242.4662533
5627,2455093.8475823905,-6065600607.338777,3360499829.1235404,-2250308253.993317
5628,2455094.097593045,-6065659988.207449,3359785444.429322,-2250320874.1605253
5629,2455094.347603543,-6065718166.804807,3359079395.9119062,-2250337167.9043975
5630,2455094.5976138674,-6065782825.075945,3358371757.5187583,-2250352817.8504157
5631,2455094.8476245264,-6065843093.7208,3357655531.72318,-2250364796.167964
5632,2455095.097635535,-6065891383.181886,3356940730.043619,-2250377446.2565923
5633,2455095.3476463826,-6065938627.141119,3356234289.115124,-2250393758.583096
5634,2455095.597657059,-6065992320.413969,3355526162.90552,-2250409364.0337815
5635,2455095.847668074,-6066041464.340882,3354809526.260841,-2250421309.739003
5636,2455096.0976794334,-6066078658.369895,3354094508.9150066,-2250433990.2365866
5637,2455096.3476906265,-6066114964.64635,3353387873.8141017,-2250450320.6337996
5638,2455096.597701652,-6066157688.571126,3352679457.890702,-2250465881.36636
5639,2455096.84771302,-6066195705.313454,3351962610.3621826,-2250477795.3959365
5640,2455097.097724727,-6066221805.45252,3351247576.166445,-2250490507.093966
5641,2455097.3477362623,-6066247176.261628,3350540942.55159,-2250506855.3400536
5642,2455097.5977476337,-6066278931.505724,3349832432.4199677,-2250522371.4219317
5643,2455097.8477593507,-6066305823.418484,3349115571.330708,-2250534254.979946
5644,2455098.0977714015,-6066320835.791144,3348400716.4005747,-2250546998.9001245
5645,2455098.3477832763,-6066335277.665775,3347694277.240644,-2250563364.9894695
5646,2455098.59779499,-6066356069.021208,3346985865.777353,-2250578836.7051086
5647,2455098.847807053,-6066371842.442666,3346269185.842655,-2250590691.1909895
5648,2455099.0978194443,-6066375776.9723215,3345554703.6840053,-2250603468.515249
5649,2455099.347831654,-6066379300.040905,3344848649.396765,-2250619852.5914226
5650,2455099.597843707,-6066389135.763165,3344140527.024408,-2250635280.378401
5651,2455099.847856112,-6066393800.412651,3343424220.5538197,-2250647107.326322
5652,2455100.0978688397,-6066386670.276946,3342710302.2845817,-2250659919.3399634
5653,2455100.347881382,-6066379287.772778,3342004820.971096,-2250676321.6428723
5654,2455100.59789377,-6066378179.142371,3341297175.897743,-2250691706.0428615
5655,2455100.8479065136,-6066371747.729137,3340581433.033112,-2250703507.0762663
5656,2455101.097919575,-6066353569.01134,3339868267.615978,-2250716355.126209
5657,2455101.347932445,-6066335296.963012,3339163545.284306,-2250732775.954039
5658,2455101.5979451654,-6066323258.010761,3338456563.713838,-2250748117.5779004
5659,2455101.847958244,-6066305745.988434,3337741572.6230755,-2250759894.3773975
5660,2455102.0979716345,-6066276537.45572,3337029347.041639,-2250772779.8428473
5661,2455102.347984829,-6066247394.485524,3336325567.7646165,-2250789219.525353
5662,2455102.5979978777,-6066224441.807138,3335619434.0344386,-2250804519.028434
5663,2455102.8480112874,-6066195867.199089,3334905381.02836,-2250816273.3085456
5664,2455103.0980250034,-6066155650.133825,3334194280.3842926,-2250829197.5792284
5665,2455103.3480385193,-6066115657.2919445,3333491626.3783984,-2250845656.4572606
5666,2455103.5980518926,-6066081809.881999,3332786523.0202165,-2250860914.519472
5667,2455103.8480656296,-6066042193.110525,3332073592.596165,-2250872648.008833
5668,2455104.098079668,-6065990991.130899,3331363800.1385865,-2250885612.4653363
5669,2455104.3480935004,-6065940171.705635,3330662451.781766,-2250902090.8711157
5670,2455104.598107195,-6065895450.755218,3329958559.5293546,-2250917308.176436
5671,2455104.848121256,-6065844814.423205,3329246934.371274,-2250929022.5961075
5672,2455105.098135612,-6065782653.246526,3328538631.493143,-2250942028.5871954
5673,2455105.3481497583,-6065721032.508689,3327838767.3212104,-2250958526.820442
5674,2455105.59816377,-6065665461.130107,3327136265.1093225,-2250973704.031174
5675,2455105.848178151,-6065603829.724196,3326426126.0923,-2250985401.0667424
5676,2455106.0981928213,-6065530736.8476095,3325719492.3453546,-2250998449.879563
5677,2455106.348207277,-6065458341.709983,3325021289.0816464,-2251014968.175754
5678,2455106.5982216024,-6065391944.575926,3324320354.093286,-2251030105.8982296
5679,2455106.8482362996,-6065319344.085283,3323611880.3519936,-2251041787.162813
5680,2455107.09825128,-6065235348.385296,3322907093.541109,-2251054879.9836397
5681,2455107.3482660414,-6065152206.985876,3322210726.221026,-2251071418.472611
5682,2455107.5982806766,-6065075009.899423,3321511534.044954,-2251086517.213231
5683,2455107.8482956868,-6064991467.374596,3320804903.1669593,-2251098184.200902
5684,2455108.0983109735,-6064896598.657739,3320102139.5833373,-2251111322.0666327
5685,2455108.348326037,-6064802739.907319,3319407781.8305974,-2251127880.7225223
5686,2455108.5983409784,-6064714769.351389,3318710506.782058,-2251142940.835841
5687,2455108.8483562972,-6064620312.459365,3318005895.174434,-2251154594.868013
5688,2455109.0983718866,-6064514601.027622,3317305330.0102,-2251167778.6118298
5689,2455109.3483872483,-6064410054.192127,3316613154.5005198,-2251184357.198579
5690,2455109.5984024922,-6064311336.93476,3315917970.13299,-2251199378.832501
5691,2455109.8484181156,-6064205993.59184,3315215553.5810194,-2251211021.0031114
5692,2455110.098434004,-6064089469.908466,3314517361.53439,-2251224251.2007785
5693,2455110.3484496605,-6063974264.314405,3313827540.645178,-2251240849.220321
5694,2455110.598465203,-6063864827.159688,3313134620.440794,-2251255832.266122
5695,2455110.8484811275,-6063748625.331956,3312434574.835183,-2251267463.393798
5696,2455111.0984973107,-6063621319.875745,3311738930.871038,-2251280740.31906
5697,2455111.3485132577,-6063495484.823557,3311051637.4708495,-2251297356.9708214
5698,2455111.5985290958,-6063375354.5881605,3310361155.652467,-2251312301.026719
5699,2455111.8485453175,-6063248322.333148,3309663657.8177886,-2251323921.6225166
5700,2455112.0985617917,-6063110265.70707,3308970738.0073576,-2251337245.219992
5701,2455112.348578026,-6062973830.649423,3308286146.3008103,-2251353879.379664
5702,2455112.598594155,-6062843034.411853,3307598278.6746106,-2251368783.735327
5703,2455112.8486106703,-6062705200.197751,3306903507.2028975,-2251380393.9928837
5704,2455113.0986274313,-6062556423.517207,3306213489.542955,-2251393763.8744955
5705,2455113.3486439493,-6062409418.516175,3305531775.86952,-2251410414.0972342
5706,2455113.5986603657,-6062267984.1413965,3304846700.5964837,-2251425277.7434835
5707,2455113.8486771705,-6062119377.435757,3304154836.585465,-2251436877.5549545
5708,2455114.098694215,-6061959912.978141,3303467901.69907,-2251450293.022338
5709,2455114.348711012,-6061802369.4135065,3302789245.1918154,-2251466957.5719223
5710,2455114.5987277124,-6061650326.316994,3302107143.39894,-2251481779.236312
5711,2455114.8487448026,-6061490978.401725,3301418371.0113363,-2251493368.2339063
5712,2455115.098762126,-6061320860.468141,3300734702.6527047,-2251506828.3259816
5713,2455115.3487791982,-6061152811.94305,3300059285.685723,-2251523505.228459
5714,2455115.5987961786,-6060990192.03672,3299380341.851811,-2251538283.4345675
5715,2455115.84881355,-6060820136.989137,3298694848.636451,-2251549861.0551567
5716,2455116.098831149,-6060639402.916199,3298014633.945989,-2251563364.61799
5717,2455116.348848492,-6060460886.296773,3297342642.321214,-2251580051.73662
5718,2455116.598865748,-6060287725.052546,3296667044.392006,-2251594784.883689
5719,2455116.8488833965,-6060107000.827459,3295985021.3246803,-2251606350.4528146
5720,2455117.0989012653,-6059915692.083163,3295308450.794508,-2251619896.2279024
5721,2455117.348918875,-6059726748.60456,3294640073.6301327,-2251636591.355435
5722,2455117.5989364022,-6059543086.165957,3293968012.82639,-2251651277.814035
5723,2455117.848954323,-6059351735.706326,3293289654.035331,-2251662830.644693
5724,2455118.098972458,-6059149898.993654,3292616921.1515393,-2251676417.3707805
5725,2455118.34899033,-6058950575.351577,3291952350.439881,-2251693118.3336773
5726,2455118.5990081234,-6058756457.606551,3291284020.728706,-2251707756.551494
5727,2455118.849026312,-6058554529.889159,3290609522.878499,-2251719296.0510845
5728,2455119.099044708,-6058342218.156747,3289940823.4188194,-2251732922.572068
5729,2455119.349062837,-6058132567.476019,3289280253.238883,-2251749627.338491
5730,2455119.5990808923,-6057928046.975069,3288615850.4619193,-2251764215.9470925
5731,2455119.8490993436,-6057715597.868301,3287945411.7999425,-2251775741.7223306
5732,2455120.0991179952,-6057492871.098827,3287280942.8034234,-2251789407.0900564
5733,2455120.3491363768,-6057272953.644883,3286624568.219329,-2251806113.8695025
5734,2455120.599154688,-6057058090.227471,3285964288.9254923,-2251820651.7792253
5735,2455120.849173397,-6056835183.023714,3285298108.056485,-2251832163.7254076
5736,2455121.099192299,-6056602108.665011,3284638066.5498614,-2251845867.283115
5737,2455121.3492109273,-6056371992.168855,3283986082.299482,-2251862574.603148
5738,2455121.5992294895,-6056146853.177714,3283330122.406187,-2251877061.0715203
5739,2455121.8492484507,-6055913558.692525,3282668396.9378757,-2251888559.4318953
5740,2455122.0992675973,-6055670211.639806,3282012978.579138,-2251902300.8646526
5741,2455122.349286467,-6055429971.164389,3281365577.7286706,-2251919007.6119695
5742,2455122.599305275,-6055194631.197979,3280714131.1995406,-2251933442.274338
5743,2455122.849324482,-6054951027.411195,3280057056.456152,-2251944927.6599126
5744,2455123.099343868,-6054697489.541964,3279406454.2969117,-2251958707.00428
5745,2455123.3493629727,-6054447206.919039,3278763827.063581,-2251975412.42458
5746,2455123.5993820205,-6054201747.179073,3278117084.8007555,-2251989795.2837977
5747,2455123.8494014684,-6053947918.501645,3277464852.7936635,-2252001268.6530333
5748,2455124.099421087,-6053684277.872396,3276819256.3364606,-2252015086.267914
5749,2455124.349440422,-6053424040.841791,3276181589.2383146,-2252031789.928928
5750,2455124.5994597035,-6053168548.227401,3275539738.3276496,-2252046121.3108706
5751,2455124.8494793857,-6052904584.561497,3274892537.09797,-2252057583.918233
5752,2455125.0994992317,-6052630934.445634,3274252131.7377963,-2252071440.4279103
5753,2455125.34951879,-6052360835.683907,3273619607.1330013,-2252088142.158195
5754,2455125.5995382997,-6052095401.822269,3272982830.4772434,-2252102422.6468797
5755,2455125.84955821,-6051821397.602979,3272340843.818751,-2252113875.9750733
5756,2455126.099578277,-6051537835.552788,3271705810.6514664,-2252127772.1998453
5757,2455126.3495980534,-6051257971.764724,3271078606.6259694,-2252144472.0188856
5758,2455126.5996177853,-6050982692.139188,3270447082.9035287,-2252158702.386597
5759,2455126.8496379177,-6050698745.503817,3269810490.3848424,-2252170148.0773034
5760,2455127.0996581996,-6050405372.565192,3269181006.2859974,-2252184084.9657836
5761,2455127.3496781876,-6050115843.748397,3268559296.7810163,-2252200783.018574
5762,2455127.5996981356,-6049830817.015038,3267933200.6129045,-2252214964.162894
5763,2455127.8497184846,-6049537029.171396,3267302177.7759705,-2252226403.9565463
5764,2455128.099738975,-6049233949.303738,3266678415.624458,-2252240382.528774
5765,2455128.3497591685,-6048934858.220279,3266062370.678266,-2252257079.0324874
5766,2455128.5997793265,-6048640185.72963,3265441872.88033,-2252271211.9263372
5767,2455128.8497998854,-6048336660.524277,3264816591.4970303,-2252282647.615582
5768,2455129.0998205785,-6048023980.212152,3264198720.431827,-2252296668.920184
5769,2455129.349840971,-6047715432.041414,3263588506.4319715,-2252313364.1249332
5770,2455129.5998613336,-6047411217.52879,3262973774.257364,-2252327449.780446
5771,2455129.849882096,-6047098061.169543,3262354402.558702,-2252338883.1769586
5772,2455130.0999029856,-6046775889.173108,3261742588.193093,-2252352948.2610526
5773,2455130.349923572,-6046457991.286951,3261138368.0735817,-2252369642.422569
5774,2455130.5999441324,-6046144340.668003,3260529565.3901496,-2252383681.8658905
5775,2455130.8499650927,-6045821661.534356,3259916268.222743,-2252395114.777025
5776,2455131.099986172,-6045490108.710289,3259310672.7805004,-2252409224.6647825
5777,2455131.350006946,-6045162970.501406,3258712606.1376405,-2252425918.024489
5778,2455131.600027698,-6044839991.703769,3258109893.522832,-2252439912.2765746
5779,2455131.85004885,-6044507900.176726,3257502832.4237657,-2252451346.4866753
5780,2455132.1000701133,-6044167079.302508,3256903614.7963314,-2252465502.1611977
5781,2455132.3500910685,-6043830812.00072,3256311857.9299827,-2252482194.9281764
5782,2455132.600112006,-6043498614.768943,3255715392.697188,-2252496144.986122
5783,2455132.850133343,-6043157223.020303,3255114725.907945,-2252507582.236928
5784,2455133.1001547845,-6042807248.565046,3254522041.659917,-2252521784.619864
5785,2455133.350175915,-6042461964.988392,3253936747.5737023,-2252538476.9492717
5786,2455133.600197032,-6042120660.612962,3253346683.769658,-2252552383.762711
5787,2455133.8502185484,-6041770082.309287,3252752566.23463,-2252563825.7276044
5788,2455134.100240161,-6041411070.11139,3252166567.6085954,-2252578075.651447
5789,2455134.350261461,-6041056884.317559,3251587886.0255003,-2252594767.6144714
5790,2455134.600282752,-6040706585.25966,3251004374.4603662,-2252608632.0525284
5791,2455134.850304441,-6040346935.159381,3250416957.876342,-2252620080.300429
5792,2455135.1003262196,-6039979001.996612,3249837793.867867,-2252634378.4697013
5793,2455135.350347682,-6039616028.828572,3249265871.336056,-2252651070.0118923
5794,2455135.6003691405,-6039256848.243347,3248689059.724298,-2252664892.8180895
5795,2455135.850390997,-6038888241.699234,3248108492.7216015,-2252676348.7650657
5796,2455136.100412934,-6038511504.774178,3247536309.306897,-2252690695.7053666
5797,2455136.350434554,-6038139859.334252,3246971289.4786706,-2252707386.593145
5798,2455136.600456174,-6037771910.538596,3246401322.7727747,-2252721168.329024
5799,2455136.850478191,-6037394462.964234,3245827751.307953,-2252732633.1795516
5800,2455137.1005002814,-6037009039.376536,3245262691.899886,-2252747029.1775093
5801,2455137.350522052,-6036628836.513253,3244704716.0534716,-2252763718.9372134
5802,2455137.600543828,-6036252232.495429,3244141737.0322413,-2252777459.920489
5803,2455137.8505659997,-6035866058.905393,3243575305.0435605,-2252788934.605487
5804,2455138.100588238,-6035472065.231892,3243017511.214606,-2252803379.6480684
5805,2455138.3506101533,-6035083419.170673,3242466719.0426354,-2252820067.5074453
5806,2455138.600632079,-6034698272.281267,3241910869.160888,-2252833767.7559104
5807,2455138.8506543995,-6034303487.050638,3241351719.4743958,-2252845252.8799253
5808,2455139.1006767787,-6033901039.182467,3240801331.913783,-2252859746.6065845
5809,2455139.3506988334,-6033504063.44996,3240257862.523548,-2252876431.452894
5810,2455139.6007209034,-6033110485.420657,3239709282.9453263,-2252890090.6488147
5811,2455139.8507433664,-6032707202.403415,3239157558.3308215,-2252901586.4615307
5812,2455140.1007658807,-6032296415.769175,3238614717.9126267,-2252916128.1441913
5813,2455140.350788069,-6031891223.525502,3238078710.893682,-2252932808.5135636
5814,2455140.600810277,-6031489325.911948,3237537543.5453105,-2252946426.0024757
5815,2455140.8508328767,-6031077658.992993,3236993387.741654,-2252957932.4072113
5816,2455141.10085552,-6030658649.217711,3236458236.510088,-2252972520.969257
5817,2455141.350877836,-6030245354.019544,3235929832.86621,-2252989195.0765057
5818,2455141.6009001755,-6029835249.06235,3235396221.301346,-2253002769.907423
5819,2455141.8509229063,-6029415313.107531,3234859779.803357,-2253014286.5113244
5820,2455142.100945673,-6028988197.042746,3234332461.6723375,-2253028920.587714
5821,2455142.3509681104,-6028566913.944003,3233811804.4246216,-2253045586.3959866
5822,2455142.600990576,-6028148715.728313,3233285894.3224716,-2253059117.3996286
5823,2455142.8510134313,-6027720627.789429,3232757314.7690454,-2253070643.5996065
5824,2455143.101036315,-6027285524.751059,3232237975.7976966,-2253085321.629804
5825,2455143.3510588673,-6026856371.562042,3231725210.1453047,-2253101976.9495306
5826,2455143.6010814533,-6026430197.285019,3231207149.3552723,-2253115462.842124
5827,2455143.8511044267,-6025994077.862226,3230686581.459667,-2253126997.9324603
5828,2455144.1011274206,-6025551110.876677,3230175369.672498,-2253141718.270954
5829,2455144.3511500824,-6025114209.384333,3229670642.7067966,-2253158360.8721347
5830,2455144.6011727815,-6024680180.539705,3229160580.8607764,-2253171800.3682795
5831,2455144.851195867,-6024236154.720712,3228648175.927577,-2253183343.6533856
5832,2455145.101218965,-6023785451.611648,3228145240.7441206,-2253198104.681655
5833,2455145.3512417288,-6023340928.608877,3227648700.798085,-2253214732.403982
5834,2455145.6012645354,-6022899171.95343,3227146788.5861206,-2253228124.3240337
5835,2455145.851287726,-6022447370.312152,3226642698.7208233,-2253239675.2227607
5836,2455146.101310921,-6021989064.528568,3226148190.1076274,-2253254475.45032
5837,2455146.3513337807,-6021537052.570658,3225659985.8573546,-2253271086.300161
5838,2455146.6013566875,-6021087700.807372,3225166374.084426,-2253284429.6623793
5839,2455146.851379976,-6020628260.011799,3224670751.212184,-2253295987.7954226
5840,2455147.1014032615,-6020162491.1605835,3224184818.6706796,-2253310825.9426775
5841,2455147.3514262103,-6019703129.023648,3223705098.097809,-2253327418.1707797
5842,2455147.60144921,-6019246321.185886,3223219936.6251926,-2253340712.263151
5843,2455147.85147259,-6018779384.307304,3222732931.416366,-2253352277.5192423
5844,2455148.1014959584,-6018306298.388492,3222255722.8982973,-2253367152.578508
5845,2455148.3515189895,-6017839731.232443,3221784632.1996527,-2253383724.7353554
5846,2455148.6015420756,-6017375612.774936,3221308068.852262,-2253396969.164565
5847,2455148.8515655394,-6016901329.306647,3220829829.632091,-2253408541.7432475
5848,2455149.1015889836,-6016421078.660986,3220361490.4567695,-2253423453.0159016
5849,2455149.351612089,-6015947457.907982,3219899172.9733033,-2253440003.9828897
5850,2455149.6016352545,-6015476180.516929,3219431352.483917,-2253453198.6987724
5851,2455149.851658794,-6014994706.116229,3218962024.1968436,-2253464779.128276
5852,2455150.101682307,-6014507449.101006,3218502696.0410476,-2253479726.2367005
5853,2455150.35170548,-6014026932.048137,3218049291.277707,-2253496255.2320185
5854,2455150.6017287164,-6013548653.192855,3217590354.340576,-2253509400.5267067
5855,2455150.8517523254,-6013060149.173324,3217130077.6424837,-2253520989.6565204
5856,2455151.101775899,-6012566049.598835,3216679897.676779,-2253535972.530856
5857,2455151.351799132,-6012078798.803761,3216235540.486953,-2253552479.090557
5858,2455151.6018224326,-6011593681.075415,3215785622.993385,-2253565575.5734525
5859,2455151.8518461026,-6011098313.702357,3215334533.5423603,-2253577174.5434446
5860,2455152.1018697293,-6010597540.089692,3214893633.781281,-2253592193.3857803
5861,2455152.3518930147,-6010103722.597438,3214458453.778576,-2253608677.323399
5862,2455152.601916372,-6009611932.910418,3214017686.291439,-2253621725.8761363
5863,2455152.8519400954,-6009109872.581925,3213575914.2868266,-2253633336.0673027
5864,2455153.101963768,-6008602597.330337,3213144421.1940937,-2253648391.2991576
5865,2455153.351987098,-6008102383.834476,3212718542.423281,-2253664852.650499
5866,2455153.602010504,-6007604092.587256,3212287049.9118323,-2253677854.369157
5867,2455153.8520342736,-6007095512.999727,3211854719.8918476,-2253689477.343812
5868,2455154.102057984,-6006581911.563088,3211432754.2395763,-2253704569.5452294
5869,2455154.352081351,-6006075475.599606,3211016295.094055,-2253721008.506906
5870,2455154.6021047984,-6005570855.890587,3210594196.905144,-2253733964.6402225
5871,2455154.8521286063,-6005055933.279919,3210171427.7683077,-2253745602.0804152
5872,2455155.102152347,-6004536183.437581,3209759104.7053185,-2253760731.92938
5873,2455155.352175744,-6004023700.689684,3209352178.0370345,-2253777148.799597
5874,2455155.6021992248,-6003512927.658059,3208939588.04065,-2253790060.691202
5875,2455155.8522230634,-6002991840.177396,3208526493.2222695,-2253801714.3428707
5876,2455156.1022468265,-6002466121.450389,3208123922.4773216,-2253816882.5619073
5877,2455156.3522702456,-6001947769.204841,3207726635.821314,-2253833277.6896534
5878,2455156.602293753,-6001431019.526596,3207323662.650303,-2253846146.729749
5879,2455156.8523176145,-6000903946.780213,3206920350.3728824,-2253857818.357096
5880,2455157.102341393,-6000372440.002296,3206527636.5123587,-2253873025.6707687
5881,2455157.3523648265,-5999848396.75702,3206140092.346934,-2253889399.416213
5882,2455157.6023883526,-5999325848.286432,3205746839.654715,-2253902227.004531
5883,2455157.8524122294,-5998792971.001571,3205353413.1802382,-2253913918.355744
5884,2455158.1024360154,-5998255858.019138,3204970655.8528414,-2253929165.459265
5885,2455158.352459456,-5997726303.209168,3204592951.8335176,-2253945518.164867
5886,2455158.6024829936,-5997198134.726911,3204209518.51407,-2253958305.683765
5887,2455158.8525068783,-5996659634.519554,3203826076.348731,-2253970018.4661446
5888,2455159.1025306643,-5996117097.972123,3203453370.4746118,-2253985306.002634
5889,2455159.3525541048,-5995582211.762097,3203085599.606242,-2254001637.9719424
5890,2455159.6025776467,-5995048602.775511,3202712079.947831,-2254014386.7661357
5891,2455159.852601532,-5994504661.953788,3202338715.977856,-2254026122.626753
5892,2455160.1026253104,-5993956885.077375,3201976151.8678465,-2254041451.1688356
5893,2455160.3526487434,-5993416848.162374,3201618402.607686,-2254057762.6484256
5894,2455160.6026722817,-5992877978.699781,3201254886.380071,-2254070474.0065684
5895,2455160.85269616,-5992328780.047331,3200891689.9451437,-2254082234.5134377
5896,2455161.1027199235,-5991775946.444237,3200539353.3634925,-2254097604.5440574
5897,2455161.352743342,-5991230939.804025,3200191709.675268,-2254113895.7033434
5898,2455161.60276687,-5990686990.15006,3199838282.177036,-2254126570.8361216
5899,2455161.8527907333,-5990132716.638953,3199485338.114706,-2254138357.454572
5900,2455162.102814475,-5989575009.9666815,3199143310.325217,-2254153769.3417277
5901,2455162.3528378718,-5989025214.529722,3198805851.7305884,-2254170040.245432
5902,2455162.6028613816,-5988476364.862463,3198462593.8495765,-2254182680.2550726
5903,2455162.8528852235,-5987917199.261502,3198119982.5700765,-2254194494.3144226
5904,2455163.1029089363,-5987354802.812394,3197788340.4314117,-2254209948.275204
5905,2455163.3529323037,-5986800399.008086,3197461142.1308923,-2254226198.8442287
5906,2455163.602955789,-5986246828.924156,3197128130.495699,-2254238804.6816587
5907,2455163.852979602,-5985682953.297573,3196795928.170615,-2254250647.3289475
5908,2455164.103003278,-5985116049.474339,3196474744.369317,-2254266143.380339
5909,2455164.3530266094,-5984557216.689892,3196157877.525312,-2254282373.339328
5910,2455164.6030500624,-5983999104.646608,3195835184.8437066,-2254294945.748191
5911,2455164.8530738396,-5983430699.786184,3195513463.806291,-2254306817.8893056
5912,2455165.1030974723,-5982859469.531415,3195202807.325326,-2254322355.7872934
5913,2455165.353120761,-5982296385.547683,3194896339.603446,-2254338564.6019335
5914,2455165.6031441754,-5981733908.3138,3194584035.279751,-2254351104.0541387
5915,2455165.8531679097,-5981161153.213774,3194272864.7219687,-2254363006.2886815
5916,2455166.103191492,-5980585775.520888,3193972801.6201,-2254378585.46394
5917,2455166.353214731,-5980018616.072494,3193676798.050553,-2254394772.278159
5918,2455166.6032380997,-5979451948.349704,3193374949.126803,-2254407278.913163
5919,2455166.853261784,-5978875019.902,3193074396.1173344,-2254419211.477299
5920,2455167.1032853094,-5978295671.598207,3192784990.619032,-2254434830.9835277
5921,2455167.3533084923,-5977724610.258333,3192499514.7498918,-2254450994.574543
5922,2455167.6033318085,-5977153924.679777,3192208187.111254,-2254463468.161902
5923,2455167.8533554366,-5976572997.796574,3191918317.840912,-2254475430.89992
5924,2455168.1033788975,-5975989853.799875,3191639633.607637,-2254491089.396344
5925,2455168.3534020176,-5975415062.380469,3191364748.7842436,-2254507228.1692996
5926,2455168.6034252746,-5974840530.058744,3191084008.4268327,-2254519668.1159587
5927,2455168.8534488394,-5974255778.369625,3190804889.4453244,-2254531660.5011106
5928,2455169.10347223,-5973669012.534959,3190536990.761124,-2254547356.2879934
5929,2455169.3534952803,-5973090662.07862,3190272761.2384753,-2254563468.326517
5930,2455169.603518472,-5972512453.734946,3190002675.2867646,-2254575873.7421207
5931,2455169.8535419665,-5971924050.841232,3189734374.406102,-2254587894.956363
5932,2455170.10356528,-5971333837.326179,3189477326.9497538,-2254603626.0688043
5933,2455170.3535882537,-5970752099.56673,3189223818.516846,-2254619709.241991
5934,2455170.603611373,-5970170387.065807,3188964455.6863384,-2254632079.0576363
5935,2455170.8536347905,-5969578508.126872,3188707042.2730136,-2254644128.1206193
5936,2455171.1036580196,-5968985023.00708,3188460913.2347636,-2254659892.4661446
5937,2455171.3536809105,-5968400071.9912815,3188218193.1529,-2254675944.5726857
5938,2455171.60370395,-5967815029.944899,3187969623.510813,-2254688277.6895127
5939,2455171.853727284,-5967219853.240152,3187723168.075045,-2254700353.6097507
5940,2455172.1037504217,-5966623276.009212,3187488025.5841255,-2254716149.1199265
5941,2455172.353773223,-5966035289.516216,3187256161.8639464,-2254732168.03787
5942,2455172.603796176,-5965447096.604949,3187018455.96917,-2254744463.4730506
5943,2455172.8538194187,-5964848804.743077,3186783029.184767,-2254756565.3887815
5944,2455173.103842458,-5964249319.399342,3186558941.2278647,-2254772390.1535373
5945,2455173.3538651625,-5963658479.898409,3186338001.464227,-2254788373.9662886
5946,2455173.6038880222,-5963067319.694871,3186111229.1363463,-2254800630.96955
5947,2455173.8539111665,-5962466100.300164,3185886900.5628023,-2254812758.2556124
5948,2455174.1039341004,-5961863895.8980055,3185673933.677478,-2254828610.620131
5949,2455174.3539567,-5961270390.968883,3185463983.7297635,-2254844557.7024837
5950,2455174.6039794595,-5960676452.231762,3185248212.7302136,-2254856775.830952
5951,2455174.8540024976,-5960072498.117877,3185035049.508301,-2254868928.163203
5952,2455175.1040253188,-5959467768.830092,3184833267.504933,-2254884806.782588
5953,2455175.3540478065,-5958871791.123783,3184634370.254061,-2254900715.8454313
5954,2455175.6040704576,-5958275267.665466,3184429665.0849385,-2254912894.998493
5955,2455175.8540933826,-5957668776.618593,3184227730.7836957,-2254925072.3800206
5956,2455176.104116083,-5957061721.445223,3184037193.6454744,-2254940976.2379575
5957,2455176.3541384516,-5956463468.328221,3183849407.9489937,-2254956846.339524
5958,2455176.6041609873,-5955864558.602163,3183655828.8641,-2254968986.7628045
5959,2455176.854183791,-5955255732.918439,3183465182.548907,-2254981189.5217543
5960,2455177.104206363,-5954646555.182098,3183285945.5572596,-2254997117.9233446
5961,2455177.3542286055,-5954046228.196786,3183109325.430458,-2255012948.457176
5962,2455177.604251018,-5953445134.727702,3182926927.6699057,-2255025050.7256036
5963,2455177.8542736927,-5952834180.617161,3182747623.1895137,-2255037279.494188
5964,2455178.1042961297,-5952223087.3456135,3182579736.2623315,-2255053232.0418534
5965,2455178.354318238,-5951620891.575807,3182414330.264967,-2255069022.7096477
5966,2455178.604340519,-5951017820.310345,3182243163.487787,-2255081087.6970263
5967,2455178.8543630578,-5950404947.23435,3182075248.9517083,-2255093343.3783345
5968,2455179.104385351,-5949792148.487489,3181918756.164578,-2255109319.936615
5969,2455179.3544073175,-5949188291.877659,3181764606.963793,-2255125070.7109957
5970,2455179.60442946,-5948583451.496686,3181604714.850573,-2255137099.5504184
5971,2455179.854451855,-5947968871.473817,3181448232.271223,-2255149383.2768755
5972,2455180.1044739974,-5947354579.645507,3181303171.5389547,-2255165383.9295115
5973,2455180.3544958145,-5946749272.300695,3181160315.628616,-2255181095.0096335
5974,2455180.6045178114,-5946142873.517768,3181011735.6374536,-2255193089.047405
5975,2455180.8545400547,-5945526800.421674,3180866720.7231274,-2255205402.133341
5976,2455181.1045620386,-5944911229.539371,3180733123.6299973,-2255221427.134984
5977,2455181.3545836993,-5944304683.029075,3180601591.196917,-2255237098.897379
5978,2455181.6046055425,-5943696937.89954,3180464354.464342,-2255249059.6428266
5979,2455181.854627626,-5943079586.774244,3180330836.555129,-2255261403.533619
5980,2455182.104649444,-5942462951.823378,3180208728.3258038,-2255277453.2587967
5981,2455182.354670941,-5941855378.5178,3180088543.253852,-2255293086.2061696
5982,2455182.604692623,-5941246499.787986,3179962674.630324,-2255305015.28022
5983,2455182.8547145403,-5940628086.211299,3179840676.764542,-2255317391.5010824
5984,2455183.1047361847,-5940010602.5157,3179730076.3606176,-2255333466.3936296
5985,2455183.35475751,-5939402214.985684,3179621256.3547277,-2255349061.1049113
5986,2455183.604779024,-5938792415.513136,3179506774.5534434,-2255360960.1907897
5987,2455183.8548007673,-5938173155.037911,3179396313.639967,-2255373370.2985797
5988,2455184.104822231,-5937555037.724263,3179297233.954172,-2255389470.8249264
5989,2455184.3548433785,-5936946048.230708,3179199790.753069,-2255405027.9099293
5990,2455184.6048647165,-5936335540.49833,3179096708.5778785,-2255416898.709165
5991,2455184.8548862785,-5935715648.1910715,3178997795.6374354,-2255429344.250162
5992,2455185.1049075546,-5935097111.753012,3178910243.7463236,-2255445470.859155
5993,2455185.3549285163,-5934487731.836957,3178824183.383046,-2255460990.9201913
5994,2455185.604949672,-5933876727.567724,3178732507.993443,-2255472835.1159062
5995,2455185.854971045,-5933256417.646373,3178645148.426329,-2255485317.5911593
5996,2455186.1049921266,-5932637675.605169,3178569125.8589334,-2255501470.6816187
5997,2455186.3550128955,-5932028115.770661,3178494448.9272804,-2255516954.282839
5998,2455186.605033862,-5931416825.630028,3178414182.099884,-2255528773.510642
5999,2455186.8550550397,-5930796311.183361,3178338375.9414496,-2255541294.3487043
6000,2455187.105075919,-5930177575.823116,3178273878.9277935,-2255557474.244059
6001,2455187.355096489,-5929568045.286546,3178210580.8216467,-2255572921.8874035
6002,2455187.605117259,-5928956678.642472,3178141719.178639,-2255584717.7122984
6003,2455187.8551382343,-5928336171.397538,3178077461.3169756,-2255597278.2473574
6004,2455188.105158905,-5927717653.538263,3178024480.9952273,-2255613485.174947
6005,2455188.3551792693,-5927108360.0049715,3177972552.1042743,-2255628897.279944
6006,2455188.605199836,-5926497124.704229,3177915087.297341,-2255640671.176143
6007,2455188.8552206024,-5925876834.798834,3177862367.6469984,-2255653272.6280713
6008,2455189.105241058,-5925258743.563356,3177820890.228648,-2255669506.6993823
6009,2455189.3552612094,-5924649892.986747,3177780316.095516,-2255684883.5827427
6010,2455189.6052815667,-5924038995.102598,3177734234.956281,-2255696636.9121857
6011,2455189.8553021173,-5923419130.818468,3177693038.6051044,-2255709280.3641543
6012,2455190.1053223507,-5922801673.349666,3177663045.521391,-2255725541.5514307
6013,2455190.355342284,-5922193469.631053,3177633806.9899683,-2255740883.401942
6014,2455190.605362425,-5921583113.142881,3177599091.6831074,-2255752617.38691
6015,2455190.855382753,-5920963880.562978,3177569399.054897,-2255765303.755978
6016,2455191.105402759,-5920347261.65861,3177550867.13397,-2255781591.8608136
6017,2455191.355422467,-5919739906.259584,3177532940.5450234,-2255796898.705199
6018,2455191.6054423857,-5919130292.641873,3177509568.786868,-2255808614.391014
6019,2455191.855462485,-5918511895.215841,3177491355.8893137,-2255821344.388035
6020,2455192.1054822565,-5917896316.872823,3177484257.6398554,-2255837658.998703
6021,2455192.3555017337,-5917290008.341166,3177477615.155494,-2255852930.655835
6022,2455192.6055214237,-5916681336.073034,3177465560.58507,-2255864628.8617153
6023,2455192.8555412884,-5916063974.114014,3177458799.4344335,-2255877402.93952
6024,2455193.1055608196,-5915449635.018733,3177463103.5306435,-2255893743.3770566
6025,2455193.35558006,-5914844568.479208,3177467713.6846585,-2255908979.401777
6026,2455193.6055995156,-5914237032.542523,3177466946.4843073,-2255920660.6625233
6027,2455193.85561914,-5913620902.740956,3177471605.8020344,-2255933478.9566264
6028,2455194.105638425,-5913007997.810195,3177487277.8605137,-2255949844.2156944
6029,2455194.355657422,-5912404364.544827,3177503106.4172273,-2255965043.8402567
6030,2455194.605676638,-5911798156.055532,3177513594.2541733,-2255976708.3489532
6031,2455194.8556960155,-5911183451.174935,3177529640.4913254,-2255989570.623177
6032,2455195.105715049,-5910572171.331672,3177556644.1759176,-2256005959.3224096
6033,2455195.355733798,-5909970158.651242,3177583655.3093057,-2256021121.4126444
6034,2455195.605752768,-5909365464.840866,3177605364.580606,-2256032768.983763
6035,2455195.8557718936,-5908752373.823503,3177632763.2187333,-2256045674.602223
6036,2455196.1057906696,-5908142906.241675,3177671061.5840077,-2256062084.9672513
6037,2455196.355809165,-5907542697.882602,3177709219.24599,-2256077208.0180264
6038,2455196.605827884,-5906939702.656458,3177742116.451498,-2256088838.096387
6039,2455196.8558467515,-5906328411.349717,3177780833.3590803,-2256101786.047524
6040,2455197.1058652652,-5905720940.353794,3177830390.1663,-2256118215.951629
6041,2455197.3558835015,-5905122717.551572,3177879659.335123,-2256133298.1448784
6042,2455197.605901963,-5904521602.73058,3177923712.230939,-2256144909.88127
6043,2455197.855920568,-5903912295.287537,3177973714.69618,-2256157898.871245
6044,2455198.105938813,-5903307003.899029,3178034495.299928,-2256174345.9463534
6045,2455198.355956785,-5902710947.06234,3178094842.695395,-2256189385.2788124
6046,2455198.605974985,-5902111894.1605625,3178150020.8161902,-2256200977.6731133
6047,2455198.855993321,-5901504754.893512,3178211277.8602905,-2256214006.282587
6048,2455199.1060112924,-5900901826.731365,3178283249.3005605,-2256230468.0874953
6049,2455199.3560289945,-5900308117.357492,3178354643.246553,-2256245462.5476956
6050,2455199.606046926,-5899711309.478035,3178420917.5363016,-2256257034.631909
6051,2455199.8560649883,-5899106524.701006,3178493399.3177786,-2256270101.502325
6052,2455200.1060826806,-5898506145.739714,3178576529.5084567,-2256286575.708943
6053,2455200.356100107,-5897914968.058899,3178658938.9198704,-2256301523.459952
6054,2455200.6061177654,-5897320591.396899,3178736280.5369253,-2256313074.47468
6055,2455200.856135547,-5896718350.764682,3178819956.999929,-2256326178.476248
6056,2455201.106152955,-5896120710.492961,3178914213.2479625,-2256342663.0264664
6057,2455201.3561701,-5895532252.434741,3179007606.048905,-2256357562.5489902
6058,2455201.6061874796,-5894940497.043342,3179095984.712666,-2256369092.0713243
6059,2455201.8562049754,-5894340994.114841,3179190823.8927155,-2256382232.41524
6060,2455202.106222092,-5893746285.900481,3179296171.1919312,-2256398725.616744
6061,2455202.3562389505,-5893160739.267793,3179400512.623347,-2256413575.7874913
6062,2455202.606256045,-5892571799.051439,3179499894.959274,-2256425083.7920504
6063,2455202.856273249,-5891975231.115929,3179605861.387355,-2256438260.075574
6064,2455203.106290069,-5891383651.88243,3179722260.899282,-2256454760.6318703
6065,2455203.3563066353,-5890801211.896694,3179837512.089433,-2256469560.7388196
6066,2455203.6063234387,-5890215284.042113,3179947860.2991548,-2256481047.5993323
6067,2455203.8563403445,-5889621851.454375,3180064913.779093,-2256494259.795786
6068,2455204.1063568625,-5889033600.939424,3180192321.7216673,-2256510766.7863603
6069,2455204.3563731303,-5888454465.440088,3180318438.686246,-2256525516.4998784
6070,2455204.6063896366,-5887871749.571805,3180439709.6571946,-2256536982.952314
6071,2455204.8564062393,-5887281654.8775625,3180567804.4822783,-2256550231.3682055
6072,2455205.106422449,-5886696934.742262,3180706171.448709,-2256566744.2012978
6073,2455205.356438413,-5886121303.291207,3180843104.5047536,-2256581443.523138
6074,2455205.6064546164,-5885542000.579283,3180975249.31186,-2256592890.6116433
6075,2455205.8564709094,-5884955447.633471,3181114333.8477416,-2256606175.8309255
6076,2455206.1064868052,-5884374460.598121,3181263604.4631395,-2256622694.187177
6077,2455206.3565024594,-5883802533.63778,3181411297.950722,-2256637343.393771
6078,2455206.6065183547,-5883226845.980303,3181554261.635466,-2256648772.4137874
6079,2455206.8565343325,-5882644039.155539,3181704278.150577,-2256662095.241582
6080,2455207.106549909,-5882066988.236223,3181864390.9474764,-2256678619.0190167
6081,2455207.3565652473,-5881498966.354851,3182022783.143322,-2256693218.607544
6082,2455207.6065808292,-5880927095.67031,3182176504.659801,-2256704631.0528164
6083,2455207.8565964857,-5880348239.174977,3182337389.3002744,-2256717992.463784
6084,2455208.106611737,-5879775327.027134,3182508276.718708,-2256734521.7277875
6085,2455208.3566267546,-5879211410.326629,3182677299.8568907,-2256749072.3674383
6086,2455208.606642017,-5878643557.943077,3182841712.1100583,-2256760469.8822837
6087,2455208.856657347,-5878068855.229721,3183013394.9543643,-2256773870.9741135
6088,2455209.106672268,-5877500283.575091,3183194983.4113426,-2256790405.9122343
6089,2455209.3566869595,-5876940671.115062,3183374563.7652106,-2256804908.399903
6090,2455209.606701897,-5876377037.228602,3183549593.7041,-2256816292.7355704
6091,2455209.8567168955,-5875806690.4651785,3183731998.8680267,-2256829734.686214
6092,2455210.1067314805,-5875242659.57577,3183924208.874169,-2256846275.5662665
6093,2455210.3567458405,-5874687548.869431,3184114266.883388,-2256860730.7851458
6094,2455210.6067604483,-5874128332.050171,3184299835.638336,-2256872103.758767
6095,2455210.8567751097,-5873562541.635287,3184492881.423601,-2256885587.785996
6096,2455211.106789354,-5873003249.858642,3184695627.7435203,-2256902134.9162536
6097,2455211.3568033776,-5872452836.408286,3184896078.18532,-2256916543.796348
6098,2455211.60681765,-5871898233.14493,3185092101.2499156,-2256927907.251694
6099,2455211.856831969,-5871337197.261455,3185295700.3379555,-2256941434.5744605
6100,2455212.106845868,-5870782840.584792,3185508892.196158,-2256957988.265717
6101,2455212.356859551,-5870237317.457115,3185719644.402045,-2256972351.7462482
6102,2455212.6068734834,-5869687521.742766,3185926031.860138,-2256983707.516518
6103,2455212.8568874556,-5869131435.954407,3186140091.5501366,-2256997279.318601
6104,2455213.1069010035,-5868582207.613662,3186363632.8796873,-2257013839.848699
6105,2455213.356914341,-5868041765.061871,3186584590.9929743,-2257028158.84316
6106,2455213.606927929,-5867496968.028416,3186801247.7840877,-2257039508.716698
6107,2455213.8569415496,-5866946024.926547,3187025670.266394,-2257053126.113536
6108,2455214.1069547427,-5866402115.0669155,3187259459.9895144,-2257069693.695323
6109,2455214.35696773,-5865866940.205191,3187490523.2509737,-2257083969.060183
6110,2455214.6069809687,-5865327329.810387,3187717349.459662,-2257095314.7499437
6111,2455214.856994233,-5864781718.713264,3187952032.108802,-2257108978.7593718
6112,2455215.107007067,-5864243314.101231,3188195964.432584,-2257125553.512664
6113,2455215.3570197,-5863713590.628963,3188437027.4766903,-2257139786.0200167
6114,2455215.6070325854,-5863179351.390854,3188673918.6282344,-2257151129.136943
6115,2455215.8570454894,-5862639258.087064,3188918754.2981668,-2257164840.6537204
6116,2455216.10705796,-5862106541.862781,3189172719.0087852,-2257181422.580856
6117,2455216.357070234,-5861582449.824622,3189423672.155338,-2257195612.8943925
6118,2455216.6070827623,-5861053762.586579,3189670519.5042214,-2257206954.9237003
6119,2455216.8570953016,-5860519369.103294,3189925396.8146033,-2257220714.6965146
6120,2455217.107107405,-5859992520.5514765,3190189279.5616474,-2257237303.6598973
6121,2455217.357119317,-5859474236.109199,3190450009.0975695,-2257251452.3122897
6122,2455217.6071314835,-5858951277.809831,3190706699.9073334,-2257262794.5905104
6123,2455217.857143655,-5858422762.178772,3190971503.523455,-2257276603.199026
6124,2455218.1071553873,-5857901956.490085,3191245186.101521,-2257293198.8980217
6125,2455218.3571669334,-5857389651.677947,3191515574.564851,-2257307306.2668753
6126,2455218.6071787346,-5856872595.097683,3191781992.3964314,-2257318649.9566474
6127,2455218.857190534,-5856350131.091529,3192056603.3254395,-2257332507.7855406
6128,2455219.107201892,-5855835539.088952,3192339963.9812064,-2257349109.729566
6129,2455219.3572130688,-5855329381.529272,3192619890.481193,-2257363176.0088177
6130,2455219.6072245017,-5854818394.9936695,3192895915.529622,-2257374522.0684295
6131,2455219.8572359253,-5854302151.81712,3193180211.4787626,-2257388429.275528
6132,2455220.107246905,-5853793939.63654,3193473125.295011,-2257405036.750751
6133,2455220.35725771,-5853294092.211132,3193762465.925495,-2257419061.9152794
6134,2455220.6072687707,-5852789339.253938,3194047975.4673085,-2257430411.061159
6135,2455220.8572798157,-5852279481.2011,3194341831.3312054,-2257444367.5384874
6136,2455221.1072904146,-5851777809.947747,3194644170.7589655,-2257460979.5676312
6137,2455221.3573008436,-5851284430.458043,3194942799.1792145,-2257474963.331514
6138,2455221.6073115296,-5850786069.489461,3195237668.206638,-2257486315.9951296
6139,2455221.8573221928,-5850282755.626892,3195540956.760119,-2257500321.325466
6140,2455222.1073324084,-5849787781.082149,3195852592.3738313,-2257516936.6247463
6141,2455222.3573424593,-5849301021.988826,3196160380.628011,-2257530878.3986607
6142,2455222.607352767,-5848809206.076956,3196464482.734629,-2257542234.685042
6143,2455222.8573630457,-5848312590.078002,3196777075.586277,-2257556288.103042
6144,2455223.107372875,-5847824462.6000395,3197097877.1042533,-2257572905.047175
6145,2455223.357382545,-5847344471.002899,3197414696.704879,-2257586803.9080124
6146,2455223.6073924727,-5846859347.945138,3197727905.2271996,-2257598163.571063
6147,2455223.857402364,-5846369578.266581,3198049674.012692,-2257612263.9461193
6148,2455224.107411804,-5845888443.086802,3198379511.5321918,-2257628880.560475
6149,2455224.357421091,-5845415361.153976,3198705234.723016,-2257642735.2539597
6150,2455224.6074306355,-5844937074.049377,3199027424.0155,-2257654097.7107625
6151,2455224.8574401373,-5844454294.656588,3199358241.667479,-2257668243.574751
6152,2455225.107449186,-5843980292.766116,3199696986.908128,-2257684857.5781064
6153,2455225.357458087,-5843514258.785968,3200031487.8563676,-2257698666.5774283
6154,2455225.6074672467,-5843042947.251781,3200362534.407159,-2257710030.983481
6155,2455225.857476356,-5842567298.996042,3200702276.1689982,-2257724220.6232543
6156,2455226.107485011,-5842100568.676301,3201049803.357409,-2257740829.5377316
6157,2455226.3574935244,-5841641718.72755,3201392958.881404,-2257754591.1705728
6158,2455226.607502296,-5841177520.688979,3201732741.8580494,-2257765956.5630956
6159,2455226.857511011,-5840709143.193296,3202081285.626424,-2257780188.1788173
6160,2455227.1075192704,-5840249821.970889,3202437471.616777,-2257796789.5013075
6161,2455227.357527393,-5839798291.914354,3202789161.06931,-2257810502.1319146
6162,2455227.6075357744,-5839341345.597134,3203137561.956396,-2257821867.6201024
6163,2455227.8575440925,-5838880379.213141,3203494787.6721406,-2257836139.5207715
6164,2455228.1075519533,-5838428605.745011,3203859511.094613,-2257852730.919995
6165,2455228.3575596833,-5837984533.000658,3204219615.278782,-2257866393.1439915
6166,2455228.607567672,-5837534978.564677,3204576516.5787387,-2257877758.098489
6167,2455228.8575755903,-5837081565.832514,3204942304.737122,-2257892068.8831267
6168,2455229.10758305,-5836637481.167521,3205315444.346058,-2257908648.368895
6169,2455229.357590385,-5836201005.75722,3205683843.732793,-2257922259.167222
6170,2455229.6075979783,-5835758986.105395,3206049127.0879674,-2257933623.3568664
6171,2455229.857605494,-5835313272.321489,3206423356.8027716,-2257947972.0329065
6172,2455230.1076125507,-5834877020.227282,3206804789.5192814,-2257964538.0545163
6173,2455230.3576194877,-5834448284.866039,3207181362.302805,-2257978096.8703475
6174,2455230.6076266835,-5834013945.509793,3207554906.5966,-2257989460.5177712
6175,2455230.857633794,-5833576078.382633,3207937453.7771688,-2258003846.5366235
6176,2455231.1076404448,-5833147804.81279,3208327052.967239,-2258020397.9990783
6177,2455231.3576469817,-5832726954.209883,3208711673.4639497,-2258033904.735177
6178,2455231.6076537766,-5832300442.427844,3209093353.356329,-2258045268.496988
6179,2455231.85766048,-5831870571.119987,3209484089.3914595,-2258059691.7197084
6180,2455232.107666722,-5831450423.165938,3209881723.704241,-2258076227.9368744
6181,2455232.357672856,-5831037602.911263,3210274261.34644,-2258089682.897569
6182,2455232.607679248,-5830619066.592095,3210663946.4214287,-2258101047.797149
6183,2455232.857685541,-5830197340.540714,3211062737.476432,-2258115508.4206753
6184,2455233.1076913727,-5829785465.249864,3211468270.2829967,-2258132029.0370035
6185,2455233.3576971013,-5829380820.645776,3211868589.188626,-2258145432.84653
6186,2455233.6077030874,-5828970407.146086,3212266143.6439605,-2258156800.1903377
6187,2455233.857708968,-5828556974.957913,3212672850.459278,-2258171298.6636205
6188,2455234.1077143867,-5828153518.275255,3213086139.7475624,-2258187803.571414
6189,2455234.3577197082,-5827757193.330772,3213494098.697851,-2258201157.0927753
6190,2455234.6077252864,-5827355048.524671,3213899381.393495,-2258212528.391403
6191,2455234.8577307523,-5826950057.083262,3214313859.393597,-2258227065.339662
6192,2455235.107735756,-5826555163.01801,3214734757.926594,-2258243554.606983
6193,2455235.357740668,-5826167299.673761,3215150210.562659,-2258256858.873409
6194,2455235.607745836,-5825773567.233156,3215563075.247199,-2258268235.7766924
6195,2455235.857750885,-5825377161.032024,3215985174.790067,-2258282811.940497
6196,2455236.1077554715,-5824990971.041388,3216413530.371376,-2258299285.7542024
6197,2455236.3577599726,-5824611708.600013,3216836325.4689226,-2258312541.9156775
6198,2455236.6077647284,-5824226529.466349,3217256621.0589304,-2258323926.162514
6199,2455236.857769359,-5823838850.118131,3217686187.7173233,-2258338542.3509865
6200,2455237.107773526,-5823461502.6507845,3218121843.470987,-2258355000.9730043
6201,2455237.3577776146,-5823090977.350251,3218551825.2153916,-2258368210.2550282
6202,2455237.607781957,-5822714489.332618,3218979396.0644155,-2258379603.6343827
6203,2455237.857786167,-5822335675.188362,3219416270.888832,-2258394260.6884546
6204,2455238.107789914,-5821967305.322495,3219859065.515613,-2258410704.4209394
6205,2455238.3577935877,-5821605649.989452,3220296073.750428,-2258423868.0909877
6206,2455238.6077975146,-5821237987.429115,3220730759.8903112,-2258435272.4094815
6207,2455238.857801303,-5820868173.251679,3221174779.644978,-2258449971.170716
6208,2455239.107804628,-5820508912.37617,3221624547.653688,-2258466400.3257484
6209,2455239.3578078863,-5820156256.112626,3222068418.1073103,-2258479519.6632776
6210,2455239.6078113965,-5819797549.572466,3222510055.47186,-2258490936.7155013
6211,2455239.8578147613,-5819436866.227846,3222961052.857858,-2258505677.9969144
6212,2455240.107817664,-5819086841.735666,3223417624.7890434,-2258522092.8675075
6213,2455240.3578205053,-5818743309.613413,3223868189.2993336,-2258535169.1346993
6214,2455240.6078235977,-5818393685.571862,3224316609.951597,-2258546600.6738315
6215,2455240.8578265384,-5818042259.722907,3224774413.8392296,-2258561385.2306805
6216,2455241.1078290176,-5817701594.705776,3225237616.5035415,-2258577786.061494
6217,2455241.357831441,-5817367307.4619055,3225694703.2623515,-2258590820.473509
6218,2455241.6078341147,-5817026888.00873,3226149735.6466174,-2258602268.1813226
6219,2455241.85783663,-5816684841.812088,3226614171.3367286,-2258617096.681304
6220,2455242.1078386847,-5816353654.760412,3227083828.0859995,-2258633483.63881
6221,2455242.35784069,-5816028728.500617,3227547261.919516,-2258646477.333589
6222,2455242.607842944,-5815697631.043278,3228008731.151637,-2258657942.7902145
6223,2455242.857845034,-5815365081.860084,3228479620.6771207,-2258672815.783619
6224,2455243.107846664,-5815043486.379772,3228955551.7168202,-2258689188.926516
6225,2455243.35784825,-5814728032.301705,3229425154.407908,-2258702142.935055
6226,2455243.6078500845,-5814406369.294846,3229892882.6076164,-2258713627.5894194
6227,2455243.857851748,-5814083429.427293,3230370045.076455,-2258728545.4803133
6228,2455244.1078529526,-5813771533.985055,3230852067.8186936,-2258744904.731184
6229,2455244.35785412,-5813465658.132198,3231327658.4684753,-2258757819.9492493
6230,2455244.607855534,-5813153536.839253,3231801465.1294985,-2258769325.0911827
6231,2455244.8578567714,-5812840313.300468,3232284717.10389,-2258784288.110379
6232,2455245.107857551,-5812538221.002925,3232772646.554875,-2258800633.229291
6233,2455245.3578582993,-5812242024.052396,3233254041.977243,-2258813510.391145
6234,2455245.6078592935,-5811939546.340679,3233733744.3690195,-2258825037.1254487
6235,2455245.857860104,-5811636140.657138,3234222900.275235,-2258840045.3054223
6236,2455246.1078604585,-5811343949.061216,3234716549.4529843,-2258856375.8653903
6237,2455246.3578607882,-5811057526.141119,3235203564.599599,-2258869215.519216
6238,2455246.6078613624,-5810764788.304608,3235688978.2004833,-2258880764.7412367
6239,2455246.857861747,-5810471296.344341,3236183850.7719717,-2258895817.8923182
6240,2455247.107861677,-5810189097.29149,3236683031.1599855,-2258912133.2558413
6241,2455247.3578615882,-5809912537.820526,3237175479.5848694,-2258924935.740006
6242,2455247.607861743,-5809629630.423696,3237666418.559646,-2258936508.111779
6243,2455247.857861702,-5809346142.244933,3238166819.3301625,-2258951605.798687
6244,2455248.1078612083,-5809074021.716206,3238671341.3878145,-2258967905.094453
6245,2455248.357860702,-5808807409.265489,3239169035.776377,-2258980670.5138483
6246,2455248.6078604376,-5808534417.01213,3239665313.5267186,-2258992266.4402614
6247,2455248.8578599715,-5808261016.7413845,3240171053.405754,-2259007407.958724
6248,2455249.1078590546,-5807999054.748139,3240680727.170843,-2259023690.058677
6249,2455249.3578581316,-5807742466.947093,3241183479.9711847,-2259036418.2618413
6250,2455249.607857449,-5807479468.60392,3241684909.7987227,-2259048037.8681655
6251,2455249.857856559,-5807216234.382164,3242195799.769496,-2259063222.223708
6252,2455250.1078552203,-5806964504.941044,3242710435.592575,-2259079485.723374
6253,2455250.357853882,-5806718013.486542,3243218059.7866464,-2259092176.284292
6254,2455250.607852782,-5806465081.932115,3243724455.702188,-2259103819.400064
6255,2455250.8578514694,-5806212086.011371,3244240307.6698003,-2259119045.29508
6256,2455251.1078497097,-5805970657.29765,3244759717.0995936,-2259135288.50453
6257,2455251.3578479565,-5805734328.172247,3245272027.1226153,-2259147940.717847
6258,2455251.6078464407,-5805491530.688113,3245783204.796364,-2259159606.8771915
6259,2455251.8578447066,-5805248839.80524,3246303832.56433,-2259174872.717731
6260,2455252.1078425273,-5805017774.619522,3246827829.34296,-2259191093.6758704
6261,2455252.3578403615,-5804791668.6595335,3247344642.0872383,-2259203706.5793705
6262,2455252.607838431,-5804559067.606846,3247860419.8505974,-2259215395.0526466
6263,2455252.8578362763,-5804326743.776347,3248385640.1085954,-2259230698.990538
6264,2455253.1078336793,-5804106100.460306,3248914041.129428,-2259246895.5186734
6265,2455253.357831102,-5803890274.397541,3249435176.8541365,-2259259467.95885
6266,2455253.6078287577,-5803667928.38486,3249955376.5433955,-2259271177.8309436
6267,2455253.857826184,-5803446030.191697,3250485009.6258345,-2259286517.855414
6268,2455254.1078231707,-5803235864.041803,3251017635.585341,-2259302687.66227
6269,2455254.357820183,-5803030372.028684,3251542918.4395475,-2259315218.412569
6270,2455254.6078174273,-5802818337.534889,3252067365.7700553,-2259326948.7140527
6271,2455254.8578144363,-5802606921.83909,3252601235.8629637,-2259342322.7949977
6272,2455255.107811008,-5802407286.873171,3253137911.2824473,-2259358463.630609
6273,2455255.3578076116,-5802212182.286354,3253667169.1262736,-2259370951.5542493
6274,2455255.607804445,-5802010515.47282,3254195693.3029294,-2259382701.431472
6275,2455255.857801038,-5801809639.200828,3254733627.8387694,-2259398107.6945176
6276,2455256.107797196,-5801620589.897928,3255274180.2420273,-2259414217.5271196
6277,2455256.3577933926,-5801435926.993664,3255807243.61079,-2259426661.752728
6278,2455256.607789817,-5801244685.242343,3256339676.089625,-2259438430.6397634
6279,2455256.8577859947,-5801054406.778422,3256881504.323265,-2259453867.531768
6280,2455257.107781741,-5800875999.297152,3257425762.647916,-2259469944.7031584
6281,2455257.3577775313,-5800701834.232402,3257962463.0241857,-2259482344.7668624
6282,2455257.607773547,-5800521076.950262,3258498635.6756797,-2259494132.512516
6283,2455257.8577693114,-5800341456.711872,3259044186.772709,-2259509598.9118404
6284,2455258.107764647,-5800173749.230459,3259591979.417697,-2259525642.2286615
6285,2455258.357760032,-5800010140.166152,3260132147.2723804,-2259537998.1445947
6286,2455258.607755641,-5799839928.655814,3260671890.4508095,-2259549805.062128
6287,2455258.8577509928,-5799671028.742955,3261220991.618173,-2259565300.3082285
6288,2455259.107745919,-5799514080.904142,3261772144.664596,-2259581309.051393
6289,2455259.357740901,-5799361087.265035,3262315607.792664,-2259593621.3011813
6290,2455259.6077361037,-5799201483.821884,3262858748.808253,-2259605448.1395564
6291,2455259.8577310443,-5799043366.977701,3263411223.9198174,-2259620971.988427
6292,2455260.107725562,-5798897238.740619,3263965559.9205594,-2259636945.854446
6293,2455260.357720142,-5798754919.984835,3264512142.400303,-2259649215.3158245
6294,2455260.6077149403,-5798605986.609691,3265058504.6505327,-2259661063.1779933
6295,2455260.857709471,-5798458714.901919,3265614173.5488024,-2259676615.712974
6296,2455261.1077035824,-5798323465.216263,3266171510.993929,-2259692554.7193093
6297,2455261.3576977616,-5798191879.522022,3266721032.80627,-2259704782.5674987
6298,2455261.6076921565,-5798053676.637252,3267270435.53839,-2259716652.809727
6299,2455261.8576862784,-5797917310.219177,3267829113.927947,-2259732234.340874
6300,2455262.107679985,-5797792995.843774,3268389267.2542334,-2259748138.72679
6301,2455262.3576737647,-5797672198.993989,3268941544.3927507,-2259760326.3376503
6302,2455262.607667758,-5797544784.399439,3269493802.900253,-2259772220.475979
6303,2455262.8576614736,-5797419380.541726,3270055302.6171684,-2259787831.450976
6304,2455263.1076547764,-5797306055.15496,3270618082.535965,-2259803701.5933795
6305,2455263.3576481594,-5797196099.725286,3271172927.3794823,-2259815850.4642377
6306,2455263.6076417523,-5797079527.86131,3271727853.4084644,-2259827770.1006417
6307,2455263.8576350627,-5796965140.28774,3272291982.8508053,-2259843411.0365977
6308,2455264.1076279646,-5796862853.892857,3272857196.7926435,-2259859247.3872747
6309,2455264.3576209517,-5796763788.721088,3273414418.555062,-2259871359.079209
6310,2455264.607614147,-5796658110.19583,3273971820.7532334,-2259883305.8488264
6311,2455264.8576070545,-5796554788.6636,3274538385.3245487,-2259898977.2844057
6312,2455265.107599557,-5796463587.217239,3275105837.871907,-2259914780.3264933
6313,2455265.357592151,-5796375457.073503,3275665243.019844,-2259926856.4245067
6314,2455265.6075849505,-5796280718.368179,3276224927.337318,-2259938831.959406
6315,2455265.857577457,-5796188508.403711,3276793729.82974,-2259954534.421986
6316,2455266.1075695627,-5796108433.577824,3277363223.0806036,-2259970304.6397753
6317,2455266.357561766,-5796031278.946803,3277924615.676396,-2259982346.7246714
6318,2455266.6075541717,-5795947522.2129965,3278486385.6891522,-2259994352.627711
6319,2455266.85754628,-5795866464.9208765,3279057226.588739,-2260010086.6090217
6320,2455267.1075379914,-5795797553.920283,3279628560.4443436,-2260025824.464764
6321,2455267.3575298064,-5795731410.8233795,3280191742.4168544,-2260037834.090553
6322,2455267.607521821,-5795658673.705856,3280755399.583013,-2260049871.9133663
6323,2455267.8575135334,-5795588805.590472,3281328077.314406,-2260065637.848057
6324,2455268.107504853,-5795531090.972079,3281901049.7137456,-2260081343.7605247
6325,2455268.3574962826,-5795475990.78148,3282465821.084161,-2260093322.432481
6326,2455268.607487908,-5795414306.224861,3283031164.96429,-2260105393.653226
6327,2455268.8574792277,-5795355658.989522,3283605476.108798,-2260121191.8964067
6328,2455269.107470159,-5795309168.453892,3284179883.246139,-2260136866.217663
6329,2455269.3574612057,-5795265137.675367,3284746042.346716,-2260148815.368002
6330,2455269.6074524457,-5795214533.697377,3285312870.8270206,-2260160921.366287
6331,2455269.857443375,-5795167134.009028,3285888610.3532643,-2260176752.1678705
6332,2455270.107433921,-5795131890.157926,3286464246.91787,-2260192395.1566386
6333,2455270.357424588,-5795098950.181246,3287031590.6421003,-2260204316.116659
6334,2455270.607415445,-5795059449.616202,3287599700.197628,-2260216458.144872
6335,2455270.857405988,-5795023318.844118,3288176661.740454,-2260232321.620465
6336,2455271.107396152,-5794999338.916733,3288753321.2120814,-2260247933.412254
6337,2455271.357386442,-5794977505.750258,3289321645.327359,-2260259827.38146
6338,2455271.60737692,-5794949125.982997,3289890831.353783,-2260272006.5334725
6339,2455271.8573670797,-5794924279.934839,3290468807.566815,-2260287902.6331396
6340,2455272.1073568645,-5794911575.548798,3291046282.588928,-2260303483.2087183
6341,2455272.357346782,-5794900859.566533,3291615382.130196,-2260315351.222862
6342,2455272.6073368844,-5794883612.286871,3292185439.3588824,-2260327568.4022946
6343,2455272.8573266636,-5794870060.973477,3292764222.3516045,-2260343496.879534
6344,2455273.1073160735,-5794868637.902625,3293342305.1894836,-2260359046.0343328
6345,2455273.357305622,-5794869043.636106,3293911974.9372625,-2260370888.935076
6346,2455273.607295352,-5794862934.645837,3294482697.9333277,-2260383144.8258624
6347,2455273.8572847554,-5794860682.105967,3295062079.7890506,-2260399105.209597
6348,2455274.1072737947,-5794870540.125171,3295640562.865956,-2260414622.526838
6349,2455274.3572629774,-5794882066.128729,3296210597.8991003,-2260426440.9357753
6350,2455274.6072523394,-5794887095.228025,3296781781.630517,-2260438735.9776645
6351,2455274.8572413707,-5794896139.43787,3297361554.9913135,-2260454727.5497775
6352,2455275.1072300426,-5794917272.257353,3297940231.4874015,-2260470212.379715
6353,2455275.3572188644,-5794939911.067399,3298510427.794333,-2260482006.6790166
6354,2455275.6072078617,-5794956072.039005,3299081868.255243,-2260494341.05011
6355,2455275.857196525,-5794976404.922949,3299661826.9571204,-2260510362.8303933
6356,2455276.107184835,-5795008800.227189,3300240491.4548907,-2260525814.277419
6357,2455276.3571732994,-5795042538.429102,3300810646.5879164,-2260537584.5987153
6358,2455276.607161937,-5795069819.133328,3301382141.462036,-2260549958.206552
6359,2455276.8571502366,-5795101426.688912,3301962081.2075443,-2260566008.9465566
6360,2455277.1071381876,-5795145066.293422,3302540530.372297,-2260581425.8655863
6361,2455277.3571263,-5795189884.710608,3303110444.134891,-2260593172.088604
6362,2455277.6071145814,-5795228267.307548,3303681793.49002,-2260605584.571491
6363,2455277.857102522,-5795271129.863624,3304261512.549987,-2260621662.7590847
6364,2455278.1070901197,-5795325990.011942,3304839545.837217,-2260637043.7633395
6365,2455278.357077884,-5795381864.043237,3305409020.9955373,-2260648765.5267615
6366,2455278.607065814,-5795431325.372704,3305980027.9988008,-2260661216.268161
6367,2455278.8570534005,-5795485418.015967,3306559327.9302654,-2260677320.1461415
6368,2455279.107040649,-5795551469.85688,3307136748.303123,-2260692663.630121
6369,2455279.35702807,-5795618370.007143,3307705591.2995057,-2260704360.3589826
6370,2455279.607015653,-5795678882.175675,3308276062.9242926,-2260716848.519924
6371,2455279.8570028893,-5795744175.398738,3308854749.267084,-2260732976.124132
6372,2455280.1069897935,-5795821385.699759,3309431363.876301,-2260748280.3077364
6373,2455280.356976876,-5795899278.361147,3309999385.4855385,-2260759951.263763
6374,2455280.606964117,-5795970809.5932045,3310569133.1377506,-2260772475.839962
6375,2455280.856951008,-5796047270.218894,3311147016.002981,-2260788625.0637608
6376,2455281.106937573,-5796135602.365553,3311722636.727186,-2260803888.0643206
6377,2455281.356924321,-5796224450.890834,3312289652.537626,-2260815532.425669
6378,2455281.606911225,-5796306966.674146,3312858492.46741,-2260828092.335352
6379,2455281.856897775,-5796394559.070864,3313435386.8687005,-2260844261.0256186
6380,2455282.1068840055,-5796493974.347687,3314009830.5518484,-2260859480.9616714
6381,2455282.3568704245,-5796593740.388682,3314575661.096214,-2260871097.9342413
6382,2455282.606856995,-5796687204.860339,3315143414.411273,-2260883692.1368375
6383,2455282.8568432094,-5796785892.365207,3315719140.1498885,-2260899878.219258
6384,2455283.1068291096,-5796896351.402477,3316292228.347315,-2260915053.3411293
6385,2455283.3568152036,-5797006996.363282,3316856698.700736,-2260926642.293339
6386,2455283.606801446,-5797111373.75067,3317423190.8110614,-2260939269.927524
6387,2455283.856787329,-5797221120.07933,3317997571.7645,-2260955471.5462675
6388,2455284.106772904,-5797342584.211226,3318569129.8740892,-2260970600.375024
6389,2455284.3567586774,-5797464070.531877,3319132068.630207,-2260982160.9740953
6390,2455284.606744596,-5797579326.33947,3319697128.076526,-2260994821.4900346
6391,2455284.856730152,-5797700096.655727,3320269990.8902264,-2261011037.1339374
6392,2455285.106715406,-5797832528.853416,3320839846.7206025,-2261026118.5787125
6393,2455285.3567008637,-5797964820.787582,3321401084.4532223,-2261037650.897002
6394,2455285.606686462,-5798090922.403539,3321964541.2835255,-2261050344.1506615
6395,2455285.8566716956,-5798222683.744223,3322535713.685891,-2261066572.7341576
6396,2455286.1066566333,-5798366048.851583,3323103695.7342296,-2261081606.157524
6397,2455286.356641779,-5798509112.508277,3323663063.263834,-2261093110.721039
6398,2455286.606627062,-5798646029.052392,3324224747.316055,-2261105837.0059752
6399,2455286.856611978,-5798788749.9875345,3324794056.443817,-2261122077.884267
6400,2455287.106596603,-5798943014.203213,3325359992.287948,-2261137063.100267
6401,2455287.3565814416,-5799096816.862783,3325917319.162977,-2261148540.8695707
6402,2455287.6065664133,-5799244518.352116,3326477058.656319,-2261161300.8821416
6403,2455287.856551015,-5799398168.020123,3327044329.773144,-2261177553.802418
6404,2455288.1065353323,-5799563297.823835,3327608044.929885,-2261192491.0147624
6405,2455288.356519868,-5799727806.77666,3328163158.433742,-2261203943.311265
6406,2455288.606504533,-5799886262.898677,3328720779.1307893,-2261216738.067151
6407,2455288.8564888253,-5800050809.737433,3329285834.9467864,-2261233003.0777273
6408,2455289.1064728396,-5800226770.601248,3329847152.3461633,-2261247892.7831345
6409,2455289.3564570765,-5800401951.858441,3330399877.120844,-2261259321.1880565
6410,2455289.6064414387,-5800571130.698964,3330955202.0940375,-2261272151.9188466
6411,2455289.856425426,-5800746541.208226,3331517862.6656947,-2261288429.265374
6412,2455290.106409142,-5800933296.407812,3332076602.671727,-2261303272.150702
6413,2455290.356393085,-5801119113.571512,3332626760.8462324,-2261314678.404097
6414,2455290.606377149,-5801298980.552321,3333179610.7014985,-2261327546.4595203
6415,2455290.856360836,-5801485218.306101,3333739693.7372046,-2261343836.491561
6416,2455291.1063442575,-5801682728.012406,3334295674.5205197,-2261358633.345211
6417,2455291.3563279114,-5801879141.4476595,3334843086.136883,-2261370019.2625785
6418,2455291.606311682,-5802069658.578276,3335393279.4816055,-2261382926.032862
6419,2455291.8562950734,-5802266683.556112,3335950600.8403234,-2261399229.1322966
6420,2455292.106278206,-5802474904.243767,3336503638.895892,-2261413980.7784934
6421,2455292.356261576,-5802681870.559099,3337048122.43604,-2261425348.19073
6422,2455292.6062450577,-5802882995.984295,3337595476.407859,-2261438295.0523396
6423,2455292.856228159,-5803090764.181499,3338149850.6232357,-2261454611.5847096
6424,2455293.1062110076,-5803309648.296445,3338699761.2827373,-2261469318.839758
6425,2455293.3561940975,-5803527120.061694,3339241134.163905,-2261480669.5539103
6426,2455293.606177296,-5803738807.823062,3339785464.906484,-2261493657.834742
6427,2455293.8561601113,-5803957271.051035,3340336705.640566,-2261509988.1184697
6428,2455294.1061426816,-5804186766.844039,3340883303.5010705,-2261524651.7631702
6429,2455294.3561254973,-5804414692.450197,3341421382.477932,-2261535987.5375576
6430,2455294.606108417,-5804636892.366501,3341962505.517147,-2261549018.494708
6431,2455294.856090952,-5804865998.149567,3342510425.9111705,-2261565362.781102
6432,2455295.106073249,-5805106049.585018,3343053525.160337,-2261579983.542183
6433,2455295.3560557957,-5805344373.159591,3343588126.625448,-2261591306.0687857
6434,2455295.606038442,-5805577030.744237,3344125857.14767,-2261604380.8719306
6435,2455295.8560207025,-5805816722.236644,3344670270.080604,-2261620739.329282
6436,2455296.1060027312,-5806067268.9063015,3345209684.7367344,-2261635317.8633947
6437,2455296.3559850142,-5806315930.219752,3345740624.9443,-2261646628.751413
6438,2455296.6059673927,-5806558986.577225,3346274778.007689,-2261659748.466141
6439,2455296.8559493837,-5806809202.448632,3346815496.2983055,-2261676121.1625977
6440,2455297.1059311503,-5807070179.444803,3347351040.4052835,-2261690658.0380683
6441,2455297.3559131753,-5807329113.769119,3347878135.6618567,-2261701958.7942986
6442,2455297.6058952915,-5807582505.437697,3348408526.3870726,-2261715124.3614492
6443,2455297.855877019,-5807843179.70073,3348945362.9883394,-2261731511.2432737
6444,2455298.105858529,-5808114517.428925,3349476850.816103,-2261746006.916668
6445,2455298.355840301,-5808383655.334604,3349999917.6900945,-2261757298.9202757
6446,2455298.6058221613,-5808647314.068102,3350526361.483131,-2261770511.1294003
6447,2455298.855803631,-5808918375.847028,3351059129.7219243,-2261786911.993227
6448,2455299.10578489,-5809199999.7834635,3351586376.025146,-2261801366.779942
6449,2455299.3557664156,-5809479266.886615,3352105231.627109,-2261812651.251373
6450,2455299.605748025,-5809753119.393025,3352627544.4848876,-2261825910.708684
6451,2455299.855729243,-5810034492.657777,3353156058.3956633,-2261842325.168739
6452,2455300.1057102573,-5810326323.081963,3353678878.776688,-2261856739.209117
6453,2455300.3556915424,-5810615639.777617,3354193341.153165,-2261868017.17528
6454,2455300.6056729066,-5810899607.456484,3354711340.090783,-2261881324.26874
6455,2455300.8556538788,-5811191210.768972,3355235414.877519,-2261897751.7222433
6456,2455301.1056346553,-5811493162.523248,3355753626.2826962,-2261912124.947034
6457,2455301.355615706,-5811792443.7610855,3356263514.9468822,-2261923397.20705
6458,2455301.6055968315,-5812086442.499374,3356777018.5632663,-2261936752.0733604
6459,2455301.8555775643,-5812388188.834883,3357296471.1995206,-2261953191.669313
6460,2455302.1055581085,-5812700171.17576,3357809892.55132,-2261967523.770053
6461,2455302.355538931,-5813009326.344358,3358315029.145192,-2261978790.8674293
6462,2455302.6055198247,-5813313266.437221,3358823858.31388,-2261992193.3669934
6463,2455302.855500324,-5813625063.146444,3359338508.2595983,-2262008643.9844837
6464,2455303.105480643,-5813946979.751547,3359846961.195262,-2262022934.3949957
6465,2455303.355461244,-5814265912.732097,3360347170.2462206,-2262034196.602423
6466,2455303.605441911,-5814579698.985672,3360851148.8870254,-2262047646.3082385
6467,2455303.855422185,-5814901447.949881,3361360818.87118,-2262064106.550024
6468,2455304.1054022843,-5815233197.127396,3361864128.530839,-2262078354.4444113
6469,2455304.35538267,-5815561806.557497,3362359238.2405796,-2262089611.766133
6470,2455304.605363118,-5815885338.607554,3362858194.105596,-2262103107.971198
6471,2455304.8553431714,-5816216936.613489,3363362710.904792,-2262119576.1764884
6472,2455305.1053230586,-5816558411.733363,3363860706.696963,-2262133780.4870048
6473,2455305.355303236,-5816896591.492763,3364350549.6892176,-2262145032.681584
6474,2455305.605283471,-5817229764.34378,3364844315.089542,-2262158574.42691
6475,2455305.855263311,-5817571103.6759405,3365343510.22964,-2262175048.7048807
6476,2455306.1052429928,-5817922193.813984,3365836026.502662,-2262189208.1605716
6477,2455306.355222968,-5818269833.717585,3366320440.4605193,-2262200454.784365
6478,2455306.605202996,-5818612538.482504,3366808852.8669887,-2262214040.9074974
6479,2455306.85518263,-5818963507.708624,3367302563.1839914,-2262230519.1908836
6480,2455307.105162113,-5819324098.4757395,3367789439.742678,-2262244632.3759303
6481,2455307.3551418926,-5819681085.143119,3368268267.8777466,-2262255872.845932
6482,2455307.6051217215,-5820033209.95062,3368751170.340679,-2262269502.0483336
6483,2455307.8551011556,-5820393694.865486,3369239238.34821,-2262285982.1653423
6484,2455308.105080446,-5820763669.38562,3369720320.764824,-2262300047.5950885
6485,2455308.3550600368,-5821129887.24933,3370193412.068419,-2262311281.2688947
6486,2455308.6050396725,-5821491318.279508,3370670653.407097,-2262324952.199938
6487,2455308.8550189133,-5821861202.9661665,3371152927.420973,-2262341431.9619803
6488,2455309.104998018,-5822240442.959771,3371628067.0902867,-2262355448.173954
6489,2455309.3549774266,-5822615775.366025,3372095276.315397,-2262366674.4439235
6490,2455309.6049568756,-5822986397.96405,3372566711.0245223,-2262380385.798184
6491,2455309.8549359296,-5823365565.916728,3373043044.990278,-2262396863.0997863
6492,2455310.1049148557,-5823753952.827464,3373512098.873577,-2262410828.755466
6493,2455310.3548940876,-5824138283.159245,3373973286.192028,-2262422047.152113
6494,2455310.6048733564,-5824517982.947838,3374438774.0102444,-2262435797.774192
6495,2455310.85485223,-5824906318.167135,3374909026.98076,-2262452270.6984076
6496,2455311.1048309836,-5825303734.231213,3375371856.98992,-2262466184.688069
6497,2455311.354810046,-5825696946.941314,3375826887.281909,-2262477394.9837403
6498,2455311.60478914,-5826085610.807437,3376286292.388127,-2262491183.970486
6499,2455311.85476784,-5826482998.731375,3376750327.6284633,-2262507650.8884535
6500,2455312.104746427,-5826889327.842154,3377206799.6412,-2262521512.4264235
6501,2455312.354725326,-5827291309.239237,3377655541.4254274,-2262532714.725429
6502,2455312.604704252,-5827688826.030816,3378108731.290969,-2262546541.5105257
6503,2455312.8546827836,-5828095154.132974,3378566415.060484,-2262563001.1593056
6504,2455313.1046612104,-5828510282.330975,3379016397.6411448,-2262576809.8532505
6505,2455313.3546399516,-5828920920.951735,3379458721.7454305,-2262588004.6516814
6506,2455313.6046187156,-5829327181.724785,3379905565.768106,-2262601869.0558915
6507,2455313.8545970856,-5829742339.632078,3380356765.9320855,-2262618320.5782995
6508,2455314.1045753583,-5830166155.089866,3380800128.934995,-2262632076.4572234
6509,2455314.3545539477,-5830585341.5484915,3381235907.107042,-2262643264.6585965
6510,2455314.604532555,-5831000239.282008,3381676275.246355,-2262657166.893505
6511,2455314.8545107692,-5831424118.359385,3382120859.951611,-2262673609.830005
6512,2455315.104488894,-5831856510.84161,3382557473.251629,-2262687313.323704
6513,2455315.3544673375,-5832284137.171867,3382986576.9593377,-2262698496.2061725
6514,2455315.6044457946,-5832707566.001888,3383420338.6208305,-2262712436.830354
6515,2455315.8544238587,-5833140058.491181,3383858175.2757397,-2262728871.065163
6516,2455316.104401841,-5833580918.411557,3384287907.852821,-2262742522.940615
6517,2455316.3543801447,-5834016877.055087,3384710207.4810743,-2262753702.084452
6518,2455316.604358457,-5834448731.209392,3385137230.8318777,-2262767681.923769
6519,2455316.8543363772,-5834889729.127231,3385568185.543687,-2262784107.5994663
6520,2455317.104314223,-5835338946.425097,3385990905.04157,-2262797708.870689
6521,2455317.3542923927,-5835783129.100545,3386406269.57091,-2262808886.0644903
6522,2455317.6042705663,-5836223301.774661,3386826421.335931,-2262822906.116284
6523,2455317.8542483486,-5836672695.809648,3387250358.8189325,-2262839323.5374784
6524,2455318.104226064,-5837130158.880246,3387665931.5571375,-2262852875.369547
6525,2455318.3542041057,-5837582455.555826,3388074228.6712985,-2262864052.5155687
6526,2455318.6041821465,-5838030837.936654,3388487374.328078,-2262878113.856545
6527,2455318.854159797,-5838488516.532268,3388904158.1756425,-2262894523.401228
6528,2455319.1041373885,-5838954111.374194,3389312449.4870114,-2262908027.0255294
6529,2455319.354115308,-5839414409.4822,3389713545.965467,-2262919206.059376
6530,2455319.604093222,-5839870890.031718,3390119550.182417,-2262933309.7704287
6531,2455319.854070747,-5840336738.7411,3390529043.3406763,-2262949711.820151
6532,2455320.1040482204,-5840810348.381319,3390929918.0696907,-2262963168.4698157
6533,2455320.354026024,-5841278532.310342,3391323680.3017783,-2262974351.3012624
6534,2455320.604003818,-5841742996.322448,3391722407.4610667,-2262988498.413901
6535,2455320.8539812234,-5842216897.427286,3392124472.753098,-2263004893.305564
6536,2455321.1039585858,-5842698401.597713,3392517795.773871,-2263018304.172072
6537,2455321.3539362797,-5843174352.42105,3392904090.2650795,-2263029492.6463194
6538,2455321.603913959,-5843646681.79669,3393295404.9536963,-2263043684.108579
6539,2455321.8538912516,-5844128514.124998,3393689905.5515857,-2263060072.104488
6540,2455322.1038685087,-5844617789.117344,3394075542.216867,-2263073438.3110967
6541,2455322.3538460997,-5845101384.478279,3394454236.0127807,-2263084634.1852818
6542,2455322.603823671,-5845581457.636059,3394838003.42113,-2263098870.8413157
6543,2455322.8538008574,-5846071096.494019,3395224803.218366,-2263115252.111247
6544,2455323.103778016,-5846568015.107693,3395602619.704564,-2263128574.696653
6545,2455323.35375551,-5847059129.177586,3395973580.709137,-2263139779.62491
6546,2455323.60373298,-5847546821.017747,3396349666.9245825,-2263154062.201446
6547,2455323.8537100665,-5848044138.156566,3396728630.806145,-2263170436.809939
6548,2455324.103687133,-5848548569.664399,3397098494.360769,-2263183716.7156076
6549,2455324.353664537,-5849047073.102623,3397461591.563371,-2263194932.2362046
6550,2455324.6036419123,-5849542254.958205,3397829863.780436,-2263209261.3296633
6551,2455324.853618906,-5850047118.514856,3398200857.8188453,-2263225629.222645
6552,2455325.103595887,-5850558928.590789,3398562636.9443746,-2263238867.278182
6553,2455325.353573207,-5851064688.456188,3398917740.594961,-2263250094.7975793
6554,2455325.603550494,-5851567227.986823,3399278067.2862725,-2263264470.857063
6555,2455325.853527401,-5852079502.360037,3399640958.9117675,-2263280831.8434215
6556,2455326.103504304,-5852598552.936214,3399994523.537863,-2263294028.746064
6557,2455326.353481547,-5853111432.523714,3400341505.325325,-2263305269.5164013
6558,2455326.603458753,-5853621193.532086,3400693756.431235,-2263319692.8196416
6559,2455326.8534355806,-5854140739.180379,3401048414.636482,-2263336046.5453763
6560,2455327.1034124116,-5854666888.227389,3401393636.342858,-2263349202.831813
6561,2455327.3533895845,-5855186746.830832,3401732369.6404653,-2263360457.9206576
6562,2455327.6033667154,-5855703589.010509,3402076416.842039,-2263374928.542319
6563,2455327.853343471,-5856230262.18866,3402422712.486332,-2263391274.4573636
6564,2455328.1033202372,-5856763363.443614,3402759464.8409567,-2263404390.468749
6565,2455328.3532973467,-5857290056.078094,3403089825.0821695,-2263415660.722693
6566,2455328.60327441,-5857813834.734618,3403425542.218659,-2263430178.497442
6567,2455328.8532511,-5858347487.219521,3403763348.489562,-2263446515.8184614
6568,2455329.103227809,-5858887389.921741,3404091507.5555816,-2263459591.6627584
6569,2455329.353204862,-5859420767.073823,3404413372.788087,-2263470877.669942
6570,2455329.6031818646,-5859951332.896035,3404740636.459912,-2263485442.156277
6571,2455329.8531584963,-5860491811.786821,3405069829.5248985,-2263501769.832263
6572,2455330.103135155,-5861038360.513303,3405389274.559265,-2263514805.351649
6573,2455330.353112159,-5861578268.017706,3405702526.1890936,-2263526107.4116726
6574,2455330.603089108,-5862115467.0028515,3406021216.5456786,-2263540717.865616
6575,2455330.853065688,-5862662614.702376,3406341676.379752,-2263557034.5560284
6576,2455331.103042304,-5863215649.411937,3406652290.6948295,-2263570029.309567
6577,2455331.3530192655,-5863761928.563267,3406956814.37651,-2263581347.421336
6578,2455331.602996168,-5864305602.202057,3407266816.0292525,-2263596002.7906322
6579,2455331.852972705,-5864859256.681075,3407578427.342753,-2263612306.866568
6580,2455332.1029492845,-5865418613.06114,3407880099.239604,-2263625260.1383224
6581,2455332.352926211,-5865971101.044844,3408175785.8061795,-2263636594.0154614
6582,2455332.6029030746,-5866521086.838382,3408476988.74665,-2263651292.9631023
6583,2455332.8528795745,-5867081082.239835,3408779641.8814044,-2263667582.5392356
6584,2455333.102856125,-5867646592.396664,3409072265.51281,-2263680493.3783274
6585,2455333.352833024,-5868205123.061689,3409359011.7962036,-2263691842.4972653
6586,2455333.6028098557,-5868761255.373155,3409651312.1653113,-2263706583.457812
6587,2455333.8527863263,-5869327422.939044,3409944903.803057,-2263722856.456785
6588,2455334.1027628556,-5869898916.393272,3410228379.8116465,-2263735723.749177
6589,2455334.352739734,-5870463321.307929,3410506089.203378,-2263747087.4277935
6590,2455334.60271654,-5871025432.471094,3410789389.7692137,-2263761868.692572
6591,2455334.8526929887,-5871597601.695901,3411073823.3206816,-2263778122.9360538
6592,2455335.102669504,-5872174906.571198,3411348059.13392,-2263790945.5005283
6593,2455335.3526463686,-5872745016.236275,3411616641.783366,-2263802322.998328
6594,2455335.6026231567,-5873312937.783674,3411890852.0421124,-2263817142.8191414
6595,2455335.85259959,-5873890937.649052,3412166037.6496305,-2263833376.1340814
6596,2455336.102576098,-5874473881.903327,3412430947.383547,-2263846152.83004
6597,2455336.352552956,-5875049526.969645,3412690320.0048437,-2263857543.456871
6598,2455336.6025297325,-5875623090.82838,3412955355.8945036,-2263872400.1549625
6599,2455336.852506158,-5876206750.970213,3413221210.05549,-2263888610.4817705
6600,2455337.102482666,-5876795163.526125,3413476714.0508986,-2263901340.315659
6601,2455337.3524595234,-5877376175.880804,3413726799.3768606,-2263912743.5360565
6602,2455337.6024362957,-5877955215.409134,3413982582.6548276,-2263927635.604021
6603,2455337.8524127197,-5878544367.100248,3414239027.527885,-2263943821.0950155
6604,2455338.102389233,-5879138078.768905,3414485051.5894113,-2263956503.314508
6605,2455338.3523660973,-5879724292.3949995,3414725777.5493093,-2263967918.8375797
6606,2455338.602342872,-5880308643.174908,3414972234.9154377,-2263982845.0248885
6607,2455338.852319301,-5880903120.048562,3415219197.393858,-2263999004.124623
6608,2455339.1022958276,-5881501964.1808195,3415455671.8184314,-2264011638.292944
6609,2455339.3522727042,-5882093215.733048,3415686970.527297,-2264023066.140831
6610,2455339.602249487,-5882682716.068861,3415924032.580346,-2264038025.516637
6611,2455339.8522259276,-5883282354.5395155,3416161443.220821,-2264054157.0183315
6612,2455340.102202473,-5883886167.366767,3416388301.703299,-2264066743.0634737
6613,2455340.352179369,-5884482296.429952,3416610108.350497,-2264078183.613544
6614,2455340.6021561665,-5885076787.523867,3416837708.4662604,-2264093175.6022573
6615,2455340.8521326254,-5885681426.879948,3417065500.3621497,-2264109278.676166
6616,2455341.102109196,-5886290047.5231495,3417282678.869083,-2264121816.911246
6617,2455341.352086117,-5886890896.536393,3417494930.599287,-2264133270.9085846
6618,2455341.602062935,-5887490222.328549,3417713003.8262305,-2264148295.2950583
6619,2455341.8520394177,-5888099704.49038,3417931111.5242505,-2264164369.4860864
6620,2455342.10201602,-5888712974.636907,3418138547.237643,-2264176860.5986705
6621,2455342.3519929717,-5889318388.49044,3418341182.1290584,-2264188329.137347
6622,2455342.6019698163,-5889922395.179161,3418549664.2088184,-2264203386.04088
6623,2455342.851946329,-5890536564.14733,3418758022.778122,-2264219431.235382
6624,2455343.101922969,-5891154327.431455,3418955653.218762,-2264231876.24673
6625,2455343.3518999573,-5891764152.783451,3419148609.467374,-2264243360.721879
6626,2455343.601876835,-5892372688.084915,3419347436.0864496,-2264258450.5421515
6627,2455343.8518533837,-5892991389.150589,3419545980.442259,-2264274466.9081736
6628,2455344.1018300666,-5893613490.321274,3419733742.868599,-2264286867.1078277
6629,2455344.351807098,-5894227574.729936,3419916958.2662697,-2264298369.145263
6630,2455344.6017840137,-5894840486.98338,3420106064.6167126,-2264313492.4880996
6631,2455344.851760605,-5895463565.816224,3420294729.164367,-2264329480.3980327
6632,2455345.101737337,-5896089849.815766,3420472560.2993135,-2264341837.2637086
6633,2455345.3517144173,-5896708040.816214,3420645972.043269,-2264353358.637846
6634,2455345.6016913773,-5897325178.068101,3420825292.7140613,-2264368516.232322
6635,2455345.8516680165,-5897952479.81667,3421004011.318808,-2264384476.1798687
6636,2455346.1016448042,-5898582790.904159,3421171847.393306,-2264396791.294764
6637,2455346.3516219384,-5899204935.160875,3421335392.1995683,-2264408333.84705
6638,2455346.601598949,-5899826144.352936,3421504861.355533,-2264423526.4658947
6639,2455346.8515756424,-5900457512.874538,3421673567.5805144,-2264439458.9889827
6640,2455347.1015524915,-5901091693.901415,3421831344.623264,-2264451733.967489
6641,2455347.3515296862,-5901717636.531915,3421984959.0619445,-2264463299.535442
6642,2455347.6015067534,-5902342762.875972,3422144510.8188014,-2264478527.9280396
6643,2455347.8514835066,-5902978040.16531,3422303138.3324122,-2264494433.545898
6644,2455348.1014604233,-5903615932.057895,3422450792.601673,-2264506669.9746757
6645,2455348.3514376846,-5904245516.167924,3422594413.547193,-2264518260.337336
6646,2455348.6014148137,-5904874402.73351,3422743982.4348826,-2264533525.179835
6647,2455348.851391634,-5905513428.562033,3422892465.4806376,-2264549404.3474255
6648,2455349.101368624,-5906154870.00962,3423029933.934231,-2264561603.743856
6649,2455349.3513459577,-5906787936.426274,3423163499.031161,-2264573220.5844297
6650,2455349.6013231557,-5907420423.916221,3423303020.4519873,-2264588522.4465985
6651,2455349.851300048,-5908063035.647457,3423441294.2945437,-2264604375.5251226
6652,2455350.101277118,-5908707862.952822,3423568515.0196667,-2264616539.3109155
6653,2455350.3512545303,-5909344250.105214,3423691963.0942845,-2264628184.193501
6654,2455350.6012318027,-5909980176.762938,3423821373.7150946,-2264643523.518568
6655,2455350.8512087744,-5910626209.283107,3423949375.0109615,-2264659350.757688
6656,2455351.10118593,-5911274256.311455,3424066287.5716085,-2264671480.242797
6657,2455351.3511634273,-5911913800.192848,3424179558.9562674,-2264683154.598043
6658,2455351.601140781,-5912553001.774339,3424298797.010711,-2264698531.6900268
6659,2455351.8511178372,-5913202287.471119,3424416464.088356,-2264714333.21614
6660,2455352.1010950855,-5913853385.631175,3424523009.7834096,-2264726429.587288
6661,2455352.3510726737,-5914495919.777909,3424626046.5546093,-2264738134.701183
6662,2455352.6010501143,-5915138229.52582,3424735052.0638323,-2264753549.7139935
6663,2455352.8510272624,-5915790598.255489,3424842325.128538,-2264769325.518943
6664,2455353.101004609,-5916444576.456146,3424938447.182406,-2264781389.827277
6665,2455353.3509822944,-5917089931.89038,3425031193.3405905,-2264793126.8278403
6666,2455353.600959828,-5917735180.461363,3425129908.2861094,-2264808579.751134
6667,2455353.8509370745,-5918390459.459753,3425226729.588654,-2264824329.6766186
6668,2455354.1009145263,-5919047144.002472,3425312373.31858,-2264836362.820081
6669,2455354.350892315,-5919695149.104023,3425394774.958551,-2264848132.657911
6670,2455354.6008699485,-5920343164.420073,3425483143.4606,-2264863623.2960668
6671,2455354.850847299,-5921001178.134067,3425569457.4872007,-2264879347.0105534
6672,2455355.1008248623,-5921660392.524084,3425644570.5084534,-2264891349.708273
6673,2455355.350802761,-5922310872.821284,3425716576.044985,-2264903153.1287994
6674,2455355.6007805006,-5922961479.842368,3425794544.6140027,-2264918681.071474
6675,2455355.850757962,-5923622049.687262,3425870298.367741,-2264934378.0387874
6676,2455356.1007356425,-5924283614.37761,3425934830.9087954,-2264946350.797406
6677,2455356.3507136577,-5924936392.280484,3425996391.430773,-2264958188.305529
6678,2455356.60069151,-5925589412.7317705,3426063909.3656883,-2264973752.891405
6679,2455356.850669089,-5926252356.818378,3426129052.812273,-2264989422.3335524
6680,2455357.1006468935,-5926916088.941808,3426182958.210963,-2265001365.4090734
6681,2455357.350625031,-5927570983.484391,3426234028.031714,-2265013237.23096
6682,2455357.600603002,-5928226235.6170025,3426291048.027522,-2265028837.510541
6683,2455357.8505807053,-5928891368.539576,3426345534.7610145,-2265044478.3718743
6684,2455358.100558641,-5929557081.731437,3426388770.188256,-2265056391.7354674
6685,2455358.3505369076,-5930213908.437909,3426429307.6273994,-2265068297.787106
6686,2455358.6005150042,-5930871206.948517,3426475786.613972,-2265083932.495454
6687,2455358.850492838,-5931538339.768386,3426519574.7485023,-2265099543.4202304
6688,2455359.100470911,-5932205844.223199,3426552102.147358,-2265111426.7411013
6689,2455359.3504493125,-5932864415.245908,3426582070.511491,-2265123366.617665
6690,2455359.6004275414,-5933523571.505944,3426617970.668524,-2265139034.171707
6691,2455359.8504055124,-5934192512.0808525,3426651023.876915,-2265154613.510114
6692,2455360.100383729,-5934861614.987941,3426672811.0127983,-2265166466.1705737
6693,2455360.350362273,-5935521739.654016,3426692179.645317,-2265178439.1714463
6694,2455360.6003406406,-5936182562.371855,3426717469.438411,-2265194137.705965
6695,2455360.850318755,-5936853116.136343,3426739757.958651,-2265209683.561438
6696,2455361.1002971223,-5937523622.577193,3426750779.3797026,-2265221504.7155027
6697,2455361.3502758145,-5938185108.399264,3426759524.559876,-2265233509.9142056
6698,2455361.600254327,-5938847404.739751,3426774179.5631766,-2265249237.3632336
6699,2455361.850232592,-5939519375.92651,3426785680.92837,-2265264747.684871
6700,2455362.1002111156,-5940191090.186844,3426785918.587573,-2265276536.360801
6701,2455362.3501899624,-5940853744.252421,3426784024.0328717,-2265288572.716903
6702,2455362.600168626,-5941517321.28996,3426788027.3013926,-2265304326.934008
6703,2455362.8501470475,-5942190514.431137,3426788726.5723815,-2265319799.6437955
6704,2455363.100125734,-5942863241.532003,3426778169.9133916,-2265331554.8767595
6705,2455363.3501047418,-5943526872.045284,3426765626.715836,-2265343621.372545
6706,2455363.6000835625,-5944191538.298525,3426758968.572481,-2265359400.269889
6707,2455363.850062147,-5944865759.735628,3426748857.976782,-2265374833.402159
6708,2455364.1000410025,-5945539306.899825,3426727503.428757,-2265386554.37237
6709,2455364.3500201763,-5946203724.587161,3426704309.4138827,-2265398650.14841
6710,2455364.5999991605,-5946869291.349306,3426686986.6829357,-2265414451.8281856
6711,2455364.8499779133,-5947544350.475761,3426666064.733506,-2265429843.6550384
6712,2455365.0999569437,-5948218528.270506,3426633914.7274776,-2265441529.805857
6713,2455365.3499362897,-5948883547.413591,3426600073.383173,-2265453654.271247
6714,2455365.5999154425,-5949549829.670353,3426572088.247161,-2265469477.1272807
6715,2455365.84989437,-5950225539.730626,3426540358.5416427,-2265484826.250244
6716,2455366.09987358,-5950900162.7449465,3426497420.26633,-2265496477.3692656
6717,2455366.349853104,-5951565601.735677,3426452939.4703283,-2265508630.272527
6718,2455366.5998324314,-5952232418.600407,3426414298.1835003,-2265524473.051106
6719,2455366.849811538,-5952908597.009546,3426371768.1155305,-2265539778.451287
6720,2455367.099790934,-5953583484.061926,3426318052.237288,-2265551394.709718
6721,2455367.3497706405,-5954249165.5033865,3426262942.996648,-2265563576.16841
6722,2455367.5997501477,-5954916340.218907,3426213654.653197,-2265579437.988911
6723,2455367.8497294392,-5955592808.472843,3426160334.2160587,-2265594699.0384727
6724,2455368.0997090265,-5956267782.4365,3426095853.7235303,-2265606280.9936037
6725,2455368.3496889207,-5956933532.889873,3426030129.0658345,-2265618491.48892
6726,2455368.5996686122,-5957600892.505089,3425970204.5420585,-2265634371.8316026
6727,2455368.8496480943,-5958277475.794834,3425906105.3239,-2265649588.2748322
6728,2455369.099627877,-5958952363.155295,3425830874.577619,-2265661136.844389
6729,2455369.349607964,-5959618012.646249,3425754548.6569724,-2265673377.189799
6730,2455369.599587845,-5960285387.478101,3425683999.7750616,-2265689275.8597836
6731,2455369.8495675223,-5960961914.113374,3425609134.1799283,-2265704447.7724857
6732,2455370.099547506,-5961636544.357761,3425523168.189973,-2265715964.189363
6733,2455370.3495277907,-5962301925.73522,3425436255.6219783,-2265728235.481459
6734,2455370.5995078664,-5962969148.702089,3425355094.5424085,-2265744152.5565443
6735,2455370.849487744,-5963645449.423845,3425269475.238718,-2265759280.2908635
6736,2455371.0994679327,-5964319654.335233,3425172789.1682487,-2265770766.044873
6737,2455371.3494484196,-5964984602.550352,3425075304.5889397,-2265783069.6026163
6738,2455371.5994286947,-5965651508.439793,3424983543.424872,-2265799005.370726
6739,2455371.849408777,-5966327415.680712,3424887183.013785,-2265814089.490901
6740,2455372.0993891764,-5967001028.593568,3424779791.90021,-2265825546.262755
6741,2455372.3493698705,-5967665379.952611,3424671749.740332,-2265837883.5601726
6742,2455372.5993503495,-5968331804.67586,3424569400.3847914,-2265853838.4514065
6743,2455372.849330642,-5969007151.820226,3424462311.2784715,-2265868879.6652827
6744,2455373.0993112563,-5969680006.887983,3424344229.961147,-2265880309.257608
6745,2455373.349292162,-5970343598.3300905,3424225644.4229584,-2265892681.854815
6746,2455373.59927285,-5971009378.214182,3424112718.5739207,-2265908656.373029
6747,2455373.849253357,-5971683998.908163,3423994913.0661297,-2265923655.46431
6748,2455374.0992341912,-5972355930.433563,3423866156.299811,-2265935059.7346706
6749,2455374.3492153133,-5973018598.883487,3423737041.5122046,-2265947469.2122393
6750,2455374.599196215,-5973683570.05011,3423613550.86734,-2265963463.8712053
6751,2455374.8491769414,-5974357297.609757,3423485041.363944,-2265978421.6373787
6752,2455375.099158,-5975028139.483193,3423345624.0814786,-2265989802.4381456
6753,2455375.3491393435,-5975689721.321294,3423205994.3925247,-2266002250.339431
6754,2455375.599120464,-5976353719.191002,3423071950.9687138,-2266018265.6079063
6755,2455375.8491014144,-5977026386.142424,3422932750.329639,-2266033182.8079634
6756,2455376.099082703,-5977695971.417875,3422782688.0020814,-2266044541.9367023
6757,2455376.349064272,-5978356302.091632,3422632558.354523,-2266057029.7213435
6758,2455376.5990456156,-5979019161.031922,3422487974.875618,-2266073065.9798784
6759,2455376.8490267955,-5979690598.79609,3422338096.8103266,-2266087943.2940583
6760,2455377.099008318,-5980358759.410826,3422177405.8460093,-2266099282.456124
6761,2455377.3489901177,-5981017673.1877,3422016792.1775293,-2266111811.465863
6762,2455377.598971689,-5981679226.298572,3421861682.4732313,-2266127868.975866
6763,2455377.848953103,-5982349265.008223,3421701141.9342866,-2266142706.977398
6764,2455378.0989348646,-5983015831.627845,3421529840.0639787,-2266154027.7601066
6765,2455378.3489169,-5983673161.465616,3421358759.682594,-2266166599.195728
6766,2455378.5988987046,-5984333240.473621,3421193139.0525165,-2266182678.0790358
6767,2455378.8488803576,-5985001708.888789,3421021952.585816,-2266197477.2156587
6768,2455379.098862363,-5985666510.840307,3420840059.1973176,-2266208781.071422
6769,2455379.348844638,-5986322088.334174,3420658531.100283,-2266221395.9776797
6770,2455379.5988266803,-5986980523.551541,3420482416.6171913,-2266237496.2032156
6771,2455379.8488085773,-5987647249.028128,3420300602.6484137,-2266252256.784784
6772,2455380.0987908314,-5988310114.273955,3420108139.055939,-2266263545.0191956
6773,2455380.3487733514,-5988963769.632443,3419916184.1835527,-2266276204.2736464
6774,2455380.5987556367,-5989620389.933039,3419729594.93294,-2266292325.646844
6775,2455380.8487377823,-5990285198.396558,3419537173.9932837,-2266307047.834566
6776,2455381.09872029,-5990945953.502284,3419334163.6504984,-2266318321.595023
6777,2455381.34870306,-5991597515.506127,3419131805.089343,-2266331025.896301
6778,2455381.5986855924,-5992252148.274301,3418934762.365626,-2266347168.0469794
6779,2455381.8486679923,-5992914864.157092,3418731757.282552,-2266361851.8400955
6780,2455382.098650758,-5993573334.214243,3418518225.970394,-2266373112.1008973
6781,2455382.3486337825,-5994222630.122813,3418305489.142424,-2266385861.952573
6782,2455382.598616568,-5994875101.143439,3418098016.643134,-2266402024.317572
6783,2455382.848599226,-5995535547.258065,3417884452.7425475,-2266416669.534111
6784,2455383.098582255,-5996191555.739492,3417660428.783026,-2266427917.075032
6785,2455383.3485655393,-5996838411.1279335,3417437341.6761103,-2266440712.762459
6786,2455383.5985485814,-5997488544.407042,3417219465.7540755,-2266456894.5609546
6787,2455383.8485315037,-5998146541.752169,3416995371.137824,-2266471500.8110557
6788,2455384.098514801,-5998799910.304119,3416760885.7011414,-2266482736.1885
6789,2455384.348498349,-5999444148.843741,3416527479.211494,-2266495577.74845
6790,2455384.5984816537,-6000091766.38172,3416299229.257678,-2266511777.9506016
6791,2455384.8484648447,-6000747133.912815,3416064635.230463,-2266526344.603908
6792,2455385.098448415,-6001397682.127112,3415819722.809993,-2266537568.117166
6793,2455385.348432232,-6002039125.364651,3415576031.2701645,-2266550455.30397
6794,2455385.5984158036,-6002684046.950582,3415337440.298449,-2266566672.5977216
6795,2455385.8483992685,-6003336601.397561,3415092382.011212,-2266581198.7510653
6796,2455386.0983831165,-6003984146.660239,3414837081.127061,-2266592410.411304
6797,2455386.3483672077,-6004622613.906619,3414583143.071449,-2266605342.668432
6798,2455386.5983510516,-6005264657.058545,3414334248.545986,-2266621575.4350348
6799,2455386.848334795,-6005914212.9289465,3414078765.8821335,-2266636059.8924437
6800,2455387.0983189256,-6006558570.496551,3413813120.022225,-2266647259.4079666
6801,2455387.348303295,-6007193878.987344,3413548979.1785192,-2266660235.8600607
6802,2455387.598287416,-6007832859.209366,3413289824.0482526,-2266676482.174375
6803,2455387.848271443,-6008479229.153331,3413023962.6904273,-2266690923.456515
6804,2455388.0982558616,-6009120212.634617,3412748021.3973284,-2266702110.2521105
6805,2455388.3482405148,-6009752178.136772,3412473727.7804403,-2266715129.735591
6806,2455388.5982249174,-6010387909.658855,3412204361.5641947,-2266731387.4091454
6807,2455388.8482092326,-6011030905.34696,3411928174.0513835,-2266745783.809364
6808,2455389.0981939435,-6011668327.719627,3411641993.9317217,-2266756957.0956783
6809,2455389.3481788845,-6012296765.685759,3411357604.7860003,-2266770018.241862
6810,2455389.598163574,-6012929062.752219,3411078084.426639,-2266786284.919896
6811,2455389.8481481825,-6013568496.290493,3410791630.8980103,-2266800634.6147428
6812,2455390.09813319,-6014202171.429906,3410495276.235264,-2266811793.5114875
6813,2455390.3481184235,-6014826898.6250515,3410200856.4985604,-2266824894.881578
6814,2455390.598103404,-6015455577.201726,3409911246.661903,-2266841168.1884212
6815,2455390.84808831,-6016091262.897708,3409614594.9756227,-2266855469.391541
6816,2455391.098073619,-6016721007.376402,3409308137.658183,-2266866613.0879903
6817,2455391.3480591495,-6017341843.684459,3409003759.694003,-2266879753.3381395
6818,2455391.598044425,-6017966723.245985,3408704132.303634,-2266896031.0442357
6819,2455391.8480296326,-6018598479.349607,3408397357.3758726,-2266910282.172498
6820,2455392.0980152474,-6019224114.103743,3408080876.047236,-2266921410.0903635
6821,2455392.3480010782,-6019840884.09408,3407766618.618923,-2266934588.1292157
6822,2455392.597986653,-6020461789.068813,3407457051.6703205,-2266950868.3007116
6823,2455392.8479721667,-6021089439.075925,3407140234.147577,-2266965068.113127
6824,2455393.0979580902,-6021710790.550089,3406813812.758541,-2266976180.0331755
6825,2455393.3479442257,-6022323324.451136,3406489759.486202,-2266989395.1352715
6826,2455393.5979301035,-6022940085.016677,3406170335.433927,-2267005676.2328305
6827,2455393.8479159265,-6023563458.283015,3405843560.035072,-2267019823.9132395
6828,2455394.097902163,-6024180358.861889,3405507286.1653185,-2267030920.0414762
6829,2455394.3478886057,-6024788492.814505,3405173523.8517675,-2267044171.8976836
6830,2455394.5978747904,-6025400944.981578,3404844327.962068,-2267060452.8114576
6831,2455394.8478609263,-6026019876.647944,3404507681.876395,-2267074547.9877663
6832,2455395.097847479,-6026632164.434461,3404161645.194931,-2267085628.9597507
6833,2455395.3478342327,-6027235740.137449,3403818262.363621,-2267098917.668502
6834,2455395.597820727,-6027843725.279618,3403479381.3411827,-2267115197.6976137
6835,2455395.8478071797,-6028458055.7021265,3403132952.9513974,-2267129240.410127
6836,2455396.097794051,-6029065573.863368,3402777244.04113,-2267140307.2492747
6837,2455396.3477811194,-6029664437.850603,3402424329.8661003,-2267153633.266903
6838,2455396.5977679263,-6030267801.928639,3402075850.8901243,-2267169912.0634584
6839,2455396.8477546982,-6030877375.864526,3401719728.912216,-2267183902.703215
6840,2455397.0977418916,-6031479971.790432,3401354438.5104594,-2267194956.754373
6841,2455397.3477292773,-6032073974.573415,3400992082.154123,-2267208320.82555
6842,2455397.5977164004,-6032672567.272567,3400634092.3081884,-2267224598.32321
6843,2455397.8477034946,-6033277233.020557,3400268365.306367,-2267238537.559095
6844,2455398.0976910135,-6033874757.473112,3399893583.8983254,-2267249580.4146385
6845,2455398.3476787186,-6034463752.704185,3399521874.1780343,-2267262983.498494
6846,2455398.5976661607,-6035057426.616812,3399154460.183351,-2267279259.839393
6847,2455398.847653581,-6035657035.222558,3398779216.3625317,-2267293148.5458846
6848,2455399.097641427,-6036249341.564942,3398395034.0269837,-2267304181.9743614
6849,2455399.3476294554,-6036833185.291441,3398014059.3094997,-2267317625.1745987
6850,2455399.597617219,-6037421795.1980505,3397637307.463108,-2267333900.641296
6851,2455399.847604967,-6038016199.762281,3397252634.645177,-2267347739.8320236
6852,2455400.0975931445,-6038603143.292872,3396859141.0646734,-2267358765.7132354
6853,2455400.347581498,-6039181693.316274,3396468989.307849,-2267372250.215054
6854,2455400.5975695862,-6039765095.570224,3396082985.552895,-2267388525.169398
6855,2455400.847557666,-6040354150.658473,3395688971.2718415,-2267402315.937682
6856,2455401.0975461765,-6040935588.043575,3395286255.8503385,-2267413336.2047505
6857,2455401.3475348586,-6041508703.374266,3394887014.742531,-2267426863.218664
6858,2455401.5975232744,-6042086755.379069,3394491844.828051,-2267443138.0474277
6859,2455401.847511688,-6042670316.520976,3394088576.5076475,-2267456881.513377
6860,2455402.0975005343,-6043246105.314452,3393676728.56486,-2267467898.101261
6861,2455402.3474895475,-6043813645.711307,3393268485.7361712,-2267481468.813384
6862,2455402.5974782933,-6044386205.481114,3392864235.4443035,-2267497743.88026
6863,2455402.8474670434,-6044964128.751731,3392451800.6392694,-2267511441.1441364
6864,2455403.0974562294,-6045534126.995918,3392030909.6649103,-2267522455.9444723
6865,2455403.347445576,-6046095952.586905,3391613752.954695,-2267536071.4731812
6866,2455403.597434655,-6046662878.388085,3391200508.380625,-2267552347.0772448
6867,2455403.847423745,-6047235020.07067,3390778995.066888,-2267565999.179403
6868,2455404.097413272,-6047799085.979435,3390349151.020024,-2267577014.001998
6869,2455404.3474029554,-6048355056.96497,3389923168.7852936,-2267590675.361434
6870,2455404.59739237,-6048916207.041065,3389501016.653503,-2267606951.7025857
6871,2455404.8473818023,-6049482423.373638,3389070513.5498834,-2267620559.5904603
6872,2455405.097371674,-6050040415.099266,3388631807.1846404,-2267631576.1319633
6873,2455405.347361696,-6050590391.539279,3388197088.629391,-2267645284.2028246
6874,2455405.5973514495,-6051145623.918996,3387766116.6251636,-2267661561.3545856
6875,2455405.8473412273,-6051705770.922688,3387326713.5245357,-2267675125.8569956
6876,2455406.0973314457,-6052257546.402744,3386879236.719447,-2267686145.6767993
6877,2455406.3473218097,-6052801388.081204,3386435872.2218676,-2267699901.184285
6878,2455406.5973119047,-6053350560.460725,3385996169.315065,-2267716179.0735908
6879,2455406.8473020303,-6053904493.838678,3385547957.402422,-2267729700.881793
6880,2455407.097292599,-6054449910.708932,3385091803.471735,-2267740725.384359
6881,2455407.347283307,-6054987477.05933,3384639884.888878,-2267754528.882152
6882,2455407.597273746,-6055530446.739935,3384191541.6312046,-2267770807.2747617
6883,2455407.847264223,-6056078021.825153,3383734613.771993,-2267784286.928611
6884,2455408.0972551433,-6056616937.374729,3383269877.744775,-2267795317.3502955
6885,2455408.3472461984,-6057148087.440724,3382809498.6833963,-2267809169.208461
6886,2455408.597236985,-6057684711.294035,3382352607.4711504,-2267825447.6976523
6887,2455408.847227815,-6058225783.017325,3381887058.465349,-2267838885.5743437
6888,2455409.097219091,-6058758054.156183,3381413837.331689,-2267849922.9721003
6889,2455409.3472104957,-6059282646.556753,3380945093.3886113,-2267863823.3660846
6890,2455409.597201632,-6059812780.986998,3380479748.698505,-2267880101.361726
6891,2455409.8471928183,-6060347203.834551,3380005675.5125394,-2267893497.6642113
6892,2455410.0971844518,-6060872687.043732,3379524068.453465,-2267904542.90319
6893,2455410.347176209,-6061390579.914778,3379047057.446738,-2267918491.8010163
6894,2455410.5971676973,-6061914080.791754,3378573356.070795,-2267934768.516196
6895,2455410.847159243,-6062441708.728602,3378090858.077917,-2267948123.2585373
6896,2455411.097151237,-6062960259.972514,3377600966.714419,-2267959176.9960904
6897,2455411.3471433497,-6063471310.867896,3377115788.945317,-2267973174.1415234
6898,2455411.597135193,-6063988033.418196,3376633830.269291,-2267989448.5748014
6899,2455411.8471271005,-6064508719.770302,3376143009.5472183,-2268002761.5629697
6900,2455412.0971194576,-6065020194.36979,3375644938.261104,-2268013824.2280297
6901,2455412.347111928,-6065524260.127384,3375151696.8632627,-2268027869.1191883
6902,2455412.597104129,-6066034058.797146,3374661583.248077,-2268044140.032624
6903,2455412.8470964013,-6066547656.113992,3374162544.9957533,-2268057410.84158
6904,2455413.0970891234,-6067051908.611672,3373656401.385883,-2268068482.611074
6905,2455413.3470819537,-6067548845.226421,3373155202.825809,-2268082574.477099
6906,2455413.5970745157,-6068051573.56901,3372657040.1555614,-2268098840.3736773
6907,2455413.847067155,-6068557933.532419,3372149893.290578,-2268112068.325556
6908,2455414.097060246,-6069054817.628976,3371635788.8221726,-2268123149.103913
6909,2455414.347053439,-6069544480.225319,3371126743.6029053,-2268137286.887046
6910,2455414.5970463636,-6070039990.920319,3370620642.043054,-2268153545.996221
6911,2455414.847039373,-6070538964.419863,3370105500.012434,-2268166730.149791
6912,2455415.0970328343,-6071028333.115457,3369583550.878302,-2268177819.563194
6913,2455415.347026393,-6071510576.165966,3369066774.4480777,-2268192001.9193225
6914,2455415.5970196836,-6071998721.327553,3368552849.395333,-2268208252.205122
6915,2455415.847013065,-6072490158.869774,3368029831.1574473,-2268221391.372196
6916,2455416.0970069,-6072971864.983712,3367500159.2818074,-2268232488.794301
6917,2455416.3470008257,-6073446542.949338,3366975773.0482235,-2268246714.12941
6918,2455416.596994485,-6073927174.896816,3366454146.1397634,-2268262953.338789
6919,2455416.846988241,-6074410927.512629,3365923377.150142,-2268276046.1451116
6920,2455417.096982451,-6074884824.7308445,3365386111.131935,-2268287150.7711043
6921,2455417.3469767473,-6075351793.250138,3364854243.3427854,-2268301417.3292203
6922,2455417.5969707766,-6075824765.838194,3364325043.251907,-2268317643.094113
6923,2455417.8469649106,-6076300686.548169,3363786656.1493554,-2268330688.0952945
6924,2455418.096959498,-6076766631.012612,3363241931.815857,-2268341799.071261
6925,2455418.3469541655,-6077225748.601369,3362702717.959007,-2268356105.0764756
6926,2455418.596948568,-6077690919.012682,3362166080.620234,-2268372315.0670867
6927,2455418.846943081,-6078158864.68985,3361620215.257731,-2268385310.911309
6928,2455419.0969380476,-6078616716.904059,3361068175.4866824,-2268396427.5045075
6929,2455419.346933089,-6079067846.874658,3360521757.8941083,-2268410771.336582
6930,2455419.596927866,-6079525077.52252,3359977825.8834047,-2268426963.4392056
6931,2455419.8469227594,-6079984910.745011,3359424628.4833484,-2268439909.044042
6932,2455420.096918107,-6080434537.342492,3358865422.13922,-2268451030.816143
6933,2455420.346913524,-6080877549.456273,3358311948.7170258,-2268465411.1774054
6934,2455420.5969086764,-6081326709.492059,3357760869.7926297,-2268481583.6514797
6935,2455420.846903953,-6081778299.878515,3357200491.319957,-2268494478.3478866
6936,2455421.096899682,-6082219574.762648,3356634271.486411,-2268505605.2839155
6937,2455421.3468954754,-6082654346.157221,3356073893.837748,-2268520021.3116746
6938,2455421.596891005,-6083095312.174358,3355515818.986059,-2268536172.8835406
6939,2455421.8468866646,-6083538536.858376,3354948413.1500707,-2268549016.4891586
6940,2455422.0968827773,-6083971341.446248,3354375335.1215625,-2268560149.050159
6941,2455422.3468789477,-6084397756.654641,3353808206.5614395,-2268574600.3494244
6942,2455422.596874856,-6084830412.495026,3353243288.065241,-2268590730.2253
6943,2455422.8468708997,-6085265155.733916,3352669009.467499,-2268603523.037702
6944,2455423.0968673965,-6085689378.38521,3352089229.00049,-2268614662.135746
6945,2455423.3468639445,-6086107328.606911,3351515502.930393,-2268629148.738474
6946,2455423.5968602314,-6086531564.49875,3350943892.8811727,-2268645256.549622
6947,2455423.84685666,-6086957716.70217,3350362895.6747956,-2268657999.278656
6948,2455424.096853541,-6087373251.661837,3349776567.800164,-2268669146.1984906
6949,2455424.3468504683,-6087782633.643447,3349196396.6762137,-2268683668.4773006
6950,2455424.5968471346,-6088198345.043244,3348618246.095853,-2268699754.187883
6951,2455424.846843949,-6088615801.59659,3348030683.2548532,-2268712447.8589754
6952,2455425.096841215,-6089022547.816702,3347437961.6877646,-2268723604.1584244
6953,2455425.346838521,-6089423262.688282,3346851496.5626373,-2268738162.726188
6954,2455425.596835567,-6089830349.145943,3346266955.0661902,-2268754226.5335627
6955,2455425.8468327676,-6090239009.314569,3345672978.156376,-2268766872.3894057
6956,2455426.096830419,-6090636869.40485,3345074015.1635723,-2268778039.8033094
6957,2455426.346828104,-6091028821.683095,3344481405.6390147,-2268792635.4205084
6958,2455426.5968255308,-6091427185.902799,3343890621.4601426,-2268808677.6665993
6959,2455426.846823118,-6091826951.952402,3343290380.725134,-2268821277.082612
6960,2455427.0968211545,-6092215831.359576,3342685327.2613864,-2268832457.442581
6961,2455427.3468192196,-6092598928.185835,3342086721.66658,-2268847090.941777
6962,2455427.596817027,-6092988475.3221445,3341489841.8687124,-2268863112.042266
6963,2455427.846815001,-6093379251.869936,3340883486.4651513,-2268875666.460092
6964,2455428.0968134236,-6093759058.279707,3340272492.426396,-2268886861.632219
6965,2455428.3468118683,-6094133208.869625,3339668038.084447,-2268901533.860027
6966,2455428.5968100573,-6094513846.022021,3339065208.835574,-2268917534.250237
6967,2455428.846808418,-6094895539.571837,3338452887.111391,-2268930045.127002
6968,2455429.096807227,-6095266182.479542,3337836101.6138973,-2268941256.964279
6969,2455429.3468060517,-6095631297.725866,3337225945.1208143,-2268955968.7369537
6970,2455429.596804622,-6096002933.571199,3336617311.970251,-2268971948.8301697
6971,2455429.846803371,-6096375452.171695,3335999171.7371163,-2268984417.598914
6972,2455430.0968025653,-6096736842.562031,3335376743.385588,-2268995647.903758
6973,2455430.346801771,-6097092834.733597,3334761030.874898,-2269010399.971837
6974,2455430.596800723,-6097455379.2428875,3334146739.01412,-2269026360.125579
6975,2455430.8467998593,-6097818632.21949,3333522927.803959,-2269038788.1627307
6976,2455431.0967994407,-6098170682.31078,3332895004.9447565,-2269050038.655676
6977,2455431.3467990262,-6098517464.808064,3332273882.339171,-2269064831.6740675
6978,2455431.596798361,-6098870829.013191,3331654076.8523297,-2269080772.1612406
6979,2455431.8467978854,-6099224726.744499,3331024742.1664934,-2269093160.7583513
6980,2455432.096797853,-6099567349.773092,3330391473.136722,-2269104433.050604
6981,2455432.3467978192,-6099904836.920684,3329765086.3989215,-2269119267.5522485
6982,2455432.596797536,-6100248932.715716,3329139912.5155506,-2269135188.535571
6983,2455432.846797449,-6100593386.443091,3328505202.0790997,-2269147538.8741527
6984,2455433.0967978034,-6100926496.480237,3327866735.4634247,-2269158834.4431295
6985,2455433.346798151,-6101254603.3517275,3327235230.8566823,-2269173710.8156147
6986,2455433.59679825,-6101589343.327033,3326604834.2159204,-2269189612.325004
6987,2455433.8467985513,-6101924264.997659,3325964896.2446265,-2269201925.454344
6988,2455434.0967992926,-6102247776.8007765,3325321381.14548,-2269213245.622247
6989,2455434.346800021,-6102566419.079016,3324684905.5078816,-2269228164.0875897
6990,2455434.596800503,-6102891716.391777,3324049432.43601,-2269244046.000861
6991,2455434.846801193,-6103217018.538979,3323404415.9159327,-2269256322.8191924
6992,2455435.096802321,-6103530847.440844,3322756002.2352314,-2269267668.735015
6993,2455435.3468034305,-6103839941.31651,3322114703.2640276,-2269282629.3329296
6994,2455435.5968042957,-6104155709.599538,3321474301.0605083,-2269298491.359996
6995,2455435.8468053746,-6104471305.261013,3320824356.034396,-2269310732.599177
6996,2455436.0968068894,-6104775367.095984,3320171194.7603745,-2269322105.224147
6997,2455436.3468083804,-6105074829.201954,3319525221.29979,-2269337107.7986913
6998,2455436.596809629,-6105380982.506562,3318880038.5252857,-2269352949.469035
6999,2455436.8468110966,-6105686785.174504,3318225316.379773,-2269365155.6823225
7000,2455437.0968129984,-6105980996.234138,3317567559.8738594,-2269376555.778195
7001,2455437.3468148704,-6106270743.606285,3316917062.20268,-2269391599.967016
7002,2455437.5968165025,-6106567196.368487,3316267248.9672117,-2269407420.619527
7003,2455437.8468183596,-6106863119.959695,3315607902.7211633,-2269419592.1713853
7004,2455438.096820648,-6107147396.964899,3314945705.00779,-2269431020.290457
7005,2455438.3468229016,-6107427347.016137,3314290835.132516,-2269446105.515402
7006,2455438.596824917,-6107714014.032837,3313636543.392594,-2269461904.2892256
7007,2455438.846827163,-6107999972.865921,3312972727.998848,-2269474041.345879
7008,2455439.0968298386,-6108274232.943836,3312306245.0740476,-2269485497.821419
7009,2455439.3468324733,-6108544303.441154,3311647157.0470724,-2269500623.279291
7010,2455439.5968348724,-6108821099.8484335,3310988540.935049,-2269516399.1046743
7011,2455439.8468375076,-6109097008.6232,3310320413.622411,-2269528501.624537
7012,2455440.09684057,-6109361169.287579,3309649803.8114905,-2269539986.5610566
7013,2455440.3468435863,-6109621278.335232,3308986654.107943,-2269555151.214317
7014,2455440.596846369,-6109888119.597156,3308323870.330143,-2269570902.8036275
7015,2455440.8468493936,-6110153893.390694,3307651591.0246706,-2269582970.5283284
7016,2455441.0968528427,-6110407872.547136,3306977015.429954,-2269594483.793
7017,2455441.3468562397,-6110657938.605277,3306309963.425281,-2269609686.362318
7018,2455441.596859406,-6110914740.550979,3305643171.7711053,-2269625412.2039084
7019,2455441.8468628195,-6111170294.877432,3304966903.6378765,-2269637444.653388
7020,2455442.0968666556,-6111414010.910505,3304288526.7153316,-2269648985.8730187
7021,2455442.3468704335,-6111653952.916576,3303617735.298579,-2269664224.837098
7022,2455442.5968739837,-6111900631.903955,3302947099.289907,-2269679923.1984763
7023,2455442.8468777863,-6112145882.927468,3302267009.416901,-2269691919.6777716
7024,2455443.096882008,-6112379254.970122,3301584999.693271,-2269703488.2500105
7025,2455443.3468861673,-6112608992.674025,3300910636.0151744,-2269718761.862428
7026,2455443.5968901003,-6112845466.000492,3300236323.680078,-2269734430.813504
7027,2455443.8468942917,-6113080331.029885,3299552583.8702903,-2269746390.442933
7028,2455444.0968989,-6113303279.549819,3298867114.746234,-2269757985.57435
7029,2455444.346903439,-6113522734.200916,3298189351.024266,-2269773291.910671
7030,2455444.5969077554,-6113748920.899412,3297511535.6912217,-2269788929.3806744
7031,2455444.846912335,-6113973319.298525,3296824323.2311482,-2269800851.163072
7032,2455445.0969173284,-6114185767.126362,3296135573.7088747,-2269812471.9473915
7033,2455445.3469222477,-6114394862.622477,3295454587.8973207,-2269827808.9950137
7034,2455445.596926946,-6114610684.731663,3294773448.787867,-2269843412.8740478
7035,2455445.846931914,-6114824539.306501,3294082946.941663,-2269855295.8079014
7036,2455446.096937292,-6115026413.13202,3293391102.00066,-2269866941.350599
7037,2455446.34694259,-6115225077.614746,3292707078.0282135,-2269882307.1442122
7038,2455446.5969476704,-6115430461.859627,3292022800.3358097,-2269897875.4282823
7039,2455446.8469530246,-6115633700.604775,3291329198.246293,-2269909718.660892
7040,2455447.0969587862,-6115824932.765737,3290634448.5514126,-2269921388.239107
7041,2455447.3469644627,-6116013100.426433,3289947575.824818,-2269936781.025273
7042,2455447.596969924,-6116207980.013413,3289260350.005177,-2269952311.982632
7043,2455447.8469756637,-6116400537.864246,3288563841.7665143,-2269964114.9754286
7044,2455448.0969818076,-6116581068.022471,3287866382.525614,-2269975808.199921
7045,2455448.3469878607,-6116758680.670472,3287176854.580943,-2269991226.592886
7046,2455448.5969937015,-6116942996.71693,3286486874.8099303,-2270006718.910025
7047,2455448.8469998254,-6117124816.81031,3285787657.7507854,-2270018481.571581
7048,2455449.09700635,-6117294593.016742,3285087686.848452,-2270030198.5048866
7049,2455449.347012778,-6117461600.928133,3284395699.3652267,-2270045641.587933
7050,2455449.5970189963,-6117635303.079465,3283703161.465608,-2270061094.4514713
7051,2455449.8470255025,-6117806337.1280155,3283001434.0231814,-2270072817.198052
7052,2455450.097032406,-6117965315.949615,3282299149.879033,-2270084558.393509
7053,2455450.347039207,-6118121677.750055,3281604898.55971,-2270100025.7367444
7054,2455450.597045801,-6118284723.828019,3280909997.936187,-2270115438.8296814
7055,2455450.847052688,-6118444931.547774,3280205957.6784077,-2270127122.560087
7056,2455451.0970599675,-6118593077.292995,3279501557.3856564,-2270138889.017032
7057,2455451.347067139,-6118738759.005122,3278805236.2354784,-2270154380.615374
7058,2455451.5970741073,-6118891113.904492,3278108166.3144107,-2270169754.0395784
7059,2455451.847081372,-6119040461.788284,3277402008.55282,-2270181400.0437226
7060,2455452.0970890257,-6119177745.185273,3276695686.6737003,-2270193193.104839
7061,2455452.347096566,-6119312718.841302,3275997486.9828963,-2270208709.2672725
7062,2455452.597103906,-6119454353.105292,3275298438.3792477,-2270224043.4268928
7063,2455452.8471115464,-6119592812.985781,3274590355.5146184,-2270235653.265179
7064,2455453.097119572,-6119719209.75536,3273882303.596632,-2270247474.494155
7065,2455453.3471274786,-6119843452.001053,3273182413.616156,-2270263015.722042
7066,2455453.597135187,-6119974340.474107,3272481573.953975,-2270278311.2041206
7067,2455453.8471432016,-6120101888.238389,3271771755.4254947,-2270289886.591434
7068,2455454.097151596,-6120217377.880227,3271062162.0640025,-2270301737.6615195
7069,2455454.3471598667,-6120330868.840947,3270360767.166046,-2270317304.5429807
7070,2455454.597167942,-6120450989.620274,3269658321.320026,-2270332562.0182347
7071,2455454.8471763274,-6120567604.248353,3268946953.911704,-2270344104.7312427
7072,2455455.097185089,-6120672169.165527,3268236005.1077056,-2270355987.339435
7073,2455455.3471937208,-6120774891.65599,3267533288.182521,-2270371580.470669
7074,2455455.597202161,-6120884225.384123,3266829418.701183,-2270386800.6216574
7075,2455455.8472109144,-6120989888.318891,3266116686.9802423,-2270398312.4334216
7076,2455456.09722004,-6121083513.259338,3265404566.58597,-2270410228.2413964
7077,2455456.347229031,-6121175452.291622,3264700708.4878616,-2270425848.173673
7078,2455456.597237833,-6121273981.725467,3263995596.0328693,-2270441031.647142
7079,2455456.8472469524,-6121368676.4955635,3263281682.776828,-2270452514.284187
7080,2455457.0972564397,-6121451348.221734,3262568572.907686,-2270464464.8799005
7081,2455457.347265787,-6121532490.716474,3261863752.8498287,-2270480112.0853295
7082,2455457.597274948,-6121620200.47481,3261157576.5711,-2270495259.4613194
7083,2455457.8472844316,-6121703912.47204,3260442663.1214795,-2270506714.575481
7084,2455458.097294278,-6121775619.562268,3259728744.488946,-2270518701.4476266
7085,2455458.3473039786,-6121845954.1701765,3259023140.3565464,-2270534376.2959895
7086,2455458.597313497,-6121922830.5718565,3258316078.185663,-2270549488.066297
7087,2455458.8473233413,-6121995546.901209,3257600344.722172,-2270560917.214249
7088,2455459.0973335444,-6122056279.607605,3256885796.8912015,-2270572941.7329736
7089,2455459.347343596,-6122115796.57328,3256179585.4845877,-2270588644.4735126
7090,2455459.597353469,-6122181827.505171,3255471814.364687,-2270603721.0238795
7091,2455459.8473636718,-6122243536.854024,3254755440.1234016,-2270615125.6493645
7092,2455460.0973742283,-6122293286.970672,3254040441.721876,-2270627189.048788
7093,2455460.347384629,-6122341977.999573,3253333798.9600616,-2270642919.7930894
7094,2455460.597394854,-6122397152.782141,3252625495.0448685,-2270657961.3859105
7095,2455460.8474054127,-6122447845.283038,3251908658.5141826,-2270669342.8019843
7096,2455461.09741632,-6122486606.005093,3251193387.428654,-2270681446.162409
7097,2455461.3474270664,-6122524464.119997,3250486488.5474224,-2270697204.866766
7098,2455461.5974376407,-6122568773.362193,3249777827.4026103,-2270712211.623159
7099,2455461.847448553,-6122608440.445744,3249060706.528867,-2270723570.9937606
7100,2455462.0974598085,-6122636206.220448,3248345340.1167274,-2270735715.2232504
7101,2455462.347470898,-6122663225.612467,3247638359.8892417,-2270751501.670602
7102,2455462.59748182,-6122696661.0644455,3246929516.72172,-2270766473.5522795
7103,2455462.8474930823,-6122725295.313959,3246212289.147404,-2270777811.8738685
7104,2455463.097504684,-6122742061.697706,3245497004.4855103,-2270789997.6902456
7105,2455463.347516114,-6122758237.587985,3244790117.4824452,-2270805811.4728885
7106,2455463.5975273796,-6122780792.009355,3244081267.4114475,-2270820748.2652206
7107,2455463.8475389904,-6122798387.03589,3243364110.7568054,-2270832066.3500156
7108,2455464.0975509346,-6122804150.576693,3242649084.934391,-2270844294.2648764
7109,2455464.347562703,-6122809479.108366,3241942465.828474,-2270860134.7696304
7110,2455464.5975743104,-6122821146.171256,3241233784.20059,-2270875036.06758
7111,2455464.8475862658,-6122827696.527801,3240516876.3881893,-2270886334.530062
7112,2455465.0975985504,-6122822454.6908,3239802286.841335,-2270898604.8364015
7113,2455465.347610654,-6122816932.867587,3239096110.7517056,-2270914471.233769
7114,2455465.5976226004,-6122817707.109526,3238387773.493647,-2270929336.4321384
7115,2455465.8476348985,-6122813208.257649,3237671293.108497,-2270940615.680122
7116,2455466.0976475202,-6122796959.405352,3236957317.987983,-2270952928.4447513
7117,2455466.347659956,-6122780585.086668,3236251760.855804,-2270968819.6830306
7118,2455466.5976722394,-6122770461.92146,3235543944.8565183,-2270983647.971867
7119,2455466.847684877,-6122754910.25712,3234828071.533899,-2270994908.2028646
7120,2455467.097697833,-6122727653.689756,3234114890.0994973,-2271007263.264196
7121,2455467.347710599,-6122700425.646863,3233410129.0891848,-2271023178.0690436
7122,2455467.597723216,-6122679401.437334,3232703012.607209,-2271037968.434597
7123,2455467.8477361905,-6122652794.379654,3231987927.4459543,-2271049209.6378717
7124,2455468.0977494777,-6122614530.439907,3231275720.4868827,-2271061606.609449
7125,2455468.3477625707,-6122576448.478227,3230571934.414738,-2271077543.4893208
7126,2455468.597775518,-6122544520.67772,3229865697.514726,-2271092294.721136
7127,2455468.847788827,-6122506856.829904,3229151583.5216885,-2271103516.6861696
7128,2455469.097802443,-6122457587.084109,3228440533.8106427,-2271115954.9669833
7129,2455469.34781586,-6122408652.247644,3227737903.6095624,-2271131912.225795
7130,2455469.597829135,-6122365819.630509,3227032728.637143,-2271146622.931592
7131,2455469.847842775,-6122317099.038008,3226319771.2120247,-2271157825.265102
7132,2455470.0978567167,-6122256826.564545,3225610064.0010204,-2271170304.0593004
7133,2455470.3478704547,-6122197041.459025,3224908773.227493,-2271186279.8194284
7134,2455470.5978840548,-6122143304.482977,3224204845.3255563,-2271200948.4514737
7135,2455470.8478980227,-6122083529.038252,3223493232.7846556,-2271212130.6072946
7136,2455471.097912287,-6122012258.878808,3222785056.3352227,-2271224648.9582486
7137,2455471.3479263424,-6121941628.17541,3222085291.703489,-2271240641.199439
7138,2455471.5979402647,-6121876989.543093,3221382799.345418,-2271255266.09855
7139,2455471.8479545573,-6121806163.60897,3220672723.4486575,-2271266427.4270473
7140,2455472.0979691404,-6121723903.458024,3219966269.5476665,-2271278984.27285
7141,2455472.3479835107,-6121642434.654373,3219268221.427639,-2271294990.8943934
7142,2455472.597997752,-6121566900.15032,3218567356.887905,-2271309570.3590345
7143,2455472.848012366,-6121485031.4748955,3217859013.2717714,-2271320710.183372
7144,2455473.0980272647,-6121391792.6738825,3217154477.6168656,-2271333304.440751
7145,2455473.348041946,-6121299497.169081,3216458340.360527,-2271349323.3532825
7146,2455473.5980565026,-6121213076.814816,3215759299.96783,-2271363855.7389817
7147,2455473.8480714345,-6121120177.762175,3215052888.31101,-2271374973.462006
7148,2455474.098086645,-6121015976.599886,3214350470.575607,-2271387604.140695
7149,2455474.348101634,-6120912871.057635,3213656442.4674644,-2271403633.3873606
7150,2455474.598116502,-6120815580.527005,3212959426.4256616,-2271418117.233447
7151,2455474.848131748,-6120711669.530064,3212255150.127041,-2271429212.469092
7152,2455475.0981472665,-6120596528.716241,3211555053.484847,-2271441878.8069825
7153,2455475.3481625593,-6120482636.541187,3210863336.104006,-2271457916.7006235
7154,2455475.5981777348,-6120374498.618406,3210168547.6841097,-2271472350.8670983
7155,2455475.8481932906,-6120259601.594153,3209466612.8808036,-2271483423.574972
7156,2455476.0982091124,-6120133551.606763,3208769042.851145,-2271496125.168889
7157,2455476.3482247046,-6120008904.199352,3208079839.7488823,-2271512170.4166594
7158,2455476.5982401837,-6119889949.916343,3207387483.807044,-2271526554.1995573
7159,2455476.8482560446,-6119764101.26012,3206688097.745941,-2271537604.788734
7160,2455477.098272166,-6119627181.173595,3205993260.4376955,-2271550341.6852813
7161,2455477.3482880527,-6119491818.573573,3205306775.27626,-2271566393.4646773
7162,2455477.5983038307,-6119362087.652905,3204617056.312314,-2271580726.654771
7163,2455477.8483199924,-6119225330.467911,3203920425.356664,-2271591756.023606
7164,2455478.0983364084,-6119077587.961947,3203228525.4542856,-2271604528.7400036
7165,2455478.348352585,-6118931558.635907,3202544960.0042567,-2271620586.70058
7166,2455478.598368657,-6118791099.0613575,3201858080.201083,-2271634869.5652127
7167,2455478.8483851147,-6118643484.520222,3201164407.9419856,-2271645879.063408
7168,2455479.0984018194,-6118484975.046048,3200475646.918243,-2271658688.5313783
7169,2455479.3484182814,-6118328334.877957,3199795199.397917,-2271674752.7223186
7170,2455479.5984346424,-6118177201.731853,3199111357.1078997,-2271688985.9178534
7171,2455479.848451391,-6118018787.7846575,3198420843.014459,-2271699977.245292
7172,2455480.09846838,-6117849573.170051,3197735417.957486,-2271712824.6990027
7173,2455480.348485122,-6117682383.991996,3197058282.044396,-2271728895.4489737
7174,2455480.598501767,-6117520637.939582,3196377670.986864,-2271743079.8946013
7175,2455480.8485188014,-6117351487.777359,3195690509.787397,-2271754054.97112
7176,2455481.0985360695,-6117171634.693791,3195008612.9606886,-2271766941.815398
7177,2455481.348553086,-6116993962.78039,3194334977.5210786,-2271783019.601633
7178,2455481.59857001,-6116821668.611666,3193657786.667759,-2271797156.351042
7179,2455481.848587325,-6116641849.2712145,3192974168.376317,-2271808117.1920004
7180,2455482.098604867,-6116451427.914755,3192295987.3713365,-2271821044.883367
7181,2455482.348622153,-6116263342.751513,3191626036.722202,-2271837130.219438
7182,2455482.5986393513,-6116080568.24453,3190952450.650231,-2271851220.3559084
7183,2455482.848656941,-6115890149.5696945,3190272560.9932494,-2271862168.975071
7184,2455483.0986747514,-6115689232.72153,3189598279.2145805,-2271875138.9329133
7185,2455483.3486923026,-6115490806.165061,3188932193.6522536,-2271891232.28834
7186,2455483.598709769,-6115297621.34337,3188262393.1010356,-2271905276.8524685
7187,2455483.848727629,-6115096675.334333,3187586414.0896025,-2271916215.197586
7188,2455484.0987457028,-6114885337.796136,3186916211.332652,-2271929228.7475014
7189,2455484.348763513,-6114676643.590263,3186254167.7067447,-2271945330.4983563
7190,2455484.5987812434,-6114473120.312915,3185588330.1391115,-2271959330.4450736
7191,2455484.8487993684,-6114261720.781501,3184916440.610668,-2271970260.360755
7192,2455485.0988176996,-6114040039.088225,3184250493.5799637,-2271983318.7030196
7193,2455485.348835764,-6113821152.627803,3183592665.784799,-2271999429.1053433
7194,2455485.598853753,-6113607364.397066,3182930965.847948,-2272013385.2812285
7195,2455485.8488721377,-6113385586.810116,3182263341.8949647,-2272024308.4895954
7196,2455486.098890722,-6113153639.102144,3181601824.601084,-2272037412.6830373
7197,2455486.3489090353,-6112924637.329005,3180948383.941273,-2272053531.859308
7198,2455486.5989272776,-6112700659.204527,3180290993.8007994,-2272067444.9907036
7199,2455486.8489459166,-6112468580.609971,3179627809.0744853,-2272078363.080718
7200,2455487.098964748,-6112226446.566275,3178970893.11034,-2272091514.033283
7201,2455487.3489833055,-6111987407.906449,3178322008.5521765,-2272107641.963855
7202,2455487.599001796,-6111753316.443252,3177669098.120097,-2272121512.6483374
7203,2455487.849020684,-6111511015.404653,3177010524.0375957,-2272132427.0670123
7204,2455488.0990397576,-6111258776.171115,3176358378.768815,-2272145625.5269723
7205,2455488.3490585536,-6111009780.456043,3175714217.1170883,-2272161762.041054
7206,2455488.5990772876,-6110765653.6171465,3175065954.217225,-2272175590.737504
7207,2455488.8490964193,-6110513210.115447,3174412160.118535,-2272186502.778939
7208,2455489.09911573,-6110250948.194807,3173764952.836053,-2272199749.3233223
7209,2455489.3491347595,-6109992076.540257,3173125678.8856535,-2272215894.086751
7210,2455489.5991537315,-6109737993.564802,3172482229.406195,-2272229681.1019225
7211,2455489.8491731016,-6109475488.854831,3171833382.7104697,-2272240591.892653
7212,2455490.0991926435,-6109203287.952196,3171191278.7944727,-2272253886.911984
7213,2455490.349211902,-6108934622.595068,3170557055.504625,-2272270039.4114256
7214,2455490.599231106,-6108670663.827739,3169918583.58412,-2272283784.883108
7215,2455490.84925071,-6108398180.260773,3169274849.989627,-2272294695.3644133
7216,2455491.0992704784,-6108116125.101172,3168638013.126421,-2272308039.0448575
7217,2455491.3492899598,-6107837749.2151985,3168009001.8563786,-2272324198.5699553
7218,2455491.599309392,-6107563995.922592,3167375670.1387596,-2272337902.448822
7219,2455491.849329224,-6107281616.764773,3166737213.8982663,-2272348813.3583884
7220,2455492.0993492133,-6106989792.916026,3166105806.377928,-2272362205.66402
7221,2455492.349368912,-6106701790.443024,3165482167.2076025,-2272378371.2906284
7222,2455492.599388567,-6106418324.656239,3164854137.18502,-2272392033.32407
7223,2455492.849408622,-6106126133.944118,3164221121.4705954,-2272402945.1805987
7224,2455493.0994288265,-6105824627.68805,3163595304.57436,-2272416385.839638
7225,2455493.3494487386,-6105527083.228767,3162977196.7136016,-2272432556.418011
7226,2455493.5994686102,-6105233987.65663,3162354629.1554666,-2272446176.1399674
7227,2455493.849488883,-6104932070.134162,3161727216.505899,-2272457089.234797
7228,2455494.0995092983,-6104620968.429723,3161107150.971281,-2272470577.733784
7229,2455494.3495294177,-6104313967.236339,3160494733.2408075,-2272486751.8856316
7230,2455494.5995495017,-6104011325.28934,3159877788.687424,-2272500328.616198
7231,2455494.8495699866,-6103699766.463887,3159256141.512198,-2272511243.015494
7232,2455495.0995906065,-6103379157.036541,3158641988.045884,-2272524778.604727
7233,2455495.3496109284,-6103062785.137879,3158035419.3965545,-2272540954.7321815
7234,2455495.599631219,-6102750681.090187,3157424258.681053,-2272554487.5897217
7235,2455495.849651911,-6102429567.430803,3156808539.7823253,-2272565403.1496606
7236,2455496.099672731,-6102099539.007538,3156200459.580657,-2272578984.8619847
7237,2455496.3496932494,-6101773883.482189,3155599899.609839,-2272595161.1701875
7238,2455496.5997137423,-6101452402.782987,3154994684.3668313,-2272608649.097306
7239,2455496.8497346356,-6101121822.0686865,3154385057.43796,-2272619565.493305
7240,2455497.09975565,-6100782464.762943,3153783212.6741276,-2272633192.1769605
7241,2455497.3497763597,-6100447614.161704,3153188822.0993237,-2272649366.710674
7242,2455497.599797049,-6100116843.894831,3152589715.2217174,-2272662808.514231
7243,2455497.8498181384,-6099776885.709957,3151986345.285245,-2272673725.2842016
7244,2455498.0998393414,-6099428291.552373,3151390899.5275464,-2272687395.649645
7245,2455498.3498602374,-6099084336.465283,3150802840.5829186,-2272703566.343727
7246,2455498.599881117,-6098744365.9524145,3150210006.593539,-2272716960.74867
7247,2455498.8499023975,-6098395122.324675,3149613060.345796,-2272727877.3501554
7248,2455499.0999237834,-6098037385.935976,3149024178.874108,-2272741590.0307646
7249,2455499.34994486,-6097684419.701268,3148442615.596288,-2272757754.774491
7250,2455499.5999659253,-6097335341.246966,3147856220.899083,-2272771100.491559
7251,2455499.84998739,-6096976907.427421,3147265866.923692,-2272782016.3728504
7252,2455500.1000089534,-6096610126.833291,3146683716.902968,-2272795769.9997435
7253,2455500.350030205,-6096248246.3880825,3146108815.2605605,-2272811926.71524
7254,2455500.6000514496,-6095890156.165562,3145529028.220513,-2272825222.5227036
7255,2455500.8500730935,-6095522631.547293,3144945437.013968,-2272836137.207977
7256,2455501.1000948283,-6095146909.128527,3144370187.4612947,-2272849930.4987025
7257,2455501.350116249,-6094776215.989305,3143802115.257616,-2272866077.232822
7258,2455501.6001376673,-6094409215.048025,3143229106.0320244,-2272879322.0710025
7259,2455501.850159484,-6094032704.195581,3142652449.757279,-2272890235.257369
7260,2455502.1001813835,-6093648147.734334,3142084271.2125325,-2272904067.1154256
7261,2455502.3502029674,-6093268749.054715,3141523197.6670585,-2272920202.1409116
7262,2455502.600224553,-6092892944.381782,3140957137.690809,-2272933395.2139087
7263,2455502.850246536,-6092507558.085957,3140387589.5610695,-2272944306.8732357
7264,2455503.1002685945,-6092114281.803603,3139826653.3658466,-2272958176.4895325
7265,2455503.3502903352,-6091726291.384728,3139272748.2849426,-2272974298.4047995
7266,2455503.6003120816,-6091341796.8747015,3138713809.3301516,-2272987439.2768464
7267,2455503.8503342243,-6090947653.066715,3138151542.5574503,-2272998349.747719
7268,2455504.1003564354,-6090545778.467916,3137598019.6954856,-2273012256.687501
7269,2455504.3503783257,-6090149317.518504,3137051452.2088656,-2273028364.4968214
7270,2455504.6004002267,-6089756254.634231,3136499805.0231366,-2273041453.163635
7271,2455504.850422523,-6089353478.931554,3135944991.3677087,-2273052363.2127295
7272,2455505.100444879,-6088943135.221578,3135399050.9381104,-2273066307.4663844
7273,2455505.3504669126,-6088538332.635551,3134859987.91007,-2273082400.618783
7274,2455505.6004889607,-6088136830.535559,3134315800.5815015,-2273095437.5327277
7275,2455505.8505114033,-6087725556.210072,3133768608.6892357,-2273106348.365474
7276,2455506.1005338975,-6087306880.098598,3133230416.2373137,-2273120330.3448544
7277,2455506.350556067,-6086893872.093584,3132699020.6120753,-2273136408.715818
7278,2455506.6005782564,-6086484067.106524,3132162456.9498286,-2273149394.752217
7279,2455506.8506008377,-6086064434.398395,3131623050.7897177,-2273160307.963849
7280,2455507.1006234633,-6085637569.261107,3131092766.823095,-2273174328.439417
7281,2455507.350645762,-6085216498.40032,3130569196.2385945,-2273190392.255162
7282,2455507.6006680843,-6084798532.921226,3130040414.500639,-2273203328.624214
7283,2455507.8506907974,-6084370687.82522,3129508952.2215962,-2273214246.1006217
7284,2455508.100713547,-6083935782.399226,3128986731.208898,-2273228306.09332
7285,2455508.3507359675,-6083506796.21735,3128471137.145645,-2273244355.8156543
7286,2455508.600758416,-6083080817.284819,3127950289.3419805,-2273257243.9417663
7287,2455508.8507812535,-6082644910.09888,3127426922.7324486,-2273268167.734942
7288,2455509.1008041194,-6082202117.0235615,3126912912.718863,-2273282268.3900127
7289,2455509.3508266546,-6081765366.580746,3126405440.2665796,-2273298304.590505
7290,2455509.6008492224,-6081331524.462147,3125892672.068346,-2273311145.988186
7291,2455509.850872177,-6080887708.418891,3125377546.5982914,-2273322078.1953053
7292,2455510.100895152,-6080437182.927909,3124871889.369924,-2273336220.666112
7293,2455510.3509177947,-6079992821.575172,3124372677.5008073,-2273352243.915849
7294,2455510.6009404743,-6079551268.6143465,3123868128.607065,-2273365040.0861025
7295,2455510.850963539,-6079099698.81648,3123361383.8739367,-2273375982.7532578
7296,2455511.100986616,-6078641597.765496,3122864215.4693427,-2273390168.113081
7297,2455511.3510093596,-6078189780.267744,3122373397.6004663,-2273406178.9026623
7298,2455511.6010321435,-6077740670.102878,3121877202.3366466,-2273418931.261049
7299,2455511.851055311,-6077281502.832961,3121378972.687212,-2273429886.3194647
7300,2455512.101078483,-6076815984.097996,3120890424.031967,-2273444115.5058722
7301,2455512.3511013193,-6076356866.117381,3120408128.6618705,-2273460114.197394
7302,2455512.6011242014,-6075900353.243328,3119920416.6080747,-2273472824.0328865
7303,2455512.8511474645,-6075433745.5973835,3119430831.75085,-2273483793.26432
7304,2455513.101170724,-6074960967.773053,3118951029.248747,-2273498067.050864
7305,2455513.3511936464,-6074494705.625658,3118477380.5219913,-2273514053.855068
7306,2455513.6012166194,-6074030945.2013645,3117998277.045892,-2273526722.3116193
7307,2455513.8512399704,-6073557054.938592,3117517462.5498934,-2273537707.3339753
7308,2455514.1012633108,-6073077177.223349,3117046528.546855,-2273552026.319638
7309,2455514.3512863126,-6072603927.794247,3116581646.681992,-2273568001.2882867
7310,2455514.601309369,-6072133075.580786,3116111273.32989,-2273580629.3591466
7311,2455514.851332802,-6071652061.077429,3115639350.9798493,-2273591631.622472
7312,2455515.1013562153,-6071165243.238153,3115177404.0856543,-2273605996.229249
7313,2455515.3513792898,-6070685163.952749,3114721405.6650434,-2273621959.2535706
7314,2455515.601402423,-6070207376.286406,3114259880.4211497,-2273634547.779732
7315,2455515.85142593,-6069719396.505585,3113796968.449272,-2273645568.564535
7316,2455516.10144941,-6069225798.840943,3113344123.745778,-2273659979.035752
7317,2455516.3514725496,-6068739047.619912,3112897121.9032254,-2273675929.844232
7318,2455516.6014957526,-6068254481.355906,3112444559.3591394,-2273688479.5109634
7319,2455516.8515193267,-6067759695.776823,3111990772.600294,-2273699519.9234962
7320,2455517.1015428663,-6067259479.030816,3111547141.7870226,-2273713976.3181996
7321,2455517.3515660646,-6066766214.187996,3111109246.3471413,-2273729914.4697104
7322,2455517.6015893305,-6066275026.581502,3110665757.837783,-2273742425.797827
7323,2455517.851612965,-6065773595.062351,3110221207.8661427,-2273753486.7597227
7324,2455518.1016365574,-6065266920.26966,3109786899.402317,-2273767988.9411507
7325,2455518.3516598074,-6064767300.341454,3109358217.0313625,-2273783913.8120685
7326,2455518.6016831296,-6064269648.861797,3108923910.7972465,-2273796387.1432786
7327,2455518.8517068173,-6063761731.439029,3108488706.103826,-2273807469.375425
7328,2455519.101730455,-6063248759.711616,3108063825.4054956,-2273822016.994092
7329,2455519.3517537504,-6062742943.234341,3107644459.830848,-2273837927.760587
7330,2455519.6017771214,-6062238985.335295,3107219441.2619414,-2273850363.238677
7331,2455519.851800856,-6061724741.988912,3106793687.525851,-2273861467.2417684
7332,2455520.1018245323,-6061205634.280214,3106378337.267798,-2273876059.716241
7333,2455520.351847866,-6060693779.5580635,3105968389.6120944,-2273891955.335398
7334,2455520.6018712795,-6060183672.453295,3105552761.6147385,-2273904352.887526
7335,2455520.851895054,-6059663262.893152,3105136562.1043615,-2273915478.9241276
7336,2455521.101918762,-6059138179.800345,3104730842.656986,-2273930115.424806
7337,2455521.351942127,-6058620444.729564,3104330411.9102683,-2273945994.620445
7338,2455521.601965577,-6058104345.24331,3103924275.4129796,-2273958353.9449043
7339,2455521.8519893843,-6057577928.790239,3103517731.5245237,-2273969502.0297413
7340,2455522.1020131176,-6057047030.471257,3103121741.5241013,-2273984181.4726996
7341,2455522.3520365073,-6056523572.499032,3102730925.1426396,-2274000042.733105
7342,2455522.6020599864,-6056001637.0710335,3102334379.7192326,-2274012363.300873
7343,2455522.85208382,-6055469372.711118,3101937591.62058,-2274023533.206687
7344,2455523.1021075714,-6054932818.992671,3101551428.6300855,-2274038254.264733
7345,2455523.3521309798,-6054403795.2832985,3101170323.208453,-2274054095.8591995
7346,2455523.602154481,-6053876180.19551,3100783467.754646,-2274066376.9357743
7347,2455523.852178334,-6053338226.868372,3100396535.060766,-2274077568.220728
7348,2455524.1022020974,-6052796177.597644,3100020296.238503,-2274092329.356947
7349,2455524.3522255174,-6052261745.449288,3099648998.1641026,-2274108149.375556
7350,2455524.6022490347,-6051728607.306848,3099271931.5300193,-2274120390.06656
7351,2455524.8522729,-6051185124.448662,3098894953.907122,-2274131602.1255994
7352,2455525.102296668,-6050637740.096878,3098528736.5767484,-2274146401.6507354
7353,2455525.3523200927,-6050098057.603984,3098167342.5586042,-2274162198.067444
7354,2455525.6023436193,-6049559554.052343,3097800164.029203,-2274174397.3868346
7355,2455525.8523674905,-6049010702.36234,3097433241.621683,-2274185629.524745
7356,2455526.102391257,-6048458144.836398,3097077143.641634,-2274200465.674897
7357,2455526.3524146797,-6047913371.742036,3096725751.0172396,-2274216236.429358
7358,2455526.6024382086,-6047369662.353713,3096368560.5517273,-2274228393.3846188
7359,2455526.8524620784,-6046815604.708237,3096011794.1517105,-2274239644.904154
7360,2455527.1024858365,-6046258038.286369,3095665914.0135074,-2274254515.931495
7361,2455527.3525092504,-6045708336.934256,3095324620.7737184,-2274270259.021615
7362,2455527.6025327747,-6045159584.170364,3094977518.95509,-2274282372.7074203
7363,2455527.852556636,-6044600486.586783,3094631009.8767157,-2274293643.0037265
7364,2455528.1025803783,-6044038078.879463,3094295446.5052314,-2274308547.271308
7365,2455528.352603777,-6043483615.167172,3093964351.0206623,-2274324260.8476152
7366,2455528.6026272895,-6042929985.316847,3093627438.708248,-2274336330.539057
7367,2455528.8526511355,-6042366017.873079,3093291288.3683615,-2274347619.191651
7368,2455529.1026748545,-6041798940.718507,3092966140.633234,-2274362555.263904
7369,2455529.35269823,-6041239884.965207,3092645341.097589,-2274378237.7176776
7370,2455529.6027217237,-6040681548.980512,3092318718.80333,-2274390262.9553623
7371,2455529.8527455474,-6040112886.611909,3091993028.0332723,-2274401569.810303
7372,2455530.1027692356,-6039541316.831413,3091678393.999174,-2274416536.5321455
7373,2455530.352792581,-6038977844.488624,3091367987.6196404,-2274432186.570574
7374,2455530.602816049,-6038414978.645867,3091051754.640036,-2274444167.231103
7375,2455530.852839842,-6037841801.751972,3090736622.761966,-2274455492.466848
7376,2455531.1028634924,-6037265921.698432,3090432598.712779,-2274470489.0249414
7377,2455531.3528868007,-6036698213.836664,3090132680.684618,-2274486105.7269073
7378,2455531.6029102346,-6036131000.15617,3089826934.0280714,-2274498042.0722075
7379,2455531.8529339894,-6035553494.947875,3089522457.739293,-2274509386.2425222
7380,2455532.1029575947,-6034973492.776235,3089229137.0245886,-2274524412.2018943
7381,2455532.3529808572,-6034401736.275117,3088939799.3441305,-2274539995.047314
7382,2455532.6030042497,-6033830362.625648,3088644632.5154557,-2274551887.7456865
7383,2455532.853027959,-6033248721.138787,3088350904.6514683,-2274563251.7924376
7384,2455533.1030515106,-6032664790.7256,3088068376.4360905,-2274578307.101201
7385,2455533.3530747206,-6032089178.097033,3087789706.644412,-2274593855.9669886
7386,2455533.6030980637,-6031513837.919386,3087505208.3906913,-2274605706.0793996
7387,2455533.8531217193,-6030928257.636212,3087222316.683365,-2274617091.3092437
7388,2455534.1031452096,-6030340598.099157,3086950664.7288365,-2274632176.2662554
7389,2455534.353168359,-6029761326.906571,3086682744.7263575,-2274647691.3847604
7390,2455534.6031916454,-6029182218.534144,3086408997.8947287,-2274659500.313554
7391,2455534.8532152395,-6028592901.607821,3086137023.884667,-2274670908.3373756
7392,2455535.1032386604,-6028001716.439878,3085876325.5274315,-2274686023.52339
7393,2455535.353261741,-6027418988.349658,3085619230.627387,-2274701505.4057283
7394,2455535.603284962,-6026836313.98448,3085356311.302188,-2274713274.810317
7395,2455535.8533084868,-6026243466.148164,3085095329.5684547,-2274724707.4521337
7396,2455536.1033318304,-6025648962.070925,3084845655.049987,-2274739853.63335
7397,2455536.3533548345,-6025062981.662444,3084599453.413669,-2274755302.968597
7398,2455536.6033779834,-6024476946.153459,3084347430.459794,-2274767034.6609893
7399,2455536.85340143,-6023880775.478496,3084097508.274278,-2274778493.8510156
7400,2455537.103424689,-6023283161.193843,3083858920.507701,-2274793671.8711753
7401,2455537.353447609,-6022694134.718224,3083623673.0211196,-2274809089.4186115
7402,2455537.603470677,-6022104944.338582,3083382608.066597,-2274820785.2567015
7403,2455537.8534940383,-6021505660.040943,3083143805.4785028,-2274832272.9268293
7404,2455538.103517204,-6020905145.07794,3082916360.2296324,-2274847483.606114
7405,2455538.3535400326,-6020313279.35567,3082692120.7727385,-2274862870.09831
7406,2455538.603563012,-6019721140.7584,3082462068.5567026,-2274874531.893741
7407,2455538.8535862803,-6019118952.218159,3082234438.8106556,-2274886049.8910656
7408,2455539.1036093454,-6018515746.022248,3082018185.177152,-2274901293.945927
7409,2455539.3536320743,-6017921247.606574,3081805001.1531034,-2274916650.0150084
7410,2455539.6036549583,-6017326367.063472,3081586010.0940742,-2274928279.466005
7411,2455539.8536781254,-6016721483.139064,3081369600.2280617,-2274939829.4926004
7412,2455540.103701083,-6016115794.461826,3081164581.258192,-2274955107.482623
7413,2455540.353723705,-6015518869.102985,3080962494.223137,-2274970433.61377
7414,2455540.6037464854,-6014921452.039639,3080754607.0505285,-2274982032.264866
7415,2455540.853769544,-6014314080.669016,3080549458.5222416,-2274993615.843813
7416,2455541.1037923857,-6013706117.231748,3080355711.8301706,-2275008928.143862
7417,2455541.353814894,-6013106969.598651,3080164758.0908933,-2275024224.652704
7418,2455541.6038375637,-6012507220.367841,3079968012.4194264,-2275035793.8766775
7419,2455541.853860507,-6011897568.38698,3079774161.654208,-2275047412.3384733
7420,2455542.1038832255,-6011287536.73916,3079591719.93923,-2275062759.129272
7421,2455542.353905612,-6010686370.312671,3079411931.040891,-2275078026.155678
7422,2455542.6039281636,-6010084492.115779,3079226359.8246512,-2275089567.1497316
7423,2455542.853950984,-6009472765.20161,3079043838.6360464,-2275101221.630759
7424,2455543.103973572,-6008860870.680671,3078872730.0705557,-2275116602.899488
7425,2455543.3539958303,-6008257887.725893,3078704133.1520677,-2275131840.4093366
7426,2455543.604018257,-6007654082.591957,3078529765.007883,-2275143354.1972775
7427,2455543.854040947,-6007040485.242948,3078358600.891486,-2275155045.642417
7428,2455544.104063398,-6006426931.953104,3078198849.3881955,-2275170461.185667
7429,2455544.354085521,-6005822333.493527,3078041467.4247375,-2275185668.973396
7430,2455544.6041078153,-6005216802.244674,3077878326.8521447,-2275197156.4071107
7431,2455544.8541303677,-6004601537.733839,3077718543.186874,-2275208885.5702972
7432,2455545.104152675,-6003986528.485137,3077570168.5855756,-2275224334.9938397
7433,2455545.354174655,-6003380514.226539,3077424020.563623,-2275239512.6807775
7434,2455545.6041968106,-6002773456.384259,3077272128.1111784,-2275250974.436615
7435,2455545.8542192183,-6002156726.645913,3077123744.3216133,-2275262741.875591
7436,2455546.1042413744,-6001540462.821647,3076986762.5521827,-2275278224.587786
7437,2455546.3542632055,-6000933231.000719,3076851863.636484,-2275293371.6137295
7438,2455546.6042852155,-6000324844.615046,3076711236.076186,-2275304808.1818814
7439,2455546.854307472,-5999706850.05443,3076574267.8192873,-2275316614.245844
7440,2455547.10432947,-5999089531.403222,3076448691.105551,-2275332129.4440145
7441,2455547.354351145,-5998481278.564566,3076325052.86353,-2275347245.052086
7442,2455547.6043730024,-5997871759.977349,3076195703.4390607,-2275358656.719714
7443,2455547.854395101,-5997252699.222148,3076070162.8808827,-2275370501.531343
7444,2455548.1044169343,-5996634523.60188,3075956000.050154,-2275386048.1833873
7445,2455548.3544384474,-5996025444.338931,3075843630.7968597,-2275401131.40117
7446,2455548.6044601453,-5995414987.92529,3075725569.606447,-2275412518.2330737
7447,2455548.854482079,-5994795057.571936,3075611465.846383,-2275424401.669573
7448,2455549.1045037415,-5994176220.707322,3075508722.7977777,-2275439978.496275
7449,2455549.3545250855,-5993566507.437964,3075407628.1090436,-2275455028.119583
7450,2455549.6045466177,-5992955305.40563,3075300862.6636863,-2275466389.9436407
7451,2455549.8545683804,-5992334699.848598,3075198202.338552,-2275478311.6248007
7452,2455550.104589865,-5991715395.19861,3075106882.6926584,-2275493917.0916343
7453,2455550.354611034,-5991105238.078973,3075017066.09759,-2275508931.6804476
7454,2455550.6046323944,-5990493480.435149,3074921602.052655,-2275520268.0879364
7455,2455550.854653979,-5989872391.893618,3074830390.1041093,-2275532227.3818846
7456,2455551.10467528,-5989252810.746116,3074750496.0014277,-2275547859.7112746
7457,2455551.3546962678,-5988642397.84074,3074671959.8042655,-2275562837.6089272
7458,2455551.6047174498,-5988030272.642986,3074587801.79632,-2275574147.98086
7459,2455551.85473885,-5987408891.496972,3074508042.314445,-2275586144.0382237
7460,2455552.104759961,-5986789223.395138,3074439575.256292,-2275601801.2523685
7461,2455552.354780761,-5986178741.197326,3074372321.3627057,-2275616740.6371803
7462,2455552.604801758,-5985566435.168272,3074299473.8086348,-2275628024.2045484
7463,2455552.8548229686,-5984944950.666587,3074231170.7926164,-2275640056.0275135
7464,2455553.104843883,-5984325384.209051,3074174132.3514385,-2275655736.0263815
7465,2455553.354864489,-5983715018.529814,3074118162.9148755,-2275670634.998078
7466,2455553.6048852955,-5983102718.027988,3074056630.581576,-2275681890.9360595
7467,2455553.854906309,-5982481319.332674,3073999788.422277,-2275693957.4798617
7468,2455554.1049270206,-5981862043.282996,3073954180.6272607,-2275709658.1492105
7469,2455554.3549474264,-5981251980.415107,3073909498.327517,-2275724514.8423276
7470,2455554.604968036,-5980639872.640139,3073859286.4952393,-2275735742.387875
7471,2455554.8549888465,-5980018750.058602,3073813910.0186043,-2275747842.6815596
7472,2455555.1050093486,-5979399954.5910225,3073779735.276119,-2275763562.015591
7473,2455555.3550295485,-5978790382.55423,3073746343.114299,-2275778374.7223673
7474,2455555.6050499547,-5978178656.7757435,3073707457.2460685,-2275789573.295977
7475,2455555.8550705556,-5977558002.958271,3073673551.2606077,-2275801706.562054
7476,2455556.105090842,-5976939880.810983,3073650811.7850904,-2275817442.7796345
7477,2455556.355110829,-5976330990.448733,3073628712.403585,-2275832210.0611215
7478,2455556.6051310254,-5975719839.033959,3073601157.3617835,-2275843379.3717456
7479,2455556.85515141,-5975099849.921457,3073578725.782086,-2275855545.1244407
7480,2455557.1051714746,-5974482597.256895,3073567422.6377425,-2275871296.7598796
7481,2455557.355191243,-5973874583.003045,3073556617.2905507,-2275886017.5280004
7482,2455557.605211222,-5973264202.083794,3073540396.2469654,-2275897157.6457396
7483,2455557.855231384,-5972645077.471097,3073529440.956227,-2275909355.754662
7484,2455558.10525122,-5972028894.335007,3073529572.8842134,-2275925121.712287
7485,2455558.3552707625,-5971421954.568869,3073530060.239209,-2275939795.2744827
7486,2455558.6052905186,-5970812544.292633,3073525173.462636,-2275950906.6652417
7487,2455558.855310451,-5970194487.97749,3073525693.096299,-2275963137.380895
7488,2455559.1053300514,-5969579578.349931,3073537255.303902,-2275978916.9518976
7489,2455559.3553493614,-5968973915.353787,3073549030.244939,-2275993543.0190206
7490,2455559.6053688875,-5968365679.751321,3073555473.9228497,-2276004626.5434666
7491,2455559.8553885836,-5967748899.316153,3073567462.7168775,-2276016890.4883327
7492,2455560.105407942,-5967135470.813496,3073590445.758253,-2276032683.3348465
7493,2455560.355427013,-5966531290.400462,3073613498.302008,-2276047261.9980273
7494,2455560.6054463023,-5965924436.943382,3073631263.496945,-2276058318.881284
7495,2455560.855465755,-5965309143.246975,3073654710.2878423,-2276070617.0133357
7496,2455561.1054848647,-5964697406.553204,3073689099.110823,-2276086423.1265955
7497,2455561.35550369,-5964094917.443159,3073723413.5019493,-2276100954.810012
7498,2455561.605522736,-5963489656.36772,3073752485.2965755,-2276111986.588928
7499,2455561.8555419385,-5962876062.82013,3073787372.719174,-2276124320.144176
7500,2455562.1055607926,-5962266230.917834,3073833145.9179883,-2276140139.783169
7501,2455562.3555793655,-5961665643.928691,3073878699.9373975,-2276154625.1787224
7502,2455562.6055981615,-5961062187.3899555,3073919056.799688,-2276165633.6325407
7503,2455562.855617107,-5960450509.072867,3073965360.7117977,-2276178004.0523453
7504,2455563.105635699,-5959842796.334502,3074022490.013115,-2276193837.6684375
7505,2455563.355654013,-5959244323.448884,3074079254.5260143,-2276208277.6578584
7506,2455563.605672552,-5958642884.565942,3074130867.9201727,-2276219264.7277966
7507,2455563.855691234,-5958033337.260157,3074188557.078668,-2276231673.576534
7508,2455564.105709557,-5957427958.463498,3074257007.0843577,-2276247521.730001
7509,2455564.3557276055,-5956831811.8374405,3074324945.84926,-2276261917.3004155
7510,2455564.6057458813,-5956232603.699266,3074387780.1109467,-2276272885.0045204
7511,2455564.855764293,-5955625402.892507,3074456816.1142435,-2276285333.884433
7512,2455565.1057823407,-5955022572.236777,3074536544.3109145,-2276301197.1599426
7513,2455565.355800118,-5954428963.230027,3074615614.0540867,-2276315549.3203135
7514,2455565.605818124,-5953832197.944268,3074689626.52767,-2276326499.671216
7515,2455565.8558362597,-5953227557.903215,3074769964.0145493,-2276338990.1422
7516,2455566.1058540256,-5952627488.110487,3074860921.0315795,-2276354869.071224
7517,2455566.3558715247,-5952036626.422503,3074951071.7597947,-2276369178.7775784
7518,2455566.6058892547,-5951442514.289368,3075036213.1613445,-2276380113.7108903
7519,2455566.8559071077,-5950840647.274917,3075127800.2208185,-2276392647.2227435
7520,2455567.1059245863,-5950243548.8512335,3075229930.282639,-2276408542.22002
7521,2455567.3559418013,-5949655641.831313,3075331105.771535,-2276422810.316044
7522,2455567.6059592497,-5949064390.703699,3075427320.70742,-2276433731.635327
7523,2455567.855976814,-5948465506.38218,3075530099.422931,-2276446309.4776216
7524,2455568.1059939987,-5947871587.081686,3075643340.913495,-2276462220.7960196
7525,2455568.3560109246,-5947286839.24648,3075755479.2856936,-2276476447.9725494
7526,2455568.6060280846,-5946698654.0991745,3075862706.83831,-2276487357.3133535
7527,2455568.8560453546,-5946102959.161527,3075976613.8767643,-2276499980.5843945
7528,2455569.1060622404,-5945512423.654944,3076100899.9273243,-2276515908.2886686
7529,2455569.356078871,-5944931036.40419,3076223934.2332354,-2276530095.06152
7530,2455569.606095738,-5944346119.092853,3076342108.530295,-2276540993.8730383
7531,2455569.856112707,-5943753817.053365,3076467075.6971045,-2276553663.465592
7532,2455570.106129288,-5943166866.763957,3076602334.72408,-2276569607.421874
7533,2455570.356145618,-5942589038.250151,3076736193.458946,-2276583754.1242294
7534,2455570.6061621862,-5942007587.409615,3076865244.1672387,-2276594643.6641803
7535,2455570.85617885,-5941418878.528334,3077001198.8761525,-2276607360.262994
7536,2455571.106195121,-5940835711.575403,3077147355.0263453,-2276623320.1386676
7537,2455571.356211145,-5940261636.664606,3077291962.549364,-2276637426.9223843
7538,2455571.606227409,-5939683847.681808,3077431815.2673774,-2276648308.2592444
7539,2455571.8562437617,-5939098928.945291,3077578680.908056,-2276661072.3444037
7540,2455572.1062597176,-5938519740.130074,3077735654.4024014,-2276677047.612353
7541,2455572.356275431,-5937949610.389744,3077890931.257021,-2276691114.4522114
7542,2455572.6062913854,-5937375675.389044,3078041507.813202,-2276701988.4690475
7543,2455572.856307422,-5936794740.489819,3078199204.0304174,-2276714800.3196244
7544,2455573.106323058,-5936219721.267366,3078366911.4268527,-2276730790.261564
7545,2455573.3563384553,-5935653724.928512,3078532774.589021,-2276744816.9575305
7546,2455573.6063540955,-5935083832.720947,3078693993.278059,-2276755684.352818
7547,2455573.856369811,-5934507071.991704,3078862436.200206,-2276768544.0466075
7548,2455574.106385122,-5933936410.389743,3079040790.6180587,-2276784547.751749
7549,2455574.356400199,-5933374732.2497,3079217153.719125,-2276798533.925914
7550,2455574.6064155204,-5932809068.217914,3079388929.5269256,-2276809395.208544
7551,2455574.85643091,-5932236668.498153,3079568031.9979906,-2276822302.6156387
7552,2455575.1064458913,-5931670548.966814,3079756943.3612046,-2276838318.9729834
7553,2455575.3564606435,-5931113370.223084,3079943716.945542,-2276852264.0600986
7554,2455575.606475641,-5930552116.139321,3080125961.8252306,-2276863119.5380993
7555,2455575.8564907005,-5929984260.5790825,3080315633.704442,-2276876074.3084803
7556,2455576.106505348,-5929422863.783944,3080515009.0692716,-2276892101.9936523
7557,2455576.3565197703,-5928870361.819714,3080712100.9530582,-2276906005.226932
7558,2455576.60653444,-5928313695.626396,3080904724.2186494,-2276916854.992381
7559,2455576.8565491647,-5927750563.465953,3081104872.8137484,-2276929856.5408206
7560,2455577.1065634736,-5927194066.072971,3081314616.84522,-2276945894.001624
7561,2455577.3565775626,-5926646414.25341,3081521932.6380568,-2276959754.3989987
7562,2455577.6065919,-5926094509.876094,3081724841.533377,-2276970598.315313
7563,2455577.8566062856,-5925536276.282495,3081935372.2196183,-2276983645.8108463
7564,2455578.106620252,-5924984850.827196,3082155387.8616195,-2276999691.2598424
7565,2455578.356634003,-5924442218.409924,3082372831.6864905,-2277013507.619971
7566,2455578.6066480046,-5923895245.71691,3082585932.1536074,-2277024345.321967
7567,2455578.856662047,-5923342081.8018675,3082806749.1890655,-2277037437.6932516
7568,2455579.1066756668,-5922795896.776197,3083036938.522596,-2277053489.119564
7569,2455579.356689077,-5922258449.076865,3083264413.910279,-2277067260.0405927
7570,2455579.6067027375,-5921716574.131645,3083487611.5125003,-2277078090.960843
7571,2455579.856716433,-5921168647.29937,3083718618.9816194,-2277091226.931271
7572,2455580.1067297026,-5920627867.603884,3083958884.1780233,-2277107282.145413
7573,2455580.356742767,-5920095766.559616,3084196295.0161157,-2277121006.079908
7574,2455580.606756084,-5919559152.299367,3084429495.8682966,-2277131829.514075
7575,2455580.856769428,-5919016627.04299,3084670598.578807,-2277145007.6780834
7576,2455581.106782344,-5918481414.903178,3084920842.746378,-2277161064.3994966
7577,2455581.3567950595,-5917954820.106909,3085168094.0565724,-2277174739.7528634
7578,2455581.6068080286,-5917423627.488957,3085411205.514792,-2277185554.968608
7579,2455581.856821018,-5916886666.6411915,3085662309.5828786,-2277198773.910559
7580,2455582.106833576,-5916357182.952378,3085922437.2303286,-2277214829.895494
7581,2455582.3568459386,-5915836253.078144,3086179435.493075,-2277228455.161485
7582,2455582.6068585557,-5915310642.567532,3086432366.326198,-2277239261.540111
7583,2455582.8568711868,-5914779408.830718,3086693379.1845965,-2277252519.98058
7584,2455583.1068833834,-5914255814.710095,3086963296.057479,-2277268573.170905
7585,2455583.3568953895,-5913740709.063796,3087229948.8705497,-2277282147.080487
7586,2455583.606907651,-5913220842.157265,3087492608.7396526,-2277292944.263912
7587,2455583.856919919,-5912695499.576053,3087763438.4419622,-2277306241.20288
7588,2455584.10693175,-5912177957.761319,3088043050.6589046,-2277322289.863018
7589,2455584.3569433964,-5911668837.582687,3088319265.715305,-2277335811.51244
7590,2455584.606955298,-5911154877.992166,3088591564.007456,-2277346599.520736
7591,2455584.8569672,-5910635593.000587,3088872117.9363613,-2277359934.3435116
7592,2455585.106978662,-5910124268.746951,3089161330.591897,-2277375977.1530237
7593,2455585.356989944,-5909621297.945263,3089447014.198269,-2277389446.081281
7594,2455585.607001482,-5909113412.163753,3089728858.483605,-2277400225.3745046
7595,2455585.857013013,-5908600353.977708,3090019041.770988,-2277413597.8982635
7596,2455586.107024102,-5908095415.278295,3090317757.3420243,-2277429633.9828844
7597,2455586.3570350157,-5907598760.484488,3090612812.8328743,-2277443050.1867456
7598,2455586.6070461865,-5907097117.6757,3090904107.307136,-2277453821.6645813
7599,2455586.857057343,-5906590458.029726,3091203821.3244815,-2277467232.124224
7600,2455587.107068055,-5906092075.212563,3091511938.2248793,-2277483261.0290313
7601,2455587.3570785965,-5905601905.250075,3091816264.594019,-2277496624.92394
7602,2455587.6070893956,-5905106676.606699,3092116908.797712,-2277507389.875524
7603,2455587.8571001734,-5904606589.014895,3092426049.9720526,-2277520838.8645577
7604,2455588.107110504,-5904114933.923038,3092743461.4708495,-2277536860.4874625
7605,2455588.3571206704,-5903631418.922291,3093056952.3939404,-2277550172.8343425
7606,2455588.6071310937,-5903142776.728019,3093366840.34006,-2277560932.8594923
7607,2455588.8571414887,-5902649435.507018,3093685299.3868427,-2277574421.247514
7608,2455589.1071514348,-5902164680.495852,3094011892.943454,-2277590435.754355
7609,2455589.357161221,-5901687990.876755,3094334436.210534,-2277603697.572802
7610,2455589.6071712654,-5901206107.482342,3094653455.909619,-2277614454.4939876
7611,2455589.857181274,-5900719686.728986,3094981117.4456973,-2277627983.3386292
7612,2455590.107190831,-5900242003.653393,3095316774.404804,-2277643991.07596
7613,2455590.3572002347,-5899772309.127511,3095648251.6898465,-2277657203.55803
7614,2455590.6072098957,-5899297355.971051,3095976284.9880614,-2277667959.3353305
7615,2455590.857219514,-5898818028.603939,3096313027.4335256,-2277681529.7990613
7616,2455591.1072286796,-5898347587.884633,3096657622.9850364,-2277697531.2132316
7617,2455591.357237696,-5897885056.54788,3096997909.857656,-2277710695.6446123
7618,2455591.6072469708,-5897417203.273652,3097334832.495604,-2277721452.2989826
7619,2455591.857256195,-5896945140.178658,3097680528.176627,-2277735065.5748324
7620,2455592.107264965,-5896482109.975698,3098033931.498686,-2277751061.1402373
7621,2455592.3572735917,-5896026907.509692,3098382897.6028957,-2277764178.8307796
7622,2455592.607282476,-5895566321.195916,3098728579.427443,-2277774938.3768344
7623,2455592.8572913036,-5895101690.480244,3099083094.8198857,-2277788595.623678
7624,2455593.1072996752,-5894646235.974301,3099445169.352051,-2277804585.780519
7625,2455593.3573079086,-5894198524.954517,3099802678.706114,-2277817658.004184
7626,2455593.6073164,-5893745369.447265,3100156983.995366,-2277828422.392384
7627,2455593.8573248275,-5893288335.799212,3100520180.0745916,-2277842124.679676
7628,2455594.1073327973,-5892840618.57851,3100890783.8911133,-2277858109.7811832
7629,2455594.357340635,-5892400557.88869,3101256695.2818003,-2277871137.7254577
7630,2455594.6073487303,-5891954993.242947,3101619483.1591387,-2277881908.7938957
7631,2455594.8573567546,-5891505717.400295,3101991215.8335533,-2277895657.056196
7632,2455595.10736432,-5891065894.958073,3102370202.0948663,-2277911637.325816
7633,2455595.357371759,-5890633639.317159,3102744369.544247,-2277924622.0512705
7634,2455595.6073794556,-5890195821.352643,3103115494.4587975,-2277935401.4877925
7635,2455595.8573870743,-5889754459.68803,3103495615.0633006,-2277949196.489942
7636,2455596.1073942333,-5889322685.039059,3103882832.52034,-2277965171.989372
7637,2455596.3574012714,-5888898384.648853,3104265105.797821,-2277978114.400172
7638,2455596.607408567,-5888468464.627837,3104644418.042206,-2277988903.7156067
7639,2455596.857415777,-5888035168.856801,3105032773.860406,-2278002746.029064
7640,2455597.1074225274,-5887611590.276408,3105428067.3789535,-2278018716.6375413
7641,2455597.357429162,-5887195390.590968,3105818292.524394,-2278031617.463129
7642,2455597.607436054,-5886773515.015946,3106205638.75441,-2278042417.9754744
7643,2455597.8574428544,-5886348432.022048,3106602073.5338387,-2278056307.965474
7644,2455598.1074491935,-5885933192.89863,3107005284.6029425,-2278072273.3695297
7645,2455598.357455423,-5885525234.502264,3107403304.4253125,-2278085133.1563506
7646,2455598.6074619093,-5885111545.016634,3107798528.1473355,-2278095945.984525
7647,2455598.8574682977,-5884694816.773088,3108202882.574897,-2278109883.8061476
7648,2455599.1074742237,-5884288055.549605,3108613849.7690067,-2278125843.4976974
7649,2455599.3574800463,-5883888474.115882,3109019504.293167,-2278138662.60856
7650,2455599.6074861255,-5883483107.476929,3109422446.294826,-2278149488.6729164
7651,2455599.8574920995,-5883074871.031215,3109834558.4120054,-2278163474.2731276
7652,2455600.1074976115,-5882676721.200121,3110253117.790347,-2278179427.552657
7653,2455600.357503026,-5882285647.494381,3110666244.6397305,-2278192206.1702867
7654,2455600.6075086957,-5881888735.57975,3111076743.356601,-2278203046.196452
7655,2455600.8575142543,-5881489123.061898,3111496448.911878,-2278217079.3185215
7656,2455601.1075193505,-5881099713.174007,3111922434.357479,-2278233025.299766
7657,2455601.357524355,-5880717273.060372,3112342869.0801773,-2278245763.4310107
7658,2455601.607529615,-5880328942.870088,3112760760.9107976,-2278256617.953518
7659,2455601.8575347564,-5879938081.488104,3113187893.666579,-2278270698.140467
7660,2455602.107539436,-5879557535.140938,3113621137.187152,-2278286635.7534285
7661,2455602.357544029,-5879183849.561988,3114048713.552205,-2278299333.2311573
7662,2455602.6075488776,-5878804223.187237,3114473833.1527953,-2278310202.594234
7663,2455602.8575536013,-5878422235.184511,3114908225.182539,-2278324329.188972
7664,2455603.1075578625,-5878050670.969135,3115348557.2129054,-2278340257.179282
7665,2455603.3575620437,-5877685855.881839,3115783107.5203424,-2278352913.6604357
7666,2455603.6075664796,-5877315050.42927,3116215288.1262507,-2278363798.014821
7667,2455603.8575707846,-5876942052.998456,3116656770.151976,-2278377970.1563683
7668,2455604.107574627,-5876579584.405432,3117104019.910984,-2278393887.080958
7669,2455604.357578396,-5876223750.680823,3117545375.3709035,-2278406502.041299
7670,2455604.6075824187,-5875861878.167324,3117984449.2018604,-2278417401.3383813
7671,2455604.8575863033,-5875497983.343644,3118432851.030176,-2278431617.956132
7672,2455605.107589727,-5875144718.659773,3118886846.9907317,-2278447522.1779356
7673,2455605.3575930824,-5874797971.987373,3119334838.2295523,-2278460094.907127
7674,2455605.607596691,-5874445139.256301,3119780637.0353293,-2278471008.8948326
7675,2455605.8576001558,-5874090453.851849,3120235788.145933,-2278485268.7062874
7676,2455606.1076031593,-5873746496.120399,3120696358.6677914,-2278501158.394422
7677,2455606.3576061013,-5873408937.001476,3121150816.4054294,-2278513687.998846
7678,2455606.6076092958,-5873065245.756043,3121603172.187914,-2278524616.227847
7679,2455606.85761234,-5872719871.442423,3122064902.5006204,-2278538917.7494016
7680,2455607.1076149233,-5872385318.605432,3122531876.639824,-2278554790.895401
7681,2455607.357617452,-5872057042.564369,3122992632.5367618,-2278567276.3203244
7682,2455607.6076202313,-5871722589.656805,3123451378.4297075,-2278578218.1729584
7683,2455607.8576228544,-5871386623.342203,3123919519.2108955,-2278592559.7568526
7684,2455608.107625018,-5871061568.71614,3124392727.643444,-2278608414.22053
7685,2455608.3576271324,-5870742666.883124,3124859615.2294483,-2278620854.3053446
7686,2455608.607629497,-5870417545.010899,3125324586.4194913,-2278631809.0609245
7687,2455608.857631699,-5870091079.656478,3125798971.1813602,-2278646188.97144
7688,2455609.1076334426,-5869775612.874069,3126278247.0632215,-2278662022.5683255
7689,2455609.357635143,-5869466173.053658,3126751102.538245,-2278674416.1451845
7690,2455609.607637093,-5869150471.95261,3127222136.9871798,-2278685383.089872
7691,2455609.8576388736,-5868833597.886234,3127702602.1115746,-2278699799.6241827
7692,2455610.107640197,-5868527806.323797,3128187781.582369,-2278715610.256455
7693,2455610.3576414837,-5868227914.523348,3128666444.1783056,-2278727956.290139
7694,2455610.607643018,-5867921722.580292,3129143382.8237066,-2278738934.8645415
7695,2455610.8576443777,-5867614529.173982,3129629767.5850525,-2278753386.506437
7696,2455611.1076452807,-5867318499.6712675,3130120689.5981708,-2278769172.320364
7697,2455611.3576461533,-5867028241.836079,3130605001.203928,-2278781470.066821
7698,2455611.6076472728,-5866731647.808935,3131087687.3727374,-2278792460.023449
7699,2455611.8576482106,-5866434225.1535,3131579833.1394353,-2278806945.597214
7700,2455612.1076486935,-5866148045.612205,3132076338.4545903,-2278822705.130104
7701,2455612.357649152,-5865867509.116114,3132566142.408024,-2278834954.273274
7702,2455612.6076498562,-5865580603.485619,3133054420.4229946,-2278845955.801101
7703,2455612.857650372,-5865293043.576682,3133552169.099402,-2278860474.581824
7704,2455613.1076504346,-5865016803.958252,3134054098.584606,-2278876206.855376
7705,2455613.357650479,-5864746078.393532,3134549237.862331,-2278888407.5812697
7706,2455613.607650767,-5864468953.930414,3135042951.151648,-2278899421.359795
7707,2455613.857650861,-5864191351.00532,3135546143.2417183,-2278913973.107357
7708,2455614.107650503,-5863925143.436354,3136053335.924585,-2278929677.6408925
7709,2455614.357650133,-5863664320.490805,3136553651.2136245,-2278941830.629603
7710,2455614.6076500043,-5863397071.912722,3137052640.43496,-2278952857.8008223
7711,2455614.8576496765,-5863129521.9018755,3137561113.248483,-2278967442.713854
7712,2455615.1076488975,-5862873439.939249,3138073404.6297674,-2278983119.461622
7713,2455615.357648113,-5862622612.496314,3138578732.7688227,-2278995225.809151
7714,2455615.607647568,-5862365335.425809,3139082834.3955116,-2279006267.8861575
7715,2455615.8576468173,-5862107934.794303,3139596420.792111,-2279020886.500406
7716,2455616.107645618,-5861862072.177303,3140113641.7543573,-2279036535.7420053
7717,2455616.357644418,-5861621333.003518,3140623814.8092313,-2279048596.8443284
7718,2455616.6076434567,-5861374122.613992,3141132860.3719296,-2279059655.5911994
7719,2455616.857642283,-5861126966.988925,3141651388.165162,-2279074308.65781
7720,2455617.1076406627,-5860891416.269074,3142173364.5311966,-2279089930.876722
7721,2455617.3576390482,-5860660856.663598,3142688209.4968133,-2279101948.309717
7722,2455617.6076376704,-5860423806.362321,3143202025.417915,-2279113025.6240993
7723,2455617.8576360745,-5860186989.261891,3143725317.3303256,-2279127713.9963646
7724,2455618.1076340335,-5859961840.588671,3144251869.92496,-2279143309.77179
7725,2455618.357632004,-5859741549.231968,3144771208.879174,-2279155285.1884394
7726,2455618.60763021,-5859514749.575223,3145289616.7060294,-2279166383.0045323
7727,2455618.8576281914,-5859288361.393401,3145817490.6701183,-2279181107.547196
7728,2455619.1076257303,-5859073701.570166,3146348435.6763725,-2279196677.4697094
7729,2455619.357623287,-5858863763.649799,3146872086.179502,-2279208612.5217857
7730,2455619.607621077,-5858647301.535455,3147394903.0181623,-2279219732.7379875
7731,2455619.8576186365,-5858431428.799015,3147927172.636744,-2279234494.260838
7732,2455620.107615756,-5858227340.601876,3148462322.0747585,-2279250038.871456
7733,2455620.357612899,-5858027837.188396,3148990097.65982,-2279261935.1534786
7734,2455620.607610273,-5857821795.283497,3149517136.6720076,-2279273079.581041
7735,2455620.857607412,-5857616520.127384,3150053611.7187104,-2279287878.7920737
7736,2455621.1076041125,-5857423081.824819,3150592773.9460135,-2279303398.53933
7737,2455621.357600843,-5857234089.430798,3151124484.615378,-2279315257.5489388
7738,2455621.6075978028,-5857038545.764889,3151655555.5103974,-2279326427.875514
7739,2455621.857594521,-5856843945.556687,3152196042.416782,-2279341265.347576
7740,2455622.107590804,-5856661230.562749,3152739022.609458,-2279356760.5566463
7741,2455622.357587123,-5856482820.820918,3153274475.3090353,-2279368583.665702
7742,2455622.6075836685,-5856297848.485531,3153809384.8118196,-2279379781.428514
7743,2455622.857579968,-5856113995.544751,3154353687.130609,-2279394657.5745797
7744,2455623.1075758347,-5855942072.157105,3154900287.7417684,-2279410128.4241953
7745,2455623.3575717434,-5855774311.575004,3155439286.8145456,-2279421916.8568773
7746,2455623.6075678766,-5855599978.49276,3155977839.1155705,-2279433143.4222417
7747,2455623.8575637583,-5855426939.874071,3156525757.968626,-2279448058.4766164
7748,2455624.1075592097,-5855265871.071771,3157075779.1746173,-2279463504.9814982
7749,2455624.35755471,-5855108820.842955,3157618126.804784,-2279475259.7976317
7750,2455624.6075504324,-5854945189.59103,3158160124.003188,-2279486516.3455014
7751,2455624.8575458974,-5854783026.920649,3158711458.5249033,-2279501470.3499417
7752,2455625.107540936,-5854632870.214398,3159264698.6685543,-2279516892.3481345
7753,2455625.357536029,-5854486586.082005,3159810195.323832,-2279528614.4313374
7754,2455625.607531342,-5854333713.768209,3160355437.8694153,-2279539901.9447255
7755,2455625.857526393,-5854182483.133379,3160909985.6489277,-2279554894.739495
7756,2455626.1075210203,-5854043290.469436,3161466241.681044,-2279570291.8846555
7757,2455626.3575157085,-5853907822.643814,3162014686.5522237,-2279581981.9355187
7758,2455626.607510614,-5853765760.837065,3162562973.6830206,-2279593301.1949115
7759,2455626.8575052526,-5853625512.729935,3163120531.200056,-2279608332.414833
7760,2455627.107499471,-5853497330.448001,3163679599.1122465,-2279623704.1735253
7761,2455627.3574937563,-5853372723.577558,3164230790.541525,-2279635362.7076883
7762,2455627.6074882564,-5853241518.290266,3164781920.7076564,-2279646714.290232
7763,2455627.8574824845,-5853112297.601871,3165342283.75204,-2279661783.365349
7764,2455628.1074762964,-5852995166.440802,3165903958.990747,-2279677129.0187545
7765,2455628.357470181,-5852881459.627824,3166457694.8790627,-2279688756.369141
7766,2455628.6074642786,-5852761151.339917,3167011466.1436524,-2279700140.651658
7767,2455628.857458099,-5852642997.39199,3167574430.210503,-2279715246.8113885
7768,2455629.1074515064,-5852536952.529239,3168138508.0658994,-2279730565.460189
7769,2455629.3574449928,-5852434179.3750725,3168694586.254853,-2279742161.782016
7770,2455629.6074386896,-5852324803.082702,3169250796.670104,-2279753578.946365
7771,2455629.8574321046,-5852217749.679563,3169816157.331535,-2279768721.225594
7772,2455630.107425111,-5852122820.786012,3170382433.304968,-2279784011.796333
7773,2455630.3574182023,-5852031009.447004,3170940651.940387,-2279795577.0732474
7774,2455630.6074115015,-5851932594.717903,3171499099.909286,-2279807027.1124496
7775,2455630.8574045138,-5851836670.2012005,3172066653.1765103,-2279822204.357991
7776,2455631.1073971214,-5851752881.495568,3172634923.344118,-2279837465.60958
7777,2455631.3573898203,-5851672054.736165,3173195081.242403,-2279848999.6597433
7778,2455631.6073827245,-5851584625.760507,3173755565.890612,-2279860482.3839083
7779,2455631.8573753373,-5851499853.058899,3174325108.5944867,-2279875693.260731
7780,2455632.1073675496,-5851427223.357819,3174895169.998099,-2279890923.7907877
7781,2455632.3573598587,-5851357398.601245,3175457067.0492506,-2279902426.272994
7782,2455632.607352371,-5851280974.243638,3176019388.64366,-2279913941.31562
7783,2455632.8573445873,-5851207370.928892,3176590718.8720765,-2279929184.313942
7784,2455633.107336407,-5851145913.710461,3177162369.9771943,-2279944382.56662
7785,2455633.3573283306,-5851087103.112009,3177725807.625052,-2279955852.98878
7786,2455633.607320454,-5851021696.997274,3178289768.0792756,-2279967399.8164506
7787,2455633.857312277,-5850959275.387663,3178862685.7105727,-2279982673.263352
7788,2455634.107303708,-5850908998.91814,3179435726.9684253,-2279997837.5431705
7789,2455634.357295248,-5850861209.519896,3180000508.8016343,-2280009275.27845
7790,2455634.607286986,-5850806830.221148,3180565912.296936,-2280020853.2099686
7791,2455634.8572784197,-5850755597.610222,3181140219.6511483,-2280036155.2925067
7792,2455635.107269465,-5850716505.221604,3181714454.1781607,-2280051283.7918816
7793,2455635.357260626,-5850679739.28568,3182280386.6345,-2280062688.1110187
7794,2455635.6072519817,-5850636390.720204,3182847040.3461137,-2280074296.3553348
7795,2455635.8572430285,-5850596349.844262,3183422542.928977,-2280089625.165057
7796,2455636.1072336924,-5850568440.482201,3183997777.2608585,-2280104716.0159454
7797,2455636.3572244775,-5850542696.125888,3184564670.3822846,-2280116086.1463947
7798,2455636.607215454,-5850510378.2837715,3185132385.2261634,-2280127723.870064
7799,2455636.8572061183,-5850481528.151056,3185708892.456408,-2280143077.4794374
7800,2455637.1071964037,-5850464797.310173,3186284937.2413483,-2280158128.838896
7801,2455637.357186816,-5850450069.549506,3186852605.316835,-2280169464.05965
7802,2455637.6071774177,-5850428779.645697,3187421196.5260644,-2280181130.4911246
7803,2455637.8571677026,-5850411116.796096,3187998522.2278886,-2280196507.067178
7804,2455638.1071576136,-5850405557.883343,3188575192.615045,-2280211517.239571
7805,2455638.3571476573,-5850401840.091155,3189143454.4448633,-2280222817.0111094
7806,2455638.6071378873,-5850391574.105745,3189712741.691289,-2280234511.5777235
7807,2455638.857127796,-5850385094.218767,3190290704.055726,-2280249909.524585
7808,2455639.107117336,-5850390700.210409,3190867819.4789653,-2280264877.10749
7809,2455639.3571070144,-5850397985.79836,3191436497.966007,-2280276141.218937
7810,2455639.6070968756,-5850398740.156642,3192006304.749255,-2280287863.693429
7811,2455639.8570864117,-5850403439.701182,3192584725.5152555,-2280303281.79574
7812,2455640.107075584,-5850420204.731852,3193162108.6640925,-2280318205.8168316
7813,2455640.3570649005,-5850438488.645623,3193731029.5779347,-2280329434.5132756
7814,2455640.6070543965,-5850450261.586403,3194301181.7931094,-2280341185.129465
7815,2455640.8570435634,-5850466139.032039,3194879884.635277,-2280356622.6539483
7816,2455641.1070323717,-5850494059.421045,3195457359.6835103,-2280371502.655225
7817,2455641.3570213295,-5850523338.955774,3196026349.7561364,-2280382696.7021494
7818,2455641.6070104633,-5850546131.11496,3196596673.6886334,-2280394476.1986046
7819,2455641.856999264,-5850573187.269976,3197175482.1465697,-2280409932.916258
7820,2455642.1069877115,-5850612261.606201,3197752872.652723,-2280424768.953474
7821,2455642.3569763135,-5850652536.235737,3198321757.487777,-2280435929.6128216
7822,2455642.6069650883,-5850686350.224446,3198892077.7698827,-2280447739.1867933
7823,2455642.856953527,-5850724587.575463,3199470813.2887187,-2280463215.3064933
7824,2455643.106941616,-5850774815.836886,3200047940.352679,-2280478007.863537
7825,2455643.356929866,-5850826086.135076,3200616542.726629,-2280489136.7903876
7826,2455643.606918285,-5850870925.28897,3201186680.8079796,-2280500977.979654
7827,2455643.856906364,-5850920346.609083,3201765161.3969193,-2280516474.0184584
7828,2455644.106894099,-5850981728.662005,3202341842.518253,-2280531223.8687525
7829,2455644.3568820003,-5851043994.724295,3202909981.444543,-2280542322.966082
7830,2455644.6068700664,-5851099861.478232,3203479754.863998,-2280554197.5000134
7831,2455644.856857789,-5851160468.185441,3204057794.5724936,-2280569714.1337013
7832,2455645.1068451735,-5851233002.1549635,3204633843.321387,-2280584422.1925
7833,2455645.356832729,-5851306262.004298,3205201333.903186,-2280595493.4669614
7834,2455645.6068204464,-5851373156.353782,3205770556.3091836,-2280607403.1276484
7835,2455645.8568078163,-5851444947.046119,3206347965.3982224,-2280622941.058976
7836,2455646.106794853,-5851528627.938918,3206923191.7181563,-2280637608.259788
7837,2455646.356782067,-5851612876.244945,3207489845.5626836,-2280648653.7068863
7838,2455646.606769439,-5851690794.5673685,3208058327.2212276,-2280660600.223697
7839,2455646.85675646,-5851773763.950279,3208634912.7472577,-2280676160.0866785
7840,2455647.1067431537,-5851868582.68918,3209209123.596515,-2280690787.2950897
7841,2455647.356730029,-5851963809.907011,3209774749.4976726,-2280701808.8222256
7842,2455647.606717059,-5852052744.200241,3210342298.0028048,-2280713793.803922
7843,2455647.856703735,-5852146882.420705,3210917864.54404,-2280729376.104575
7844,2455648.1066900897,-5852252825.268455,3211490864.626102,-2280743964.066754
7845,2455648.3566766307,-5852359017.143988,3212055269.289249,-2280754963.4487686
7846,2455648.606663323,-5852458954.60497,3212621690.275788,-2280766988.3456964
7847,2455648.856649658,-5852564246.89662,3213196040.6277776,-2280782593.430276
7848,2455649.1066356776,-5852681295.160433,3213767633.0643873,-2280797142.7461557
7849,2455649.356621889,-5852798432.485722,3214330621.7532287,-2280808121.6027055
7850,2455649.6066082474,-5852909355.3089485,3214895719.5165124,-2280820187.6881456
7851,2455649.8565942463,-5853025781.827967,3215468655.2843556,-2280835815.727939
7852,2455650.106579935,-5853153911.7271805,3216038642.179164,-2280850326.8384995
7853,2455650.3565658205,-5853281970.233184,3216600019.2508864,-2280861286.623237
7854,2455650.6065518497,-5853403855.52302,3217163597.2554755,-2280873394.984506
7855,2455650.8565375167,-5853531391.276623,3217734919.338217,-2280889045.968572
7856,2455651.106522879,-5853670573.884024,3218303102.237893,-2280903519.1494107
7857,2455651.356508444,-5853809524.190571,3218862671.5826592,-2280914461.1439886
7858,2455651.6064941483,-5853942343.916576,3219424532.8834443,-2280926612.677118
7859,2455651.8564794874,-5854080958.722538,3219994041.879717,-2280942286.407615
7860,2455652.106464529,-5854231159.926944,3220560222.1657157,-2280956721.764297
7861,2455652.3564497773,-5854380967.506065,3221117787.5864396,-2280967647.073478
7862,2455652.6064351615,-5854524688.465736,3221677735.1996493,-2280979842.478525
7863,2455652.8564201784,-5854674346.915074,3222245231.772681,-2280995538.566366
7864,2455653.1064049033,-5854835527.384339,3222809211.0213904,-2281009936.0298967
7865,2455653.35638984,-5854996152.522682,3223364576.5904493,-2281020845.576688
7866,2455653.606374909,-5855150736.303107,3223922413.8495984,-2281033085.3530874
7867,2455653.8563596085,-5855311397.722639,3224487699.08438,-2281048803.2137585
7868,2455654.106344022,-5855483512.86836,3225049279.425886,-2281063162.5364337
7869,2455654.3563286527,-5855654910.633833,3225602249.846129,-2281074057.0578227
7870,2455654.6063134116,-5855820313.580759,3226157780.7670946,-2281086341.500658
7871,2455654.8562977985,-5855991932.006686,3226720656.540613,-2281102080.3513193
7872,2455655.106281906,-5856174931.963806,3227279641.033614,-2281116401.1042047
7873,2455655.3562662355,-5856357052.191186,3227830022.0178237,-2281127281.14893
7874,2455655.6062506894,-5856533225.401201,3228383051.6838527,-2281139610.3475585
7875,2455655.856234769,-5856715749.579845,3228943321.05596,-2281155369.2068543
7876,2455656.1062185755,-5856909579.217281,3229499514.083385,-2281169650.7803717
7877,2455656.3562026094,-5857102366.528512,3230047112.7539215,-2281180516.7100873
7878,2455656.606186764,-5857289255.879203,3230597447.7197633,-2281192890.55045
7879,2455656.856170541,-5857482629.308624,3231154915.341718,-2281208668.242249
7880,2455657.106154053,-5857687228.2832575,3231708123.022212,-2281222909.850908
7881,2455657.3561377963,-5857890622.153052,3232252748.3244696,-2281233761.8456674
7882,2455657.6061216565,-5858088168.3799515,3232800197.032269,-2281246180.017019
7883,2455657.856105138,-5858292329.399427,3233354669.5649886,-2281261975.178687
7884,2455658.106088361,-5858507632.258606,3233904700.172096,-2281276175.8704147
7885,2455658.356071819,-5858721567.128775,3234446163.293918,-2281287013.9387746
7886,2455658.6060553906,-5858929705.950937,3234990536.493679,-2281299475.9450045
7887,2455658.8560385816,-5859144587.878764,3235541823.0295124,-2281315287.040195
7888,2455659.1060215207,-5859370524.210584,3236088487.4138327,-2281329445.710156
7889,2455659.3560047,-5859594929.651672,3236626602.2079487,-2281340269.703768
7890,2455659.605987989,-5859813591.944254,3237167713.3815155,-2281352774.879136
7891,2455659.855970895,-5860039123.262334,3237715625.8706384,-2281368600.2149553
7892,2455660.105953556,-5860275617.892985,3238258737.888327,-2281382715.623824
7893,2455660.3559364625,-5860510418.813787,3238793321.303257,-2281393525.2565656
7894,2455660.605919474,-5860739530.829923,3239330987.099515,-2281406072.7861443
7895,2455660.855902102,-5860975635.42014,3239875340.7906604,-2281421910.535237
7896,2455661.105884491,-5861222608.666418,3240414717.7494645,-2281435981.332683
7897,2455661.35586713,-5861467725.583079,3240945590.2814684,-2281446776.205484
7898,2455661.60584987,-5861707209.241256,3241479630.976026,-2281459365.1518455
7899,2455661.855832225,-5861953806.694581,3242020244.884751,-2281475213.381343
7900,2455662.105814349,-5862211174.697808,3242555708.020174,-2281489238.1371617
7901,2455662.3557967264,-5862466524.094633,3243082694.1970415,-2281500017.77144
7902,2455662.6057792013,-5862716297.3695965,3243612934.184352,-2281512647.11098
7903,2455662.855761289,-5862973303.412108,3244149631.5929327,-2281528503.822231
7904,2455663.105743153,-5863240978.603899,3244681006.5733056,-2281542481.069572
7905,2455663.3557252754,-5863506473.4422455,3245203935.462062,-2281553244.9541836
7906,2455663.605707491,-5863766450.921354,3245730203.76382,-2281565913.6284904
7907,2455663.8556893184,-5864033778.023978,3246262812.7267246,-2281581776.813341
7908,2455664.1056709285,-5864311669.794404,3246789930.1496263,-2281595705.109991
7909,2455664.3556528017,-5864587220.242646,3247308635.837451,-2281606452.767808
7910,2455664.6056347634,-5864857313.921374,3247830766.561901,-2281619159.756129
7911,2455664.855616336,-5865134872.165557,3248359120.335259,-2281635027.475515
7912,2455665.105597699,-5865422887.801795,3248881816.1163135,-2281648905.4884667
7913,2455665.3555793283,-5865708402.2471485,3249396138.0475345,-2281659636.567039
7914,2455665.6055610427,-5865988522.613876,3249913970.6637697,-2281672380.9832373
7915,2455665.855542367,-5866276220.848602,3250437907.904412,-2281688251.4700794
7916,2455666.105523488,-5866574266.760591,3250956023.3864665,-2281702078.083587
7917,2455666.3555048797,-5866869653.096178,3251465806.3676033,-2281712792.467764
7918,2455666.605486352,-5867159710.471639,3251979185.5935807,-2281725573.6770587
7919,2455666.855467433,-5867457457.694983,3252498550.1169314,-2281741445.4558973
7920,2455667.1054483186,-5867765440.825104,3253011931.684343,-2281755219.892084
7921,2455667.355429479,-5868070607.869549,3253517025.3435507,-2281765917.824166
7922,2455667.605410715,-5868370513.816422,3254025800.4430375,-2281778735.561579
7923,2455667.855391559,-5868678220.554194,3254540440.351957,-2281794607.56313
7924,2455668.1053722147,-5868996049.701059,3255048938.3879113,-2281808329.489822
7925,2455668.355353148,-5869310908.440827,3255549195.962109,-2281819011.6684914
7926,2455668.605334154,-5869620576.898301,3256053219.3683815,-2281831866.127359
7927,2455668.8553147665,-5869938156.205974,3256562985.5242057,-2281847737.7643023
7928,2455669.1052951976,-5870265742.868994,3257066452.74358,-2281861407.355174
7929,2455669.3552759103,-5870590207.121636,3257561729.2929254,-2281872074.9780602
7930,2455669.6052566906,-5870909554.8674135,3258060854.730094,-2281884966.8342443
7931,2455669.855237077,-5871236922.576218,3258565598.8090663,-2281900838.0060744
7932,2455670.105217289,-5871574180.974975,3259063888.2801905,-2281914455.9245386
7933,2455670.355197787,-5871908167.1750345,3259554038.708221,-2281925110.6506333
7934,2455670.605178347,-5872237113.377667,3260048119.244702,-2281938041.004499
7935,2455670.855158513,-5872574187.420565,3260547691.858727,-2281953912.0201926
7936,2455671.105138512,-5872921033.606584,3261040655.2228847,-2281967479.32342
7937,2455671.3551187995,-5873264459.71934,3261525532.62443,-2281978123.159795
7938,2455671.605099145,-5873602924.675781,3262014419.176496,-2281991093.408364
7939,2455671.8550790953,-5873949623.675998,3262508668.554109,-2282006964.8468776
7940,2455672.105058886,-5874305974.001397,3262996154.8994637,-2282020482.8369145
7941,2455672.3550389693,-5874658757.90119,3263475609.6387134,-2282031117.9829106
7942,2455672.605019105,-5875006661.356075,3263959150.259363,-2282044129.660272
7943,2455672.854998846,-5875362902.919476,3264447921.7456255,-2282060002.210294
7944,2455673.1049784347,-5875728672.3322115,3264929777.3121223,-2282073472.275556
7945,2455673.354958318,-5876090730.12684,3265403656.922927,-2282084100.968125
7946,2455673.604938251,-5876447989.6501665,3265881696.885513,-2282097155.5968747
7947,2455673.8549177875,-5876813688.818332,3266364833.1927443,-2282113029.916313
7948,2455674.1048971796,-5877188789.408057,3266840901.770117,-2282126453.400347
7949,2455674.3548768694,-5877560034.089454,3267309051.48117,-2282137077.7930403
7950,2455674.604856604,-5877926563.841433,3267781433.9122705,-2282150176.7743726
7951,2455674.8548359424,-5878301631.977608,3268258775.8401346,-2282166053.391905
7952,2455675.1048151436,-5878685971.9852705,3268728899.554083,-2282179431.5062933
7953,2455675.3547946457,-5879066312.561084,3269191163.1221533,-2282190053.5933676
7954,2455675.604774188,-5879442022.542433,3269657729.865715,-2282203198.142222
7955,2455675.854753334,-5879826366.696586,3270129117.1808558,-2282219077.40284
7956,2455676.10473235,-5880219849.987453,3270593137.37329,-2282232411.1820803
7957,2455676.3547116704,-5880609191.052735,3271049357.952367,-2282243032.7620687
7958,2455676.6046910263,-5880993986.76622,3271509950.4192424,-2282256223.8789244
7959,2455676.8546699863,-5881387509.418249,3271975222.6774406,-2282272105.922844
7960,2455677.104648824,-5881790035.297222,3272432980.6942363,-2282285396.209094
7961,2455677.3546279683,-5882188276.911255,3272883001.5845275,-2282296018.874689
7962,2455677.604607144,-5882582059.290874,3273337461.4609003,-2282309257.3401537
7963,2455677.8545859237,-5882984658.324563,3273796458.673531,-2282325142.1012177
7964,2455678.104564589,-5883396121.546805,3274247796.487611,-2282338389.5453153
7965,2455678.354543564,-5883803159.271816,3274691461.715667,-2282349014.686426
7966,2455678.6045225654,-5884205824.742684,3275139631.5026503,-2282362301.0662494
7967,2455678.8545011715,-5884617393.5218315,3275592194.6378636,-2282378188.278262
7968,2455679.1044796705,-5885037684.379817,3276036955.3133907,-2282391393.3464074
7969,2455679.3544584825,-5885453409.373069,3276474110.0622168,-2282402022.1568904
7970,2455679.6044373163,-5885864849.9446335,3276915833.47606,-2282415356.808947
7971,2455679.8544157553,-5886285277.405205,3277361804.832452,-2282431246.0125594
7972,2455680.1043940946,-5886714281.817094,3277799832.874478,-2282444408.992337
7973,2455680.35437275,-5887138580.912241,3278230323.8125696,-2282455042.4750834
7974,2455680.6043514223,-5887558684.250982,3278665446.097653,-2282468425.553941
7975,2455680.8543297006,-5887987854.965269,3279104669.6046906,-2282484316.100579
7976,2455681.104307887,-5888425454.529875,3279535811.2492385,-2282497437.1036725
7977,2455681.354286392,-5888858210.281303,3279959486.8136206,-2282508076.0721483
7978,2455681.60426491,-5889286859.744742,3280387855.022498,-2282521507.530068
7979,2455681.854243034,-5889724653.946701,3280820176.5203395,-2282537398.5823865
7980,2455682.104221075,-5890170725.960894,3281244280.015673,-2282550477.5440264
7981,2455682.354199436,-5890611816.653207,3281660990.6970453,-2282561122.6209035
7982,2455682.6041778056,-5891048891.29281,3282082453.982651,-2282574602.2063026
7983,2455682.8541557826,-5891495184.877129,3282507721.5233555,-2282590492.7366595
7984,2455683.104133684,-5891949602.332809,3282924637.440821,-2282603529.413719
7985,2455683.3541119085,-5892398901.976452,3283334236.1054583,-2282614181.0287533
7986,2455683.6040901365,-5892844276.534,3283748646.0562167,-2282627708.284652
7987,2455683.8540679733,-5893298941.056425,3284166710.252831,-2282643597.0743003
7988,2455684.104045742,-5893761572.647017,3284576291.8494997,-2282656591.0448956
7989,2455684.3540238366,-5894218950.99195,3284978634.115768,-2282667249.4351277
7990,2455684.60400193,-5894672495.922664,3285385845.1469984,-2282680823.700682
7991,2455684.8539796337,-5895135398.6359825,3285796559.5795183,-2282696709.342863
7992,2455685.1039572773,-5895606108.807201,3286198663.2170973,-2282709660.010642
7993,2455685.353935248,-5896071431.409387,3286593607.8867173,-2282720325.226042
7994,2455685.603913214,-5896533012.966136,3286993477.684299,-2282733945.644254
7995,2455685.853890791,-5897004016.925034,3287396699.354365,-2282749826.5541425
7996,2455686.1038683164,-5897482666.0019455,3287791184.9625344,-2282762733.1600842
7997,2455686.353846171,-5897955794.372805,3288178594.491154,-2282773405.077277
7998,2455686.603824016,-5898425274.77939,3288570984.488767,-2282787070.611236
7999,2455686.853801474,-5898904239.039804,3288966574.301697,-2282802945.044844
8000,2455687.103778888,-5899390683.452943,3289353305.862059,-2282815806.6884055
8001,2455687.353756633,-5899871475.311856,3289733046.843508,-2282826485.034053
8002,2455687.603734365,-5900348713.042522,3290117822.7064004,-2282840194.4930277
8003,2455687.853711711,-5900835492.969627,3290505645.9524736,-2282856060.57608
8004,2455688.10368902,-5901329585.591615,3290884491.9745955,-2282868876.246452
8005,2455688.353666663,-5901817895.230087,3291256435.6101174,-2282879560.6308146
8006,2455688.603644288,-5902302745.401403,3291633467.6969914,-2282893312.706504
8007,2455688.853621529,-5902797193.090363,3292013394.5043526,-2282909168.473423
8008,2455689.1035987413,-5903298783.68531,3292384228.4670463,-2282921937.090857
8009,2455689.353576289,-5903794462.443868,3292748250.9937935,-2282932627.0513983
8010,2455689.6035538143,-5904286777.319264,3293117414.772325,-2282946420.3641615
8011,2455689.8535309574,-5904788742.128685,3293489320.5079193,-2282962263.806922
8012,2455690.1035080794,-5905297677.914554,3293852021.243196,-2282974984.273888
8013,2455690.353485539,-5905800574.7731085,3294208004.2999926,-2282985679.328775
8014,2455690.6034629717,-5906300204.381918,3294569180.6940184,-2282999512.483779
8015,2455690.8534400235,-5906809533.583235,3294932946.290376,-2283015341.6107206
8016,2455691.103417063,-5907325659.912016,3295287398.286762,-2283028012.8731146
8017,2455691.3533944413,-5907835622.200395,3295635229.191991,-2283038712.5849276
8018,2455691.6033717883,-5908342415.079697,3295988304.832604,-2283052584.238721
8019,2455691.853348756,-5908858954.632266,3296343817.008999,-2283068397.143863
8020,2455692.1033257195,-5909382115.798668,3296689910.598234,-2283081018.262816
8021,2455692.3533030236,-5909898990.038248,3297029482.49847,-2283091722.313038
8022,2455692.6032802914,-5910412794.107926,3297374349.831272,-2283105631.2509437
8023,2455692.853257182,-5910936389.568358,3297721501.1543775,-2283121426.194013
8024,2455693.1032340764,-5911466429.752337,3298059132.5189624,-2283133996.428124
8025,2455693.3532113126,-5911990062.629186,3298390344.3375945,-2283144704.70163
8026,2455693.603188508,-5912510726.193663,3298726901.507029,-2283158649.924555
8027,2455693.853165329,-5913041223.743924,3299065590.2040358,-2283174425.4194317
8028,2455694.103142161,-5913577988.060391,3299394661.1110773,-2283186944.3140154
8029,2455694.353119336,-5914108227.489718,3299717417.1960945,-2283197656.988842
8030,2455694.603096466,-5914635600.310285,3300045567.6013727,-2283211637.8032556
8031,2455694.853073223,-5915172847.830368,3300375697.0174975,-2283227392.7069936
8032,2455695.103049999,-5915716183.391787,3300696114.171186,-2283239860.1806455
8033,2455695.3530271193,-5916252879.557669,3301010323.538166,-2283250577.8113427
8034,2455695.6030041897,-5916786813.856557,3301329974.964539,-2283264593.908781
8035,2455695.85298089,-5917330661.879705,3301651452.5808845,-2283280327.495554
8036,2455696.1029576166,-5917880418.686676,3301963126.5265307,-2283292743.9065084
8037,2455696.3529346883,-5918423424.850786,3302268701.652028,-2283303467.481819
8038,2455696.6029117056,-5918963776.02192,3302579764.9599524,-2283317518.9871035
8039,2455696.8528883546,-5919514078.332097,3302892500.9865017,-2283333230.985285
8040,2455697.102865038,-5920070109.74143,3303195344.6177435,-2283345597.1552873
8041,2455697.3528420674,-5920619282.566087,3303492199.8751774,-2283356328.1078515
8042,2455697.6028190376,-5921165909.340723,3303794587.382618,-2283370415.574404
8043,2455697.8527956423,-5921722522.971504,3304098493.1060452,-2283386106.1465755
8044,2455698.1027722885,-5922284685.520521,3304392419.9988933,-2283398423.3243732
8045,2455698.352749281,-5922839884.71312,3304680470.0022597,-2283409163.477564
8046,2455698.602726211,-5923392648.6242075,3304974093.863159,-2283423287.818533
8047,2455698.8527027764,-5923955433.147689,3305269080.084194,-2283438957.477531
8048,2455699.1026793914,-5924523585.6748905,3305554003.016276,-2283451227.2400684
8049,2455699.3526563537,-5925084672.950527,3305833161.2444386,-2283461978.6954813
8050,2455699.602633248,-5925643437.152694,3306117932.199825,-2283476141.059675
8051,2455699.852609781,-5926212253.376272,3306403908.1288614,-2283491790.5350003
8052,2455700.1025863714,-5926786255.61554,3306679738.133407,-2283504014.645864
8053,2455700.352563309,-5927353093.210651,3306949916.1541576,-2283514779.6358542
8054,2455700.602540174,-5927917720.937997,3307225742.934501,-2283528981.2570395
8055,2455700.8525166805,-5928492429.332314,3307502615.774872,-2283544611.343332
8056,2455701.1024932517,-5929072140.335299,3307769261.902896,-2283556791.602398
8057,2455701.3524701707,-5929644589.447041,3308030369.3096237,-2283567572.342905
8058,2455701.602447013,-5930214942.4919615,3308297158.7387524,-2283581814.397946
8059,2455701.852423499,-5930795401.7301035,3308564833.9459863,-2283597425.8201623
8060,2455702.1024000575,-5931380678.482617,3308822203.665796,-2283609563.9370704
8061,2455702.352376964,-5931958597.9756775,3309074148.6017294,-2283620362.510572
8062,2455702.602353789,-5932534535.497644,3309331806.229667,-2283634646.012865
8063,2455702.852330261,-5933120601.375055,3309590188.2346225,-2283650239.3306594
8064,2455703.102306813,-5933711297.832733,3309838188.225965,-2283662336.8402047
8065,2455703.352283713,-5934294543.391716,3310080878.2320275,-2283673155.122369
8066,2455703.602260527,-5934875921.186413,3310329309.22077,-2283687480.8597646
8067,2455703.8522369913,-5935467446.005126,3310578302.337065,-2283703056.415944
8068,2455704.1022135434,-5936063412.587396,3310816839.404852,-2283715114.6363063
8069,2455704.3521904433,-5936651836.313188,3311050182.327418,-2283725954.2635984
8070,2455704.602167253,-5937238506.504288,3311289292.342702,-2283740322.774858
8071,2455704.852143716,-5937835338.852606,3311528801.632901,-2283755880.679512
8072,2455705.102120274,-5938436422.300864,3311757783.539362,-2283767900.7028
8073,2455705.3520971807,-5939029872.637014,3311981688.3229294,-2283778763.0689254
8074,2455705.6020739926,-5939621683.661868,3312211384.2842035,-2283793174.645534
8075,2455705.852050461,-5940223668.451423,3312441316.2639303,-2283808714.781997
8076,2455706.102027032,-5940829711.908145,3312660652.384381,-2283820697.483182
8077,2455706.352003951,-5941428033.752675,3312875029.6791124,-2283831583.7505593
8078,2455706.601980772,-5942024830.499771,3313095220.3204308,-2283846038.450485
8079,2455706.851957252,-5942631809.122519,3313315483.4736233,-2283861560.4904156
8080,2455707.1019338425,-5943242652.300913,3313525085.2673674,-2283873506.5427146
8081,2455707.351910781,-5943845687.182018,3313729847.8587384,-2283884417.6579976
8082,2455707.601887617,-5944447311.168143,3313940444.1212273,-2283898915.3213935
8083,2455707.851864116,-5945059121.671771,3314150949.258538,-2283914418.74002
8084,2455708.101840732,-5945674601.025401,3314350730.595969,-2283926328.628902
8085,2455708.351817697,-5946282187.261121,3314545793.704854,-2283937265.335806
8086,2455708.6017945544,-5946888476.779307,3314746709.0147023,-2283951805.5969715
8087,2455708.8517710785,-5947504954.002702,3314947369.532883,-2283967289.683747
8088,2455709.1017477284,-5948124902.846464,3315137246.9393144,-2283979163.715734
8089,2455709.3517247257,-5948736875.649478,3315322528.454812,-2283990126.5622687
8090,2455709.6017016117,-5949347665.857929,3315513678.9497323,-2284004708.8557773
8091,2455709.851678168,-5949968641.505261,3315704411.054856,-2284020172.719165
8092,2455710.1016548574,-5950592890.074578,3315884303.9332733,-2284032011.0248985
8093,2455710.351631894,-5951209081.596448,3316059724.6388254,-2284043000.3650923
8094,2455710.601608815,-5951824204.549615,3316241029.401633,-2284057623.9268146
8095,2455710.8515854105,-5952449507.210885,3316421752.35268,-2284073066.494549
8096,2455711.1015621466,-5953077882.673175,3316591583.239111,-2284084869.027973
8097,2455711.351539229,-5953698122.007848,3316757067.0826497,-2284095885.0204425
8098,2455711.6015161923,-5954317406.655047,3316928448.4293423,-2284110548.8862834
8099,2455711.851492834,-5954946861.803679,3317099084.845499,-2284125968.9042807
8100,2455712.101469623,-5955579188.25716,3317258779.7362328,-2284137735.4415374
8101,2455712.3514467585,-5956203301.443259,3317414254.179188,-2284148778.0489216
8102,2455712.60142377,-5956826573.638516,3317575638.0313535,-2284163481.0555673
8103,2455712.851400465,-5957460003.653075,3317736114.2877073,-2284178877.0901103
8104,2455713.101377314,-5958096102.163488,3317885603.0574923,-2284190607.233014
8105,2455713.351354509,-5958723912.238668,3318030999.515536,-2284201676.227249
8106,2455713.6013315767,-5959350994.816859,3318182315.863706,-2284216417.0200386
8107,2455713.8513083304,-5959988219.083709,3318332562.575358,-2284231787.468424
8108,2455714.101285247,-5960627907.816356,3318471779.4795284,-2284243480.657701
8109,2455714.3512625084,-5961259234.981115,3318607033.8411193,-2284254575.6362634
8110,2455714.6012396384,-5961889947.957333,3318748217.277932,-2284269352.689205
8111,2455714.851216459,-5962530783.109421,3318888169.843977,-2284284695.8035746
8112,2455715.1011934495,-5963173877.609282,3319017054.0689163,-2284296351.3462768
8113,2455715.3511707843,-5963808539.549602,3319142107.249069,-2284307471.763535
8114,2455715.601147983,-5964442700.486823,3319273097.523007,-2284322283.415042
8115,2455715.8511248776,-5965086960.81858,3319402696.6751676,-2284337597.342478
8116,2455716.101101949,-5965733274.472557,3319521192.876347,-2284349214.456111
8117,2455716.3510793634,-5966371086.868871,3319635991.339989,-2284360359.6715293
8118,2455716.6010566386,-5967008511.434,3319756733.860194,-2284375204.1770096
8119,2455716.8510336136,-5967656009.504653,3319875926.143656,-2284390487.016267
8120,2455717.101010772,-5968305354.190248,3319983984.8968616,-2284402064.889168
8121,2455717.350988273,-5968946131.408643,3320088481.076578,-2284413234.231245
8122,2455717.600965631,-5969586634.104652,3320198927.2937202,-2284428109.83061
8123,2455717.8509426927,-5970237181.509568,3320307665.4063487,-2284443359.7027383
8124,2455718.100919946,-5970889368.40155,3320405243.50061,-2284454897.5672812
8125,2455718.35089754,-5971532924.331484,3320499396.0406437,-2284466090.409188
8126,2455718.6008749874,-5972176319.363307,3320599503.6398196,-2284480995.4047184
8127,2455718.850852143,-5972829727.625014,3320697746.570579,-2284496210.532556
8128,2455719.100829497,-5973484568.1068125,3320784807.0889425,-2284507707.745695
8129,2455719.3508071904,-5974130717.08789,3320868580.86711,-2284518923.586739
8130,2455719.6007847334,-5974776819.301112,3320958313.730241,-2284533856.4252505
8131,2455719.8507619896,-5975432900.81665,3321046026.6601396,-2284549035.215573
8132,2455720.1007394507,-5976090207.43147,3321122538.817258,-2284560491.340409
8133,2455720.35071725,-5976738765.203241,3321195904.719048,-2284571729.8869824
8134,2455720.600694895,-5977387391.029221,3321275232.635824,-2284586689.239951
8135,2455720.8506722576,-5978045960.007377,3321352386.584611,-2284601830.3619647
8136,2455721.1006498323,-5978705547.382563,3321418325.308013,-2284613245.244014
8137,2455721.3506277436,-5979356331.990992,3321481259.7429514,-2284624506.4837503
8138,2455721.6006054967,-5980007300.331969,3321550157.862961,-2284639491.3191705
8139,2455721.850582972,-5980668173.653357,3321616729.0763445,-2284654593.7731385
8140,2455722.100560666,-5981329859.329986,3321672074.3281565,-2284665967.605049
8141,2455722.350538695,-5981982691.920831,3321724558.486934,-2284677251.867689
8142,2455722.6005165624,-5982635824.902653,3321783006.5135355,-2284692261.506966
8143,2455722.8504941566,-5983298822.827032,3321838975.594157,-2284707324.6760774
8144,2455723.1004719757,-5983962427.915303,3321883711.439664,-2284718658.043547
8145,2455723.3504501283,-5984617133.330421,3321925730.302697,-2284729966.040898
8146,2455723.600428115,-5985272256.833937,3321973711.4448905,-2284745000.19273
8147,2455723.850405834,-5985937203.460968,3322019062.2501435,-2284760023.869804
8148,2455724.1003837846,-5986602553.022527,3322053175.705017,-2284771317.769981
8149,2455724.3503620657,-5987258960.096042,3322084716.8449006,-2284782650.6059604
8150,2455724.6003401782,-5987915903.961204,3322122216.581911,-2284797709.3680124
8151,2455724.8503180267,-5988582627.336759,3322156934.9574065,-2284812693.7478085
8152,2455725.1002961136,-5989249550.386546,3322180414.6980214,-2284823949.571225
8153,2455725.3502745293,-5989907491.836335,3322201466.9771953,-2284835308.713473
8154,2455725.600252772,-5990566089.639951,3322228471.754952,-2284850392.533991
8155,2455725.8502307567,-5991234421.418101,3322252544.240979,-2284865338.1643558
8156,2455726.1002089856,-5991902750.468437,3322265379.3329225,-2284876557.6350408
8157,2455726.350187541,-5992562062.3216505,3322275931.668228,-2284887944.8443775
8158,2455726.60016592,-5993222150.687313,3322292427.7143865,-2284903054.4419537
8159,2455726.850144045,-5993891925.329611,3322305840.4242983,-2284917962.134237
8160,2455727.1001224206,-5994561495.48407,3322308019.2767706,-2284929147.2109156
8161,2455727.350101121,-5995222016.072927,3322308059.683509,-2284940564.4343753
8162,2455727.6000796407,-5995883433.579532,3322314032.153549,-2284955700.684305
8163,2455727.850057912,-5996554487.188909,3322316770.031353,-2284970571.3941565
8164,2455728.1000364404,-5997225134.914063,3322308279.7742434,-2284981724.1464276
8165,2455728.3500152905,-5997886703.599218,3322297794.870349,-2284993173.3902884
8166,2455728.599993957,-5998549289.472355,3322293227.4841228,-2285008337.1962485
8167,2455728.84997238,-5999221458.4693365,3322285274.0747633,-2285023171.8953824
8168,2455729.099951066,-5999893020.271183,3322266100.461756,-2285034294.3768206
8169,2455729.3499300713,-6000555476.133429,3322245075.502081,-2285045777.5825424
8170,2455729.5999088897,-6001219068.9684515,3322229950.705386,-2285060969.7569118
8171,2455729.8498874693,-6001892188.860633,3322211288.4358463,-2285075769.3189044
8172,2455730.0998663185,-6002564500.112398,3322181416.235512,-2285086863.459294
8173,2455730.3498454844,-6003227680.849294,3322149835.6035805,-2285098382.4033184
8174,2455730.5998244593,-6003892117.587097,3322124135.149749,-2285113603.575353
8175,2455730.8498032014,-6004566022.032225,3322094745.987158,-2285128368.6924887
8176,2455731.0997822187,-6005238916.129277,3322054159.703863,-2285139436.223635
8177,2455731.3497615503,-6005902657.304599,3322012007.6832294,-2285150992.4526777
8178,2455731.599740688,-6006567772.577995,3321975713.4426346,-2285166243.0133314
8179,2455731.8497195984,-6007242292.82763,3321935579.7284303,-2285180974.1503887
8180,2455732.0996987894,-6007915600.725473,3321884264.4484863,-2285192016.5684843
8181,2455732.3496782924,-6008579735.397365,3321831526.0706234,-2285203611.3704596
8182,2455732.599657598,-6009245361.245588,3321784620.8710003,-2285218891.4514623
8183,2455732.8496366814,-6009920325.94088,3321733726.144076,-2285233588.8318443
8184,2455733.099616052,-6010593876.024749,3321671668.3334255,-2285244607.389797
8185,2455733.3495957316,-6011258234.681321,3321608330.14442,-2285256241.7921333
8186,2455733.599575211,-6011924200.545066,3321550798.502226,-2285271551.269743
8187,2455733.8495544735,-6012599435.764326,3321489128.1903467,-2285286214.883417
8188,2455734.0995340287,-6013273053.940742,3321416316.342716,-2285297210.602027
8189,2455734.3495138907,-6013937464.627453,3321342367.0073934,-2285308885.385892
8190,2455734.5994935487,-6014603597.505852,3321274195.6879435,-2285324223.8977485
8191,2455734.8494729963,-6015278926.9450035,3321201737.623375,-2285338853.5195875
8192,2455735.099452742,-6015952436.838372,3321118162.731833,-2285349827.206533
8193,2455735.3494327916,-6016616725.3642645,3321033593.4638047,-2285361542.926464
8194,2455735.5994126345,-6017282850.026412,3320954771.8726845,-2285376909.8916802
8195,2455735.849392272,-6017958095.211698,3320871516.646897,-2285391505.1011276
8196,2455736.099372214,-6018631318.373107,3320777172.5244174,-2285402457.3695555
8197,2455736.3493524566,-6019295308.511428,3320681977.3767076,-2285414214.371131
8198,2455736.5993324905,-6019961247.686705,3320592497.8247175,-2285429609.007143
8199,2455736.849312324,-6020636228.152879,3320498439.030629,-2285444169.2035713
8200,2455737.099292468,-6021308984.223234,3320393322.5329685,-2285455100.4855046
8201,2455737.349272909,-6021972497.8574,3320287498.6063757,-2285466898.9171977
8202,2455737.5992531385,-6022638072.364276,3320187356.5079083,-2285482320.25031
8203,2455737.849233174,-6023312605.766381,3320082490.931416,-2285496844.661811
8204,2455738.099213525,-6023984712.570108,3319966602.1451545,-2285507755.214907
8205,2455738.349194171,-6024647569.769061,3319850149.7775393,-2285519595.0333176
8206,2455738.599174602,-6025312598.573911,3319739343.8454747,-2285535041.9028745
8207,2455738.849154845,-6025986500.731421,3319623671.668666,-2285549529.5890903
8208,2455739.099135409,-6026657774.3066025,3319497014.125671,-2285560419.49796
8209,2455739.349116265,-6027319793.342344,3319369937.1218576,-2285572300.468278
8210,2455739.599096903,-6027984093.567729,3319248469.6165056,-2285587771.526867
8211,2455739.8490773593,-6028657178.467082,3319121994.6876273,-2285602221.3787866
8212,2455740.099058142,-6029327433.064395,3318984575.658066,-2285613090.554396
8213,2455740.349039213,-6029988430.410305,3318846881.609018,-2285625012.25016
8214,2455740.599020064,-6030651817.337642,3318714758.685794,-2285640505.9643993
8215,2455740.849000739,-6031323897.14395,3318577488.8959317,-2285654916.706231
8216,2455741.098981746,-6031992945.251072,3318429319.7944455,-2285665764.8889513
8217,2455741.3489630376,-6032652735.623224,3318281020.5142746,-2285677726.697061
8218,2455741.598944107,-6033315022.757011,3318138252.69189,-2285693241.355421
8219,2455741.8489250066,-6033985907.907057,3317990200.4725666,-2285707611.555284
8220,2455742.0989062437,-6034653560.374611,3317831297.383317,-2285718438.3285904
8221,2455742.3488877616,-6035311956.89544,3317672409.4605694,-2285730439.4668694
8222,2455742.598869055,-6035972956.170912,3317519012.196023,-2285745973.2017865
8223,2455742.8488501846,-6036642455.630378,3317360195.113174,-2285760301.2985215
8224,2455743.098831657,-6037308521.982472,3317190579.3977675,-2285771106.1205935
8225,2455743.3488134067,-6037965336.548406,3317021124.8129277,-2285783145.674733
8226,2455743.5987949297,-6038624858.76105,3316857119.1229773,-2285798696.505496
8227,2455743.848776295,-6039292780.519553,3316687560.494609,-2285812980.857462
8228,2455744.098758008,-6039957069.515714,3316507259.397984,-2285823763.115738
8229,2455744.348739995,-6040612113.426772,3316327266.1105766,-2285835840.099896
8230,2455744.598721753,-6041269968.930992,3316152679.1322374,-2285851405.999452
8231,2455744.8487033593,-6041936120.769676,3315972408.552591,-2285865644.9571214
8232,2455745.098685318,-6042598441.238362,3315781455.681547,-2285876404.0462537
8233,2455745.3486675476,-6043251526.093954,3315590958.0554485,-2285888517.4862013
8234,2455745.5986495456,-6043907525.757843,3315405823.410108,-2285904096.4691186
8235,2455745.8486313983,-6044571716.258098,3315214877.043567,-2285918288.467032
8236,2455746.098613608,-6045231878.151549,3315013312.58264,-2285929023.88404
8237,2455746.3485960853,-6045882816.94325,3314812351.518446,-2285941172.91502
8238,2455746.5985783287,-6046536773.271705,3314616709.3557844,-2285956763.1372304
8239,2455746.848560433,-6047198812.959658,3314415129.886945,-2285970906.7943735
8240,2455747.0985428994,-6047856628.508731,3314203000.4509897,-2285981618.2387156
8241,2455747.3485256284,-6048505236.774542,3313991623.140398,-2285993802.204637
8242,2455747.598508122,-6049156965.053621,3313785519.794637,-2286009402.0607276
8243,2455747.8484904827,-6049816667.524436,3313573355.986308,-2286023496.2745075
8244,2455748.09847321,-6050471952.331412,3313350714.0821724,-2286034183.737926
8245,2455748.3484561965,-6051118049.207106,3313128973.377894,-2286046402.276724
8246,2455748.5984389447,-6051767368.50575,3312912460.6509547,-2286062010.4799414
8247,2455748.8484215667,-6052424551.367659,3312689766.545365,-2286076054.4995694
8248,2455749.098404559,-6053077125.284082,3312456669.6973333,-2286086718.33229
8249,2455749.348387807,-6053720534.30789,3312224623.1708245,-2286098971.435025
8250,2455749.5983708147,-6054367268.204998,3311997757.3305593,-2286114587.068899
8251,2455749.848353702,-6055021753.724767,3311764591.195377,-2286128580.5385942
8252,2455750.0983369644,-6055671441.410814,3311521100.8467226,-2286139221.4837384
8253,2455750.348320478,-6056311990.993729,3311278809.6544194,-2286151509.520788
8254,2455750.598303749,-6056955967.958884,3311041650.2741747,-2286167132.0572276
8255,2455750.8482869063,-6057607583.352674,3310798073.4224668,-2286181075.025521
8256,2455751.098270443,-6058254214.477026,3310544253.7431345,-2286191694.2195015
8257,2455751.3482542257,-6058891738.011839,3310291781.4301004,-2286204017.9328694
8258,2455751.5982377646,-6059532791.425744,3310044390.19564,-2286219647.2168446
8259,2455751.848221196,-6060181368.792859,3309790465.8017964,-2286233540.113172
8260,2455752.09820501,-6060824777.880536,3309526382.519269,-2286244139.0541363
8261,2455752.3481890666,-6061459113.505562,3309263793.8719068,-2286256499.5186706
8262,2455752.598172877,-6062097081.343154,3309006233.461876,-2286272135.722808
8263,2455752.848156586,-6062742457.271537,3308742025.4742494,-2286285979.305225
8264,2455753.0981406816,-6063382483.233486,3308467744.8233976,-2286296559.793847
8265,2455753.3481250154,-6064013473.28891,3308195104.8624945,-2286308958.351911
8266,2455753.598109101,-6064648197.506763,3307927437.989845,-2286324601.9058223
8267,2455753.848093091,-6065290212.395389,3307653010.224483,-2286338397.1849356
8268,2455754.0980774723,-6065926697.788663,3307368598.097998,-2286348961.2429585
8269,2455754.348062087,-6066554188.018247,3307085971.2914853,-2286361399.4184117
8270,2455754.5980464513,-6067185513.703527,3306808259.983335,-2286377050.9189167
8271,2455754.848030727,-6067824010.864025,3306523675.4740415,-2286390799.0645795
8272,2455755.0980153964,-6068456800.950423,3306229196.8464494,-2286401348.838208
8273,2455755.3480002955,-6069080639.5228615,3305936646.612134,-2286413828.237347
8274,2455755.5979849426,-6069708413.88506,3305648951.7945614,-2286429488.3478966
8275,2455755.847969507,-6070343238.511072,3305354272.46125,-2286443190.5875
8276,2455756.0979544693,-6070972180.210396,3305049791.142528,-2286453728.245065
8277,2455756.3479396557,-6071592216.663869,3304747379.6893578,-2286466250.4546185
8278,2455756.5979245887,-6072216287.97976,3304449761.117022,-2286481919.8044634
8279,2455756.847909446,-6072847286.100779,3304145047.7820573,-2286495577.323848
8280,2455757.097894704,-6073472226.960539,3303830626.5190177,-2286506104.9590907
8281,2455757.347880182,-6074088311.196095,3303518415.0322614,-2286518671.4527655
8282,2455757.597865405,-6074708527.835677,3303210931.554351,-2286534350.5475173
8283,2455757.847850558,-6075335545.383213,3302896244.283892,-2286547964.4059
8284,2455758.097836116,-6075956332.690758,3302571945.171522,-2286558483.957854
8285,2455758.3478218885,-6076568314.136277,3302249994.2893057,-2286571096.0219707
8286,2455758.5978074046,-6077184523.78516,3301932704.3849473,-2286586785.175332
8287,2455758.847792858,-6077807405.878233,3301608103.074982,-2286600356.243138
8288,2455759.0977787185,-6078423886.011775,3301273988.185201,-2286610869.440364
8289,2455759.34776479,-6079031613.04085,3300942358.6632047,-2286623528.125034
8290,2455759.597750603,-6079643662.189618,3300615321.134388,-2286639227.416872
8291,2455759.84773636,-6080262252.695383,3300280866.2228403,-2286652756.3402243
8292,2455760.0977225276,-6080874270.754197,3299936998.3277087,-2286663264.671667
8293,2455760.3477089014,-6081477590.384288,3299595751.7670317,-2286675970.768272
8294,2455760.5976950154,-6082085324.093482,3299259026.464308,-2286691680.0283594
8295,2455760.847681079,-6082699465.456128,3298914779.6469817,-2286705167.2181997
8296,2455761.097667557,-6083306865.148494,3298561222.918808,-2286715671.9273543
8297,2455761.3476542365,-6083905622.983482,3298210422.446004,-2286728425.9678555
8298,2455761.5976406555,-6084508884.87714,3297864070.9241133,-2286744144.7797894
8299,2455761.8476270307,-6085118418.157485,3297510095.781242,-2286757590.419332
8300,2455762.0976138227,-6085721041.879944,3297146916.3868465,-2286768092.5147386
8301,2455762.3476008116,-6086315082.223397,3296786627.2146826,-2286780894.7852774
8302,2455762.5975875384,-6086913714.632104,3296430713.258598,-2286796622.5026827
8303,2455762.847574229,-6087518479.675268,3296067075.744313,-2286810026.565131
8304,2455763.097561339,-6088116168.698484,3295694342.297691,-2286820526.839104
8305,2455763.347548641,-6088705334.752678,3295324632.142567,-2286833377.399888
8306,2455763.5975356796,-6089299178.922151,3294959222.1507454,-2286849113.167071
8307,2455763.8475226886,-6089899014.571446,3294585990.942793,-2286862475.4361086
8308,2455764.0975101204,-6090491609.254333,3294203774.823135,-2286872974.4846473
8309,2455764.347497739,-6091075743.330746,3293824714.194672,-2286885873.189525
8310,2455764.597485094,-6091664639.626612,3293449877.4431634,-2286901615.960566
8311,2455764.847472425,-6092259383.920021,3293067124.1834536,-2286914936.048174
8312,2455765.0974601824,-6092846723.89436,3292675499.7551403,-2286925434.287237
8313,2455765.347448121,-6093425667.584331,3292287162.160065,-2286938380.79883
8314,2455765.5974357952,-6094009455.648434,3291902970.9938455,-2286954129.351564
8315,2455765.8474234533,-6094598945.959587,3291510770.469846,-2286967406.7102723
8316,2455766.097411539,-6095180870.253833,3291109815.257524,-2286977904.386167
8317,2455766.347399802,-6095754464.534841,3290712277.373159,-2286990898.184957
8318,2455766.5973877995,-6096332983.375386,3290318807.381864,-2287006651.128921
8319,2455766.8473757873,-6096917056.488191,3289917237.7072196,-2287019885.058178
8320,2455767.0973642054,-6097493403.586487,3289507032.5849595,-2287030382.2524037
8321,2455767.347352796,-6098061488.866952,3289100374.461587,-2287043422.640743
8322,2455767.5973411202,-6098634576.892113,3288697704.6986036,-2287059178.420655
8323,2455767.8473294415,-6099213069.025708,3288286847.5512695,-2287072368.0695314
8324,2455768.0973181957,-6099783676.885786,3287867477.0028625,-2287082864.7008862
8325,2455768.347307117,-6100346093.019149,3287451782.3501987,-2287095950.805326
8326,2455768.5972957723,-6100913588.052319,3287039995.6479583,-2287111707.704124
8327,2455768.8472844306,-6101486334.881691,3286619936.61559,-2287124852.0749927
8328,2455769.097273525,-6102051040.964497,3286191489.1119275,-2287135347.9042363
8329,2455769.3472627806,-6102607627.292962,3285766845.7108827,-2287148478.6820755
8330,2455769.5972517696,-6103169366.637261,3285346029.1279006,-2287164234.830003
8331,2455769.847240769,-6103736203.384691,3284916858.1892567,-2287177332.7902923
8332,2455770.097230206,-6104294844.777881,3284479426.703439,-2287187827.434938
8333,2455770.3472197996,-6104845440.294427,3284045926.9546523,-2287201001.6930842
8334,2455770.597209126,-6105401260.941284,3283616172.355105,-2287216755.091341
8335,2455770.84719847,-6105962022.638303,3283177984.4860973,-2287229805.4021177
8336,2455771.0971882534,-6106514436.377105,3282731667.121511,-2287240298.3703833
8337,2455771.347178188,-6107058880.111779,3282289408.6909204,-2287253514.8055277
8338,2455771.5971678556,-6107608619.199834,3281850813.400825,-2287269263.3732424
8339,2455771.8471575473,-6108163141.224229,3281403709.2321777,-2287282264.7430367
8340,2455772.0971476804,-6108709164.910032,3280948609.872419,-2287292755.494749
8341,2455772.3471379597,-6109247296.63356,3280497696.324264,-2287306012.7617903
8342,2455772.5971279717,-6109790792.240683,3280050363.736238,-2287321754.412071
8343,2455772.847118014,-6110338911.197563,3279594450.1167316,-2287334705.5802445
8344,2455773.0971085,-6110878383.965771,3279130678.9346504,-2287345193.6172028
8345,2455773.347099127,-6111410045.24131,3278671220.174409,-2287358490.4264603
8346,2455773.5970894857,-6111947137.516375,3278215260.1113973,-2287374223.1697917
8347,2455773.847079883,-6112488692.4427595,3277750650.378402,-2287387123.0150166
8348,2455774.097070724,-6113021456.229695,3277278324.0014086,-2287397607.9937353
8349,2455774.347061701,-6113546491.730751,3276810436.3261094,-2287410943.227044
8350,2455774.5970524107,-6114077024.250492,3276345964.9671073,-2287426665.289216
8351,2455774.8470431645,-6114611857.995889,3275872778.7389445,-2287439512.947511
8352,2455775.097034364,-6115137758.925501,3275392019.902647,-2287449994.79605
8353,2455775.3470256943,-6115656017.811494,3274915825.5138636,-2287463367.621153
8354,2455775.5970167564,-6116179838.927887,3274442964.765938,-2287479077.5532875
8355,2455775.8470078697,-6116707799.455154,3273961327.1743636,-2287491872.5216355
8356,2455776.09699943,-6117226689.074354,3273472263.8207974,-2287502351.535597
8357,2455776.3469911157,-6117738026.143457,3272987889.797685,-2287515761.4935946
8358,2455776.5969825336,-6118254990.039605,3272506766.154397,-2287531458.2494855
8359,2455776.8469740083,-6118775931.369783,3272016806.6002746,-2287544200.451369
8360,2455777.096965932,-6119287667.469289,3271519570.5456142,-2287554677.347032
8361,2455777.3469579746,-6119791943.8461075,3271027147.4418845,-2287568124.3931794
8362,2455777.5969497496,-6120301911.0850725,3270537890.5267735,-2287583807.357098
8363,2455777.8469415884,-6120815693.703255,3270039741.1869636,-2287596497.15645
8364,2455778.0969338766,-6121320140.577972,3269534466.6097717,-2287606973.0711803
8365,2455778.3469262794,-6121817223.829842,3269034126.941691,-2287620457.562822
8366,2455778.5969184134,-6122320061.331735,3268536868.0125346,-2287636126.525423
8367,2455778.846910618,-6122826552.030569,3268030662.3749456,-2287648764.6904664
8368,2455779.096903273,-6123323580.196148,3267517484.396088,-2287659241.1353793
8369,2455779.346896036,-6123813343.932047,3267009361.2803802,-2287672763.775169
8370,2455779.596888531,-6124308924.466729,3266504231.9352837,-2287688418.868349
8371,2455779.8468811032,-6124807995.743929,3265990103.580668,-2287701006.4985247
8372,2455780.0968741262,-6125297481.2494335,3265469157.127576,-2287711485.2784834
8373,2455780.3468672517,-6125779804.359575,3264953383.233777,-2287725047.0291963
8374,2455780.5968601094,-6126268005.725736,3264440514.454506,-2287740688.6369524
8375,2455780.8468530504,-6126759534.913571,3263918596.191246,-2287753227.0702467
8376,2455781.0968464427,-6127241358.430611,3263390015.224422,-2287763710.1884403
8377,2455781.346839932,-6127716124.144979,3262866722.093261,-2287777312.1761527
8378,2455781.5968331536,-6128196828.208114,3262346243.65329,-2287792940.8373265
8379,2455781.846826465,-6128680696.498578,3261816667.011345,-2287805431.55281
8380,2455782.096820228,-6129154742.33955,3261280584.1013527,-2287815921.1135263
8381,2455782.3468140825,-6129621837.245613,3260749901.802334,-2287829564.5315356
8382,2455782.5968076694,-6130094928.961765,3260221942.0010076,-2287845180.845417
8383,2455782.8468013527,-6130571020.440772,3259684837.037751,-2287857625.3705983
8384,2455783.0967954877,-6131037175.606358,3259141383.2392187,-2287868123.488564
8385,2455783.3467897084,-6131496488.713558,3258603440.310218,-2287881809.5092587
8386,2455783.5967836617,-6131961855.214897,3258068125.974157,-2287897414.050257
8387,2455783.846777718,-6132430055.971363,3257523621.333093,-2287909813.8785048
8388,2455784.0967722265,-6132888209.284325,3256972926.2977595,-2287920322.599218
8389,2455784.3467668146,-6133339631.184913,3256427849.9104967,-2287934052.297702
8390,2455784.5967611363,-6133797160.970704,3255885306.608355,-2287949645.5423846
8391,2455784.846755567,-6134257358.31925,3255333529.7792006,-2287962002.063248
8392,2455785.09675045,-6134707399.679515,3254775722.0588555,-2287972523.296822
8393,2455785.3467454067,-6135150821.837983,3254223638.363097,-2287986297.58868
8394,2455785.5967400977,-6135600404.101219,3253673990.7880034,-2288001879.8573804
8395,2455785.846734904,-6136052485.947271,3253115068.523479,-2288014194.3018904
8396,2455786.096730163,-6136494305.73583,3252550276.018441,-2288024729.7723393
8397,2455786.3467254895,-6136929619.933446,3251991310.6202874,-2288038549.3672986
8398,2455786.5967205516,-6137371144.048354,3251434683.094555,-2288054120.782009
8399,2455786.846715735,-6137814998.41941,3250868741.9371247,-2288066394.184496
8400,2455787.0967113706,-6138248487.073183,3250297092.4419484,-2288076945.3958006
8401,2455787.346707069,-6138675585.027371,3249731370.9659944,-2288090810.768407
8402,2455787.5967025026,-6139108940.214844,3249167888.015873,-2288106371.227763
8403,2455787.8466980644,-6139544454.971643,3248595054.8804555,-2288118604.4047303
8404,2455788.0966940783,-6139969502.738992,3248016676.6710715,-2288129172.623782
8405,2455788.346690149,-6140388275.902957,3247444325.3493667,-2288143084.000753
8406,2455788.596685956,-6140813351.074346,3246874112.291984,-2288158633.171403
8407,2455788.846681898,-6141240413.797228,3246294515.0463367,-2288170826.716259
8408,2455789.096678291,-6141656910.664088,3245709537.4508324,-2288181412.9710293
8409,2455789.3466747357,-6142067250.190968,3245130683.681938,-2288195370.333145
8410,2455789.5966709177,-6142483933.949177,3244553867.169493,-2288210907.654836
8411,2455789.8466672404,-6142902431.973084,3243967635.159967,-2288223061.9453964
8412,2455790.0966640143,-6143310267.72792,3243376189.063985,-2288233667.0348377
8413,2455790.346660834,-6143712064.563187,3242790961.8970814,-2288247670.1294746
8414,2455790.596657392,-6144120245.32032,3242207670.377788,-2288263194.829657
8415,2455790.8466540975,-6144530065.874069,3241614934.8650603,-2288275310.043996
8416,2455791.0966512533,-6144929130.264418,3241017153.121904,-2288285934.5550494
8417,2455791.346648449,-6145322275.316657,3240425683.6418343,-2288299982.9145565
8418,2455791.596645385,-6145721841.476889,3239836047.719656,-2288315494.0276804
8419,2455791.846642474,-6146122871.874522,3239236942.212628,-2288327570.163496
8420,2455792.096640013,-6146513054.8026,3238632959.9524236,-2288338214.490454
8421,2455792.346637586,-6146897439.140902,3238035381.566265,-2288352307.45182
8422,2455792.596634901,-6147288279.29795,3237439534.2659354,-2288367803.83886
8423,2455792.846632375,-6147680407.133325,3236834194.765994,-2288379840.7321687
8424,2455793.096630298,-6148061598.844419,3236224149.621684,-2288390505.0945168
8425,2455793.34662825,-6148437113.878936,3235620598.2696443,-2288404641.8167224
8426,2455793.5966259446,-6148819116.988159,3235018675.23459,-2288420122.181801
8427,2455793.8466238054,-6149202230.296776,3234407240.4223256,-2288432119.522204
8428,2455794.0966221136,-6149574321.52859,3233791272.7083926,-2288442803.9786143
8429,2455794.346620445,-6149940859.147111,3233181887.038534,-2288456983.455832
8430,2455794.596618521,-6150313914.650003,3232574026.704336,-2288472446.358513
8431,2455794.8466167687,-6150687902.020957,3231956638.1139545,-2288484403.7001324
8432,2455795.096615464,-6151050784.102357,3231334891.005482,-2288495108.1582346
8433,2455795.3466141764,-6151408236.757021,3230719812.5617247,-2288509329.2290516
8434,2455795.5966126346,-6151772234.658195,3230106156.355896,-2288524773.0930414
8435,2455795.8466112707,-6152136985.302672,3229482958.589085,-2288536689.8624244
8436,2455796.0966103533,-6152490550.21466,3228855578.353355,-2288547414.086247
8437,2455796.3466094476,-6152838810.978508,3228234951.8288083,-2288561675.441368
8438,2455796.596608289,-6153193641.90197,3227615644.4483438,-2288577098.5627093
8439,2455796.846607315,-6153549045.712335,3226986785.477722,-2288588974.067399
8440,2455797.0966067854,-6153893186.15309,3226353921.8064256,-2288599717.6868143
8441,2455797.3466062625,-6154232148.796161,3225727895.4073324,-2288614017.880265
8442,2455797.5966054886,-6154577704.078713,3225103085.2153783,-2288629418.4406633
8443,2455797.8466049046,-6154923651.744454,3224468716.813948,-2288641251.8847613
8444,2455798.0966047645,-6155258261.272935,3223830523.2862244,-2288652014.4139247
8445,2455798.3466046248,-6155587820.440735,3223199249.229125,-2288666351.8853254
8446,2455798.5966042364,-6155923992.353443,3222569088.7843995,-2288681727.978788
8447,2455798.846604044,-6156260375.632451,3221929367.083816,-2288693518.494197
8448,2455799.0966042937,-6156585348.996001,3221286001.7504187,-2288704299.368036
8449,2455799.346604538,-6156905400.60154,3220649636.868401,-2288718672.4852824
8450,2455799.596604536,-6157232082.814638,3220014283.5468593,-2288734022.167483
8451,2455799.846604735,-6157558795.077611,3219369369.665921,-2288745768.8701277
8452,2455800.0966053754,-6157874028.841299,3218720995.675955,-2288756567.5079613
8453,2455800.346606005,-6158184470.785456,3218079702.034056,-2288770974.638801
8454,2455800.596606389,-6158501559.185256,3217439318.6202817,-2288786296.0066996
8455,2455800.8466069815,-6158818496.331396,3216789379.2178354,-2288797998.0840216
8456,2455801.0966080124,-6159123889.892486,3216136165.3191004,-2288808813.9849305
8457,2455801.346609027,-6159424623.176858,3215490110.647434,-2288823253.60008
8458,2455801.5966097983,-6159732017.074266,3214844865.6836386,-2288838544.901957
8459,2455801.8466107836,-6160039078.828479,3214190073.205898,-2288850201.728903
8460,2455802.0966122057,-6160334535.792209,3213532193.874793,-2288861034.592895
8461,2455802.3466136055,-6160625465.961723,3212881551.566484,-2288875505.3912005
8462,2455802.596614764,-6160923069.5875,3212231619.2038074,-2288890765.153954
8463,2455802.8466161424,-6161220161.029674,3211572151.5758543,-2288902376.420417
8464,2455803.0966179557,-6161505590.750787,3210909786.5399137,-2288913226.274453
8465,2455803.3466197406,-6161786629.425329,3210254734.9992514,-2288927727.305653
8466,2455803.5966212866,-6162074353.428336,3209600294.168271,-2288942954.451604
8467,2455803.846623058,-6162361386.432068,3208936333.787208,-2288954520.2707524
8468,2455804.0966252615,-6162636705.367495,3208269666.8470607,-2288965387.5670223
8469,2455804.3466274315,-6162907771.484325,3207610388.1510186,-2288979918.3183303
8470,2455804.596629364,-6163185534.041074,3206951621.076532,-2288995112.237641
8471,2455804.8466315274,-6163462428.228591,3206283353.1970587,-2289006633.2021794
8472,2455805.096634121,-6163727560.718835,3205612570.50489,-2289017518.857508
8473,2455805.3466366753,-6163988581.126694,3204949248.5998945,-2289032079.275847
8474,2455805.5966389943,-6164256308.339179,3204286338.9423594,-2289047239.830669
8475,2455805.8466415494,-6164522991.27691,3203613949.790002,-2289058716.998139
8476,2455806.096644532,-6164777869.537632,3202939237.9633846,-2289069622.3613105
8477,2455806.346647469,-6165028778.788945,3202272056.8082294,-2289084212.8041463
8478,2455806.5966501734,-6165286404.286804,3201605187.861452,-2289099340.2637053
8479,2455806.8466531187,-6165542810.909053,3200928862.9083657,-2289110775.0765877
8480,2455807.096656489,-6165787374.290997,3200250407.4059677,-2289121701.835429
8481,2455807.3466598084,-6166028113.757125,3199579549.4659786,-2289136322.9674425
8482,2455807.596662897,-6166275577.689347,3198908902.7832623,-2289151417.896083
8483,2455807.8466662318,-6166521649.187355,3198228825.5159492,-2289162812.062642
8484,2455808.096669989,-6166755842.983704,3197546809.55405,-2289173762.119799
8485,2455808.346673689,-6166986359.60284,3196872454.8700933,-2289188414.7860804
8486,2455808.5966771604,-6167223607.348063,3196198209.4846087,-2289203477.915708
8487,2455808.8466808833,-6167459289.861467,3195514560.771439,-2289214833.282822
8488,2455809.096685026,-6167683063.997228,3194829164.8332596,-2289225808.6304116
8489,2455809.346689105,-6167903308.977929,3194151490.6657867,-2289240493.7346363
8490,2455809.5966929584,-6168130289.8765545,3193473822.8591743,-2289255525.847478
8491,2455809.8466970683,-6168355533.264685,3192786780.831884,-2289266844.2884192
8492,2455810.096701594,-6168568841.115037,3192098182.6514974,-2289277846.901476
8493,2455810.346706052,-6168778768.809231,3191417363.5563316,-2289292565.305741
8494,2455810.596710285,-6168995435.096818,3190736447.0140734,-2289307567.140715
8495,2455810.8467147807,-6169210191.934722,3190046187.290892,-2289318850.4679546
8496,2455811.096719689,-6169412989.384256,3189354562.1344857,-2289329882.223767
8497,2455811.346724523,-6169612556.410564,3188670770.2934394,-2289344634.674492
8498,2455811.5967291356,-6169818862.405207,3187986776.4753904,-2289359606.859312
8499,2455811.8467340153,-6170023087.2324505,3187293472.5627446,-2289370856.7623644
8500,2455812.0967393043,-6170215331.982086,3186598993.655436,-2289381919.3839664
8501,2455812.3467445136,-6170404496.588735,3185912399.323263,-2289396706.460854
8502,2455812.596749504,-6170600398.107604,3185225497.925002,-2289411649.4658346
8503,2455812.846754766,-6170794046.894414,3184529321.6883373,-2289422867.469421
8504,2455813.0967604346,-6170975697.97296,3183832160.6917853,-2289433962.4880414
8505,2455813.3467660174,-6171154419.592281,3183142932.6787777,-2289448784.5706873
8506,2455813.596771384,-6171339873.546957,3182453292.1164436,-2289463698.6788893
8507,2455813.8467770275,-6171522903.326748,3181754414.26482,-2289474886.1161256
8508,2455814.096783074,-6171693920.75722,3181054741.7611527,-2289486014.8476
8509,2455814.3467890294,-6171862159.704366,3180363047.9163547,-2289500872.095095
8510,2455814.596794771,-6172037123.830732,3179670835.8078184,-2289515757.384544
8511,2455814.8468007944,-6172209492.458744,3178969426.371798,-2289526915.381413
8512,2455815.096807217,-6172369837.043527,3178267412.3385305,-2289538078.9131546
8513,2455815.3468135432,-6172527554.327713,3177573420.0221624,-2289552971.253746
8514,2455815.5968196588,-6172691987.023189,3176878803.6559787,-2289567827.589235
8515,2455815.8468260607,-6172853653.03811,3176175032.451989,-2289578957.058182
8516,2455816.0968328584,-6173003286.243445,3175470846.722006,-2289590156.2449527
8517,2455816.3468395537,-6173150443.475503,3174774723.2613993,-2289605083.3742166
8518,2455816.5968460417,-6173304303.730009,3174077870.0474405,-2289619910.4074225
8519,2455816.8468528204,-6173455226.307051,3173371907.1216083,-2289631012.048977
8520,2455817.0968599916,-6173594110.236827,3172665719.820206,-2289642247.5164285
8521,2455817.3468670547,-6173730669.62406,3171967632.9399614,-2289657208.9030256
8522,2455817.596873914,-6173873917.036095,3171268710.831048,-2289672006.079924
8523,2455817.8468810683,-6174014056.022686,3170560726.8706875,-2289683080.39136
8524,2455818.096888611,-6174142153.472132,3169852708.816717,-2289694352.5462856
8525,2455818.3468960407,-6174268077.889857,3169152827.029297,-2289709347.444087
8526,2455818.596903269,-6174400672.7556505,3168452004.89965,-2289724114.018404
8527,2455818.846910798,-6174529988.776102,3167742171.5980773,-2289735161.3079967
8528,2455819.096918711,-6174647263.349878,3167032494.6551757,-2289746470.353697
8529,2455819.3469265057,-6174762516.47242,3166330987.598661,-2289761497.8185086
8530,2455819.5969341025,-6174884419.928969,3165628435.566977,-2289776232.869236
8531,2455819.846942004,-6175002874.537146,3164916925.9310045,-2289787253.274065
8532,2455820.0969502856,-6175109290.809229,3164205763.3002467,-2289798599.22868
8533,2455820.3469584435,-6175213837.276162,3163502802.0168977,-2289813658.1373305
8534,2455820.596966407,-6175325011.47297,3162798691.7103887,-2289828360.5880713
8535,2455820.8469746793,-6175432567.32691,3162085680.309775,-2289839354.093073
8536,2455821.096983328,-6175528091.015761,3161373206.766082,-2289850736.8085847
8537,2455821.3469918477,-6175621896.606964,3160668963.927391,-2289865825.8781557
8538,2455821.597000176,-6175722304.880267,3159963468.695956,-2289880494.51614
8539,2455821.847008818,-6175818925.913573,3159249131.867466,-2289891460.972437
8540,2455822.0970178316,-6175903524.048757,3158535523.9559436,-2289902880.1525483
8541,2455822.347026712,-6175986555.84615,3157830174.0538154,-2289917997.9581513
8542,2455822.5970354034,-6176076162.875963,3157123469.1573033,-2289932631.451591
8543,2455822.847044413,-6176161814.448855,3156407985.1894917,-2289943570.5930433
8544,2455823.0970537905,-6176235455.515151,3155693421.410878,-2289955025.809229
8545,2455823.347063029,-6176307682.040983,3154987140.946867,-2289970170.8000355
8546,2455823.597072082,-6176386453.984851,3154279403.7497153,-2289984767.7138977
8547,2455823.8470814577,-6176461103.013265,3153562953.08485,-2289995679.172355
8548,2455824.097091197,-6176523757.075718,3152847614.108279,-2290007169.879137
8549,2455824.347100792,-6176585148.416253,3152140581.820277,-2290022340.3941226
8550,2455824.5971102053,-6176653053.0343075,3151431992.0336766,-2290036899.2062855
8551,2455824.8471199446,-6176716668.1180105,3150714757.5272284,-2290047782.5281644
8552,2455825.0971300434,-6176768306.955516,3149998826.46999,-2290059308.0806127
8553,2455825.347139993,-6176818834.90447,3149291223.634879,-2290074502.3677006
8554,2455825.5971497647,-6176875841.717586,3148581963.64313,-2290089021.4898744
8555,2455825.8471598662,-6176928393.31681,3147864130.914235,-2290099876.158914
8556,2455826.0971703227,-6176968990.621455,3147147793.7179785,-2290111435.8379736
8557,2455826.3471806245,-6177008628.908605,3146439804.5543766,-2290126652.082684
8558,2455826.597190752,-6177054709.463028,3145730059.842549,-2290141129.8926444
8559,2455826.8472012137,-6177096170.204494,3145011817.7245464,-2290151955.366026
8560,2455827.0972120254,-6177125701.935148,3144295263.627209,-2290163548.4192758
8561,2455827.3472226784,-6177154426.635374,3143587075.7858315,-2290178784.7908764
8562,2455827.59723316,-6177189554.974881,3142877035.4429226,-2290193219.684286
8563,2455827.8472439796,-6177219900.193064,3142158576.49259,-2290204015.4504123
8564,2455828.0972551443,-6177238345.191703,3141441998.5371823,-2290215641.1564903
8565,2455828.347266145,-6177256135.423494,3140733803.6008115,-2290230895.8795595
8566,2455828.597276978,-6177280288.875958,3140023660.7993445,-2290245286.348655
8567,2455828.847288153,-6177299497.490861,3139305181.743417,-2290256052.0129695
8568,2455829.0972996685,-6177306838.453595,3138588777.178829,-2290267709.7747693
8569,2455829.347311015,-6177313677.4451065,3137880771.003156,-2290282981.229585
8570,2455829.597322197,-6177326837.782756,3137170723.263099,-2290297325.9700136
8571,2455829.847333725,-6177334893.5494,3136452425.1677966,-2290308061.3675866
8572,2455830.0973455883,-6177331118.357752,3135736395.507641,-2290319750.8299904
8573,2455830.3473572773,-6177326994.850824,3135028778.152883,-2290335037.6742487
8574,2455830.5973688066,-6177329149.754265,3134319027.1287217,-2290349335.7088113
8575,2455830.847380684,-6177326042.768976,3133601115.026553,-2290360041.0283427
8576,2455831.097392892,-6177311146.017783,3132885665.503557,-2290371762.201046
8577,2455831.347404921,-6177296055.795379,3132178640.506879,-2290387063.489296
8578,2455831.597416794,-6177287200.35538,3131469391.070515,-2290401314.2810082
8579,2455831.8474290185,-6177272928.503,3130752072.850607,-2290411990.168955
8580,2455832.0974415676,-6177246912.863354,3130037411.1174703,-2290423743.5198703
8581,2455832.3474539327,-6177220859.99974,3129331184.0123377,-2290439058.7839212
8582,2455832.5974661456,-6177200997.826223,3128622642.6029153,-2290453262.300396
8583,2455832.8474787134,-6177175567.719705,3127906127.2089534,-2290463909.9070945
8584,2455833.0974916006,-6177138444.684267,3127192461.4083633,-2290475696.3893366
8585,2455833.3475042987,-6177101442.076588,3126487237.6946387,-2290491025.645199
8586,2455833.597516848,-6177070585.601302,3125779610.2193155,-2290505182.3440237
8587,2455833.847529755,-6177034012.644358,3125064105.5146513,-2290515803.2868958
8588,2455834.097542976,-6176985802.345437,3124351642.14506,-2290527624.280837
8589,2455834.3475560034,-6176937871.290367,3123647625.1917596,-2290542967.951027
8590,2455834.597568885,-6176896041.111183,3122941114.9995213,-2290557078.6831985
8591,2455834.847582128,-6176848348.623649,3122226825.844292,-2290567674.9326024
8592,2455835.0975956786,-6176789078.75853,3121515767.9704723,-2290579532.116889
8593,2455835.347609031,-6176730247.702589,3120813157.385223,-2290594890.8897953
8594,2455835.5976222414,-6176677471.186864,3120107963.814418,-2290608956.7498503
8595,2455835.847635816,-6176618688.889802,3119395090.805335,-2290619530.4723115
8596,2455836.097649692,-6176548393.117873,3118685637.0004945,-2290631425.6633005
8597,2455836.347663365,-6176478695.998465,3117984627.7779603,-2290646800.3320556
8598,2455836.5976769,-6176415005.598389,3117280945.508341,-2290660822.498783
8599,2455836.8476908016,-6176345167.930688,3116569684.527633,-2290671375.901461
8600,2455837.097704999,-6176263884.216105,3115862028.6100326,-2290683310.903597
8601,2455837.347718989,-6176183358.853493,3115162811.0430703,-2290698702.224315
8602,2455837.5977328443,-6176108790.5666275,3114460830.164275,-2290712681.828013
8603,2455837.847747069,-6176027935.228023,3113751372.5872965,-2290723217.0357857
8604,2455838.097761584,-6175935704.476102,3113045703.9494376,-2290735193.529248
8605,2455838.347775886,-6175844391.312173,3112348464.061386,-2290750602.1196723
8606,2455838.597790058,-6175758983.52766,3111648370.58869,-2290764540.1516953
8607,2455838.8478046013,-6175667150.43305,3110940903.8648834,-2290775059.1273108
8608,2455839.097819429,-6175564015.551454,3110237408.1042085,-2290787078.598626
8609,2455839.3478340395,-6175461956.81589,3109542328.314795,-2290802504.87866
8610,2455839.5978485234,-6175365749.581484,3108844304.875773,-2290816402.1409473
8611,2455839.8478633813,-6175262980.221872,3108139013.2239704,-2290826906.6428194
8612,2455840.0978785176,-6175148985.568158,3107437872.837972,-2290838970.3504434
8613,2455840.3478934322,-6175036224.806319,3106745132.650584,-2290854414.5147486
8614,2455840.5979082244,-6174929259.429323,3106049359.157007,-2290868271.5982356
8615,2455840.847923393,-6174815596.536972,3105346424.2165356,-2290878763.1639175
8616,2455841.0979388333,-6174690787.640033,3104647819.2304826,-2290890872.1264954
8617,2455841.347954048,-6174567369.484511,3103957595.8344936,-2290906334.1368275
8618,2455841.597969144,-6174449688.347017,3103264250.056916,-2290920151.416779
8619,2455841.847984619,-6174325175.746947,3102563851.4335947,-2290930631.3607545
8620,2455842.0980003597,-6174189599.188727,3101867959.919233,-2290942786.357366
8621,2455842.34801587,-6174055569.267347,3101180428.6826363,-2290958265.944884
8622,2455842.598031266,-6173927215.75634,3100489686.7173204,-2290972043.5844083
8623,2455842.848047043,-6173791898.313671,3099792002.425988,-2290982513.002435
8624,2455843.0980630796,-6173645601.6901245,3099099000.922485,-2290994714.578067
8625,2455843.348078882,-6173501006.5988455,3098414335.793733,-2291010211.2498126
8626,2455843.5980945737,-6173362025.089391,3097726372.446542,-2291023949.2066617
8627,2455843.848110649,-6173215948.699989,3097031579.278702,-2291034408.9827185
8628,2455844.0981269768,-6173058980.617578,3096341643.147075,-2291046657.4558167
8629,2455844.3481430663,-6172903867.923146,3095660016.9985356,-2291062170.5029554
8630,2455844.59815905,-6172754303.786965,3094975006.1182384,-2291075868.5379043
8631,2455844.8481754186,-6172597515.390714,3094283279.9665112,-2291086319.352585
8632,2455845.0981920343,-6172429925.483985,3093596583.707547,-2291098614.8240504
8633,2455845.348208407,-6172264343.747117,3092918168.648458,-2291114143.331659
8634,2455845.5982246785,-6172104243.38217,3092236283.4347425,-2291127801.018581
8635,2455845.8482413366,-6171936790.998169,3091547799.5963407,-2291138243.3593483
8636,2455846.098258235,-6171758629.970802,3090864517.1511445,-2291150585.7235966
8637,2455846.348274887,-6171582628.794755,3090189484.825886,-2291166128.582733
8638,2455846.598291442,-6171412039.682114,3089510898.124498,-2291179745.3211656
8639,2455846.8483083853,-6171233972.473248,3088825831.5930476,-2291190179.4953117
8640,2455847.0983255627,-6171045292.170434,3088146136.6324534,-2291202568.454192
8641,2455847.3483424895,-6170858922.282693,3087474658.507492,-2291218124.3769584
8642,2455847.5983593236,-6170677893.077993,3086799543.0934205,-2291231699.4077916
8643,2455847.848376548,-6170489261.451176,3086118068.8378096,-2291242125.558603
8644,2455848.0983939995,-6170290114.968403,3085442135.037414,-2291254560.6385236
8645,2455848.3484111973,-6170093428.338937,3084774382.6723504,-2291270128.1763005
8646,2455848.598428306,-6169902009.00022,3084102911.515534,-2291283660.6006427
8647,2455848.848445807,-6169702864.74238,3083425204.7396555,-2291294078.7266264
8648,2455849.098463529,-6169493306.568796,3082753206.034296,-2291306559.2985682
8649,2455849.348480993,-6169286356.561374,3082089351.331203,-2291322136.863006
8650,2455849.598498373,-6169084598.508136,3081421697.8396354,-2291335625.6636205
8651,2455849.8485161457,-6168874994.951242,3080747934.2190623,-2291346035.6401153
8652,2455850.0985341333,-6168655081.139718,3080080045.034381,-2291358560.9418354
8653,2455850.348551859,-6168437922.6876,3079420260.4648366,-2291374146.827797
8654,2455850.5985695054,-6168225878.981784,3078756598.706549,-2291387590.8923035
8655,2455850.848587546,-6168005871.187565,3078086954.605978,-2291397992.494749
8656,2455851.098605795,-6167775659.542496,3077423350.0732327,-2291410561.654502
8657,2455851.348623778,-6167548349.340265,3076767808.89173,-2291426154.064434
8658,2455851.598641686,-6167326074.882389,3076108313.8068795,-2291439552.209958
8659,2455851.8486599904,-6167095719.841749,3075442966.491947,-2291449945.138665
8660,2455852.0986784953,-6166855270.122048,3074783822.6619973,-2291462557.2005773
8661,2455852.3486967315,-6166617866.833994,3074132699.123686,-2291478154.270733
8662,2455852.5987148974,-6166385418.57819,3073477546.7463655,-2291491505.2707047
8663,2455852.84873346,-6166144775.433176,3072816674.610795,-2291501889.1782775
8664,2455853.098752217,-6165894149.58261,3072162168.6890206,-2291514543.1309185
8665,2455853.348770702,-6165646714.084815,3071515638.2937474,-2291530142.9614053
8666,2455853.5987891206,-6165404151.2953,3070865006.005093,-2291543445.5770063
8667,2455853.848807937,-6165153281.611683,3070208788.833499,-2291553820.1013174
8668,2455854.0988269406,-6164892544.050814,3069559099.4538374,-2291566514.9128532
8669,2455854.348845669,-6164635139.747155,3068917339.231605,-2291582115.6053677
8670,2455854.598864336,-6164382524.342602,3068271406.0551195,-2291595368.625856
8671,2455854.8488834016,-6164121492.485905,3067620025.326981,-2291605733.4332886
8672,2455855.098902648,-6163850710.52423,3066975332.8639183,-2291618468.0982957
8673,2455855.348921615,-6163583403.800768,3066338521.6925,-2291634067.806933
8674,2455855.598940525,-6163320800.856036,3065697468.612748,-2291647270.104488
8675,2455855.848959835,-6163049674.544483,3065051107.8175993,-2291657624.949135
8676,2455856.098979318,-6162768918.989358,3064411594.693501,-2291670398.5527844
8677,2455856.348998519,-6162491779.88494,3063779913.5914145,-2291685995.55341
8678,2455856.5990176676,-6162219258.367594,3063143923.8235993,-2291699146.157539
8679,2455856.8490372165,-6161938109.476605,3062502768.6979923,-2291709490.960773
8680,2455857.099056931,-6161647455.5079155,3061868619.578263,-2291722302.7638903
8681,2455857.349076361,-6161360558.661278,3061242251.84679,-2291737895.5444007
8682,2455857.5990957427,-6161078192.450518,3060611510.9119754,-2291750993.736639
8683,2455857.849115525,-6160787098.099864,3059975749.4343524,-2291761328.6859045
8684,2455858.0991354664,-6160486626.420699,3059347151.129067,-2291774178.2275186
8685,2455858.349155119,-6160190052.278609,3058726282.146441,-2291789765.5929794
8686,2455858.5991747286,-6159897921.42115,3058100977.543107,-2291802811.012983
8687,2455858.849194739,-6159596965.26464,3057470799.469129,-2291813136.667583
8688,2455859.0992149008,-6159286763.409122,3056847940.320825,-2291826023.8693047
8689,2455859.3492347714,-6158980599.534966,3056232756.772175,-2291841605.0428395
8690,2455859.5992546026,-6158678791.533028,3055613077.039387,-2291854597.783066
8691,2455859.849274835,-6158368065.0011015,3054988672.793446,-2291864915.160658
8692,2455860.099295212,-6158048228.505924,3054371741.396944,-2291877840.403401
8693,2455860.349315294,-6157732570.654398,3053762429.8258343,-2291893415.09071
8694,2455860.5993353412,-6157421181.416244,3053148562.933743,-2291906355.7457685
8695,2455860.8493557894,-6157100784.514313,3052530121.851548,-2291916666.354538
8696,2455861.0993763744,-6156771417.539487,3051919305.167764,-2291929630.4925246
8697,2455861.3493966623,-6156446370.078113,3051316049.984476,-2291945198.8763065
8698,2455861.599416919,-6156125504.121233,3050708181.263848,-2291958088.5159245
8699,2455861.849437577,-6155795545.398895,3050095889.4746327,-2291968394.3053975
8700,2455862.0994583643,-6155456760.453798,3049491370.7007523,-2291981398.595652
8701,2455862.3494788506,-6155122435.844007,3048894352.0765057,-2291996961.2445707
8702,2455862.599499311,-6154792205.534715,3048292662.172622,-2292009801.3024597
8703,2455862.849520172,-6154452801.092538,3047686700.6486106,-2292020104.5336914
8704,2455863.099541154,-6154104717.826059,3047088657.3977413,-2292033150.490332
8705,2455863.3495618333,-6153761235.219631,3046498049.6046143,-2292048708.2004104
8706,2455863.5995824905,-6153421759.202542,3045902713.0021777,-2292061500.3052087
8707,2455863.8496035477,-6153073030.984008,3045303256.28898,-2292071803.3740773
8708,2455864.099624719,-6152715774.372042,3044711859.541586,-2292084892.587589
8709,2455864.349645584,-6152363257.72985,3044127830.1331797,-2292100446.2009907
8710,2455864.599666431,-6152014659.012538,3043539014.5671053,-2292113191.997419
8711,2455864.849687678,-6151656732.886923,3042946230.4208016,-2292123497.260724
8712,2455865.099709031,-6151290431.344724,3042361644.3799987,-2292136631.2317286
8713,2455865.3497300753,-6150929007.607942,3041784354.250966,-2292152181.480535
8714,2455865.5997511065,-6150571411.815409,3041202220.951142,-2292164882.4847417
8715,2455865.849772536,-6150204415.934506,3040616270.7477536,-2292175192.1283636
8716,2455866.099794065,-6149829199.79148,3040038653.392293,-2292188372.1496124
8717,2455866.349815282,-6149458997.4869375,3039468257.4512906,-2292203919.552053
8718,2455866.59983649,-6149092531.60444,3038892961.9107494,-2292216577.0619564
8719,2455866.8498580963,-6148716595.284685,3038314001.4867964,-2292226893.0251966
8720,2455867.099879794,-6148332595.805432,3037743505.463508,-2292240120.1195817
8721,2455867.349901177,-6147953744.203212,3037180153.557526,-2292255664.930739
8722,2455867.599922556,-6147578535.864191,3036611846.4695873,-2292268279.988222
8723,2455867.8499443326,-6147193788.995745,3036040027.056508,-2292278603.9366345
8724,2455868.099966192,-6146801137.901034,3035476800.5998497,-2292291878.8398542
8725,2455868.349987735,-6146413766.638033,3034920638.4078765,-2292307421.042761
8726,2455868.6000092784,-6146029943.839152,3034359466.524263,-2292319994.4316463
8727,2455868.850031218,-6145636516.680241,3033794935.5645022,-2292330327.761017
8728,2455869.1000532336,-6145235346.009794,3033239123.2670794,-2292343650.9309063
8729,2455869.35007493,-6144839585.011547,3032690293.0222216,-2292359190.250019
8730,2455869.6000966313,-6144447276.083499,3032136399.824434,-2292371722.5123334
8731,2455869.8501187284,-6144045299.269845,3031579301.5921087,-2292382066.3670974
8732,2455870.100140893,-6143635741.42212,3031031044.976704,-2292395438.0040174
8733,2455870.3501627366,-6143231720.966546,3030489685.991424,-2292410973.9267726
8734,2455870.6001845896,-6142831054.654994,3029943212.170752,-2292423465.3843856
8735,2455870.850206837,-6142420659.290945,3029393688.209677,-2292433820.679146
8736,2455871.1002291446,-6142002847.119829,3028853126.129854,-2292447240.747563
8737,2455871.3502511294,-6141590697.9366,3028319375.162657,-2292462772.545554
8738,2455871.6002731277,-6141181803.500555,3027780458.9557543,-2292475223.3202333
8739,2455871.850295519,-6140763121.2528305,3027238648.388016,-2292485590.758687
8740,2455872.100317963,-6140337188.1549835,3026705917.3144703,-2292499059.00545
8741,2455872.3503400823,-6139917041.5061865,3026179908.837615,-2292514585.7519116
8742,2455872.60036222,-6139500048.791113,3025648686.2781916,-2292526995.7814517
8743,2455872.8503847495,-6139073211.952805,3025114726.043245,-2292537375.871324
8744,2455873.1004073233,-6138639291.922767,3024589960.294471,-2292550891.840035
8745,2455873.350429571,-6138211279.65078,3024071826.7189846,-2292566412.4236736
8746,2455873.6004518415,-6137786319.129751,3023548431.8586717,-2292578781.474759
8747,2455873.850474502,-6137351460.654607,3023022456.9326124,-2292589174.539931
8748,2455874.1004971997,-6136909688.31375,3022505788.8956633,-2292602737.5830693
8749,2455874.350519569,-6136473942.8674,3021995660.795012,-2292618250.7202435
8750,2455874.6005419665,-6136041145.665754,3021480225.9304214,-2292630578.4003053
8751,2455874.8505647522,-6135598399.191896,3020962369.5578256,-2292640984.592614
8752,2455875.1005875673,-6135148909.81313,3020453929.926712,-2292654593.883973
8753,2455875.3506100527,-6134705564.276235,3019951936.282125,-2292670098.1318636
8754,2455875.6006325698,-6134265062.205461,3019444592.2064524,-2292682383.9026537
8755,2455875.8506554742,-6133814562.095253,3018934986.1584673,-2292692803.2160378
8756,2455876.1006784006,-6133357491.6506815,3018434904.199518,-2292706457.7660737
8757,2455876.350700995,-6132906679.800078,3017941172.6720576,-2292721951.539376
8758,2455876.6007236266,-6132458605.427554,3017442048.9522223,-2292734194.7345834
8759,2455876.8507466433,-6132000486.849117,3016940823.808218,-2292744627.0237336
8760,2455877.100769674,-6131535972.104686,3016449227.646404,-2292758325.6998587
8761,2455877.3507923717,-6131077828.520291,3015963884.866624,-2292773807.292748
8762,2455877.600815111,-6130622315.295125,3015473110.13408,-2292786007.1411633
8763,2455877.8508382337,-6130156714.363492,3014980395.5728188,-2292796452.1459694
8764,2455878.100861362,-6129684893.036306,3014497412.4831223,-2292810193.698767
8765,2455878.3508841572,-6129219553.2759285,3014020584.3411207,-2292825661.312826
8766,2455878.6009069975,-6128756735.721231,3013538286.5784225,-2292837816.9675393
8767,2455878.8509302195,-6128283789.706919,3013054211.660332,-2292848274.3435407
8768,2455879.10095344,-6127804800.690316,3012579968.345799,-2292862057.438871
8769,2455879.3509763256,-6127332401.532275,3012111780.2638,-2292877509.216797
8770,2455879.600999261,-6126862415.504688,3011638087.0698447,-2292889619.790048
8771,2455879.851022576,-6126382263.108811,3011162780.4946194,-2292900089.144426
8772,2455880.101045882,-6125896246.763132,3010697403.336792,-2292913912.4009037
8773,2455880.351068851,-6125416926.513553,3010237980.5116353,-2292929346.465408
8774,2455880.601091875,-6124939909.526645,3009773019.3348384,-2292941411.0685186
8775,2455880.8511152766,-6124452691.219253,3009306609.665418,-2292951892.001106
8776,2455881.101138661,-6123959789.725626,3008850224.939986,-2292965754.032533
8777,2455881.351161708,-6123473688.589043,3008399692.5499387,-2292981168.5301223
8778,2455881.6011848142,-6122989780.200837,3007943590.8850255,-2292993186.318366
8779,2455881.8512082957,-6122495638.624982,3007486206.7345276,-2293003678.4677563
8780,2455882.101231752,-6121995996.40721,3007038940.789183,-2293017577.930857
8781,2455882.3512548697,-6121503256.928587,3006597424.1618915,-2293032971.081192
8782,2455882.6012780517,-6121012599.204681,3006150309.706157,-2293044941.3045483
8783,2455882.851301606,-6120511679.661125,3005702079.881849,-2293055444.4005103
8784,2455883.1013251278,-6120005443.894184,3005264059.2676997,-2293069380.0494123
8785,2455883.3513483102,-6119506211.494166,3004831683.996916,-2293084750.201799
8786,2455883.6013715607,-6119008949.571354,3004393684.748967,-2293096672.263295
8787,2455883.8513951814,-6118501400.6115055,3003954738.330548,-2293107186.187279
8788,2455884.1014187615,-6117988721.846142,3003526089.8575535,-2293121156.9365706
8789,2455884.3514420018,-6117483145.480137,3003102981.831215,-2293136502.6353526
8790,2455884.601465314,-6116979428.260959,3002674226.085825,-2293148376.1585217
8791,2455884.851488994,-6116465402.416773,3002244692.3819194,-2293158901.0133934
8792,2455885.1015126253,-6115946435.345584,3001825543.031765,-2293172906.0103164
8793,2455885.3515359163,-6115434668.306698,3001411828.293947,-2293188226.069024
8794,2455885.6015592837,-6114924649.29734,3000992444.4444866,-2293200050.973299
8795,2455885.8515830156,-6114404303.950565,3000572452.7278185,-2293210587.159942
8796,2455886.1016066913,-6113879208.3052225,3000162929.3143854,-2293224625.86203
8797,2455886.3516300255,-6113361409.145072,2999758733.6420174,-2293239919.440911
8798,2455886.601653441,-6112845247.39216,2999348849.6639028,-2293251696.0178223
8799,2455886.8516772175,-6112318745.717223,2998938528.5536275,-2293262244.309398
8800,2455887.10170093,-6111787687.207131,2998538756.997579,-2293276316.5561056
8801,2455887.3517243005,-6111264020.658662,2998144205.0604916,-2293291583.229455
8802,2455887.6017477564,-6110741881.641255,2997743947.5508637,-2293303312.2036767
8803,2455887.8517715703,-6110209393.44916,2997343423.929171,-2293313873.799256
8804,2455888.101795312,-6109672544.540078,2996953528.0516686,-2293327979.8572135
8805,2455888.3518187115,-6109143182.213135,2996568742.0852427,-2293343219.6482577
8806,2455888.6018422,-6108615238.435383,2996178234.8188562,-2293354902.1998396
8807,2455888.851866043,-6108076940.642818,2995787632.279158,-2293365478.7327886
8808,2455889.1018898063,-6107534480.883927,2995407732.1554976,-2293379619.2896895
8809,2455889.351913227,-6106999601.433648,2995032830.235075,-2293394832.648518
8810,2455889.6019367403,-6106466032.418185,2994652192.378144,-2293406470.37321
8811,2455889.851960605,-6105922108.851977,2994271629.4015355,-2293417063.853502
8812,2455890.101984382,-6105374224.482423,2993901839.526407,-2293431239.942904
8813,2455890.3520078156,-6104834013.0135,2993536933.748531,-2293446427.6539207
8814,2455890.6020313464,-6104295004.502265,2993166278.0840836,-2293458022.4532585
8815,2455890.8520552246,-6103745644.899911,2992795866.338716,-2293468635.1412683
8816,2455891.1020790073,-6103192527.658807,2992436294.0294223,-2293482848.002289
8817,2455891.3521024464,-6102647174.360365,2992081489.045659,-2293498011.031859
8818,2455891.602125986,-6102102916.792805,2991720920.661802,-2293509564.9505405
8819,2455891.8521498702,-6101548315.145991,2991360763.867549,-2293520199.1866317
8820,2455892.1021736506,-6100990160.508271,2991011508.3231516,-2293534450.0889354
8821,2455892.352197087,-6100439858.81202,2990666900.6053348,-2293549589.408793
8822,2455892.602220628,-6099890545.435438,2990316516.372643,-2293561104.4590936
8823,2455892.85224451,-6099330898.082398,2989966709.9930105,-2293571762.491734
8824,2455893.1022682795,-6098767903.363931,2989627862.19827,-2293586052.5701704
8825,2455893.3522917056,-6098212848.091707,2989293540.145453,-2293601169.000922
8826,2455893.6023152405,-6097658673.176778,2988953429.013106,-2293612647.0169535
8827,2455893.8523391117,-6097094177.107824,2988614060.7246466,-2293623330.8694406
8828,2455894.1023628637,-6096526539.8808565,2988285704.074286,-2293637661.0045314
8829,2455894.352386272,-6095966925.7862,2987961748.76971,-2293652755.1105866
8830,2455894.6024097926,-6095408083.305204,2987631992.6314054,-2293664197.6579933
8831,2455894.852433646,-6094838934.983619,2987303143.275956,-2293674909.0532165
8832,2455895.1024573725,-6094266852.044085,2986985354.5914,-2293689279.8108373
8833,2455895.3524807547,-6093702872.926445,2986671840.8613315,-2293704351.854048
8834,2455895.602504254,-6093139555.81009,2986352515.634816,-2293715760.196603
8835,2455895.8525280817,-6092565950.564213,2986034260.301842,-2293726500.5359697
8836,2455896.102551775,-6091989617.451244,2985727110.9011564,-2293740912.1576657
8837,2455896.3525751242,-6091421465.79385,2985424108.357989,-2293755962.0973687
8838,2455896.6025985945,-6090853865.675522,2985115284.9889264,-2293767337.2051578
8839,2455896.8526223893,-6090275997.536492,2984807693.971632,-2293778107.5840683
8840,2455897.1026460417,-6089695608.452134,2984511250.5719795,-2293792560.008911
8841,2455897.352669351,-6089123475.4124775,2984218824.4578314,-2293807587.5285053
8842,2455897.6026927847,-6088551782.6771145,2983920569.7008967,-2293818930.107741
8843,2455897.852716539,-6087969844.474018,2983623709.214281,-2293829731.3480897
8844,2455898.1027401434,-6087385592.414962,2983338034.588148,-2293844224.2473054
8845,2455898.352763405,-6086809667.984547,2983056246.370242,-2293859228.789778
8846,2455898.6027867952,-6086234071.947055,2982768623.325451,-2293870539.318132
8847,2455898.852810502,-6085648255.495628,2982482555.9875774,-2293881372.003253
8848,2455899.102834051,-6085060332.446322,2982207709.3936825,-2293895904.8147273
8849,2455899.352857258,-6084480805.643383,2981936617.148711,-2293910885.6159506
8850,2455899.6028805976,-6083901494.7357,2981659685.603153,-2293922164.3738995
8851,2455899.8529042494,-6083311991.01498,2981384470.7395916,-2293933028.8780913
8852,2455900.102927736,-6082720588.111474,2981120508.1957746,-2293947600.83439
8853,2455900.3529508817,-6082137647.130808,2980860166.8555784,-2293962556.949236
8854,2455900.6029741634,-6081554809.03551,2980593983.505731,-2293973804.043792
8855,2455900.852997753,-6080961808.303282,2980329677.3536873,-2293984700.5539813
8856,2455901.10302117,-6080367115.930858,2980076651.8281245,-2293999310.702522
8857,2455901.353044247,-6079780948.224724,2979827113.3614883,-2294014241.0233455
8858,2455901.6030674637,-6079194769.939065,2979571731.988682,-2294025456.404508
8859,2455901.853090984,-6078598461.779134,2979318387.87044,-2294036384.9352155
8860,2455902.103114324,-6078000669.604932,2979076349.4571414,-2294051032.152358
8861,2455902.3531373255,-6077411461.903567,2978837663.049654,-2294065935.422132
8862,2455902.603160471,-6076822129.749066,2978593134.706238,-2294077118.8948975
8863,2455902.853183915,-6076222703.071259,2978350803.2246547,-2294088079.2996373
8864,2455903.103207172,-6075622000.037811,2978119799.351058,-2294102762.30221
8865,2455903.353230091,-6075029938.339959,2977892011.625845,-2294117637.1261444
8866,2455903.6032531573,-6074437637.951942,2977658384.8695526,-2294128788.362066
8867,2455903.853276518,-6073835280.982543,2977427114.157671,-2294139780.3453803
8868,2455904.1032996844,-6073231855.302712,2977207189.8509636,-2294154497.7038813
8869,2455904.3533225143,-6072637124.878963,2976990345.1512375,-2294169342.5638638
8870,2455904.603345495,-6072042041.22051,2976767666.3430104,-2294180461.1164865
8871,2455904.8533687657,-6071436941.5287895,2976547502.3774023,-2294191484.250894
8872,2455905.103391835,-6070830980.728494,2976338700.5933127,-2294206234.408637
8873,2455905.3534145686,-6070233766.183862,2976132841.3246703,-2294221047.6844954
8874,2455905.6034374577,-6069636083.630007,2975921154.982132,-2294232133.012568
8875,2455905.853460631,-6069028428.23564,2975712141.9464617,-2294243186.764101
8876,2455906.103483596,-6068420119.287511,2975514503.941501,-2294257968.065583
8877,2455906.353506227,-6067820604.724062,2975319670.949605,-2294272748.0661926
8878,2455906.603529017,-6067220507.254283,2975119020.1268206,-2294283799.567235
8879,2455906.8535520863,-6066610482.850223,2974921200.79154,-2294294883.3317256
8880,2455907.1035749405,-6066000012.428693,2974734766.5003405,-2294309694.0619698
8881,2455907.353597462,-6065398381.734319,2974550999.441987,-2294324439.067435
8882,2455907.603620146,-6064796053.254529,2974361426.090228,-2294335456.1223917
8883,2455907.8536431044,-6064183846.561343,2974174842.160619,-2294346569.272688
8884,2455908.103665841,-6063571401.429648,2973999650.528795,-2294361407.707207
8885,2455908.3536882466,-6062967838.697908,2973826988.18569,-2294376116.02125
8886,2455908.603710818,-6062363463.491243,2973648533.4442735,-2294387098.0488224
8887,2455908.853733659,-6061749261.736601,2973473225.826218,-2294398239.991086
8888,2455909.103756271,-6061135029.254207,2973309315.049272,-2294413104.4541726
8889,2455909.3537785537,-6060529719.318622,2973147795.5367603,-2294427774.463944
8890,2455909.6038010055,-6059923482.603771,2972980499.908562,-2294438720.9814987
8891,2455909.853823722,-6059307474.101833,2972816508.849728,-2294449891.2171965
8892,2455910.1038462026,-6058691642.823519,2972663916.4788866,-2294464780.144963
8893,2455910.3538683555,-6058084771.874908,2972513577.314065,-2294479410.3845797
8894,2455910.6038906816,-6057476860.438434,2972357480.6938453,-2294490321.071768
8895,2455910.853913266,-6056859235.234202,2972204845.7719097,-2294501519.261503
8896,2455911.1039356086,-6056241995.56514,2972063608.662027,-2294516431.265818
8897,2455911.353957625,-6055633751.816021,2971924486.669633,-2294531020.47985
8898,2455911.603979818,-6055024354.683268,2971779628.2062907,-2294541895.2413006
8899,2455911.8540022643,-6054405305.227225,2971638388.1474805,-2294553121.2668915
8900,2455912.1040244615,-6053786850.1003275,2971508542.2317486,-2294568055.1968026
8901,2455912.354046335,-6053177424.463899,2971380673.273279,-2294582602.400431
8902,2455912.6040683873,-6052566733.57678,2971247091.0515065,-2294593441.4242654
8903,2455912.8540906883,-6051946455.398788,2971117283.364315,-2294604695.4458756
8904,2455913.104112733,-6051326980.943537,2970998863.239268,-2294619650.443347
8905,2455913.354134456,-6050716567.695757,2970882281.746841,-2294634154.9758973
8906,2455913.6041563614,-6050104778.564501,2970760012.267379,-2294644958.7845945
8907,2455913.8541785097,-6049483470.911489,2970641672.667982,-2294656241.2891607
8908,2455914.104200395,-6048863177.074838,2970534710.9627056,-2294671216.834894
8909,2455914.35422196,-6048251974.455146,2970429449.249343,-2294685678.4021015
8910,2455914.604243711,-6047639286.733155,2970318526.6777396,-2294696447.890434
8911,2455914.854265699,-6047017153.111866,2970211688.276307,-2294707759.7253184
8912,2455915.1042874176,-6046396244.163577,2970116214.775639,-2294722755.667878
8913,2455915.3543088185,-6045784454.836427,2970022302.0938673,-2294737174.365254
8914,2455915.6043304075,-6045171072.729382,2969922757.2539473,-2294747910.8168178
8915,2455915.854352228,-6044548321.253884,2969827449.4846807,-2294759253.1993465
8916,2455916.104373772,-6043927006.064303,2969743489.998552,-2294774269.7574263
8917,2455916.3543950007,-6043314837.318597,2969660951.351762,-2294788646.0639524
8918,2455916.604416421,-6042700969.6948805,2969572810.4833684,-2294799351.1350665
8919,2455916.8544380665,-6042077813.09766,2969489057.8160834,-2294810725.6264505
8920,2455917.104459429,-6041456305.041127,2969416632.853915,-2294825763.352737
8921,2455917.3544804784,-6040843968.577959,2969345487.6429706,-2294840098.083733
8922,2455917.604501722,-6040229828.632254,2969268771.0322704,-2294850773.7443795
8923,2455917.8545231847,-6039606483.796683,2969196591.6009765,-2294862182.17893
8924,2455918.1045443583,-6038985000.149358,2969135715.01428,-2294877241.878108
8925,2455918.354565221,-6038372711.34354,2969075975.709758,-2294891536.0919557
8926,2455918.6045862804,-6037758515.721191,2969010696.408069,-2294902184.5212016
8927,2455918.8546075528,-6037135202.670857,2968950100.7951794,-2294913628.891301
8928,2455919.10462853,-6036513963.471449,2968900778.6456733,-2294928711.496042
8929,2455919.3546491982,-6035901940.112891,2968852449.756478,-2294942966.362287
8930,2455919.6046700664,-6035287907.542488,2968798612.6650944,-2294953589.8094797
8931,2455919.8546911413,-6034664847.9782915,2968749603.1181865,-2294965072.1216116
8932,2455920.1047119144,-6034044074.487142,2968711833.0398016,-2294980178.545566
8933,2455920.3547323816,-6033432535.181275,2968674910.6294007,-2294994395.1967134
8934,2455920.604753051,-6032818884.835545,2968632512.1765046,-2295004995.8338075
8935,2455920.854773921,-6032196300.477564,2968595082.4507847,-2295016517.9634805
8936,2455921.1047944827,-6031576213.522108,2968568853.658706,-2295031648.960876
8937,2455921.3548147418,-6030965376.060803,2968543325.5167284,-2295045828.3583326
8938,2455921.6048352052,-6030352325.972461,2968512353.984623,-2295056408.1537857
8939,2455921.854855863,-6029730437.0392275,2968486489.8174863,-2295067971.7290215
8940,2455922.1048762067,-6029111255.57479,2968471783.7186065,-2295083127.7889647
8941,2455922.35489625,-6028501335.59403,2968457630.091812,-2295097270.6288366
8942,2455922.604916501,-6027889101.42135,2968438066.4517,-2295107831.265558
8943,2455922.8549369397,-6027268125.511938,2968423746.484983,-2295119437.5977397
8944,2455923.1049570586,-6026650065.627668,2968420537.670254,-2295134618.888022
8945,2455923.35497688,-6026041275.741195,2968417732.305922,-2295148725.5572667
8946,2455923.6049969113,-6025430070.028821,2968409551.293988,-2295159268.400744
8947,2455923.855017124,-6024810221.508263,2968406748.1667695,-2295170918.4645853
8948,2455924.1050370117,-6024193495.93385,2968415005.505556,-2295186124.822691
8949,2455924.3550566044,-6023586045.355327,2968423516.73228,-2295200195.39972
8950,2455924.60507641,-6022976077.262997,2968426687.9039307,-2295210721.5071554
8951,2455924.8550963905,-6022357567.087944,2968435369.270368,-2295222415.957809
8952,2455925.10511604,-6021742385.107133,2968455056.8836493,-2295237646.9150224
8953,2455925.3551353975,-6021136479.6416,2968474848.5322328,-2295251681.1991205
8954,2455925.6051549707,-6020527955.0018,2968489337.125072,-2295262191.3528943
8955,2455925.855174713,-6019910990.83308,2968509466.4570374,-2295273930.563042
8956,2455926.105194118,-6019297558.441906,2968540544.4585056,-2295289185.384376
8957,2455926.3552132347,-6018693400.680299,2968571576.54029,-2295303182.9370008
8958,2455926.605232569,-6018086522.218799,2968597344.0901475,-2295313677.686345
8959,2455926.855252066,-6017471308.659045,2968628881.2338266,-2295325461.7880974
8960,2455927.105271221,-6016859828.813879,2968671306.230333,-2295340739.5140486
8961,2455927.355290091,-6016257618.385281,2968713535.384162,-2295354699.6993933
8962,2455927.605309181,-6015652585.970591,2968750540.1222234,-2295365179.39908
8963,2455927.855328427,-6015039324.8053465,2968793441.6507845,-2295377008.320966
8964,2455928.1053473256,-6014429997.6524725,2968847167.055785,-2295392307.8028455
8965,2455928.3553659427,-6013829931.439248,2968900546.8262563,-2295406229.8208456
8966,2455928.605384782,-6013226942.279727,2968948743.926629,-2295416694.661466
8967,2455928.855403771,-6012615832.653976,2969002963.3629932,-2295428568.1564164
8968,2455929.1054224074,-6012008855.685302,2969067939.599904,-2295443888.082332
8969,2455929.355440766,-6011411127.95784,2969132420.625171,-2295457770.992234
8970,2455929.605459349,-6010810376.714257,2969191762.381306,-2295468221.021185
8971,2455929.855478076,-6010201615.222726,2969257250.3685822,-2295480138.685554
8972,2455930.1054964447,-6009597183.345726,2969333425.039784,-2295495477.5979004
8973,2455930.355514539,-6009001985.813738,2969408955.222069,-2295509320.3339868
8974,2455930.60553286,-6008403664.632484,2969479391.2221265,-2295519755.469419
8975,2455930.8555513187,-6007797445.336362,2969556095.708164,-2295531716.755857
8976,2455931.105569414,-6007195750.87772,2969643413.7922273,-2295547073.063667
8977,2455931.3555872384,-6006603272.683944,2969729938.5095215,-2295560874.44696
8978,2455931.605605292,-6006007571.182691,2969811415.864554,-2295571294.488893
8979,2455931.8556234767,-6005404085.589964,2969899282.3497124,-2295583298.717603
8980,2455932.1056412933,-6004805318.275126,2969997686.470836,-2295598670.7085624
8981,2455932.355658843,-6004215745.978198,2970095148.868346,-2295612429.459556
8982,2455932.605676624,-6003622851.234885,2970187612.526305,-2295622834.1034193
8983,2455932.855694529,-6003022288.299062,2970286584.4014215,-2295634880.4772787
8984,2455933.1057120617,-6002426635.265884,2970396015.191689,-2295650266.3350286
8985,2455933.3557293317,-6001840152.873538,2970504356.5668197,-2295663981.0931435
8986,2455933.6057468345,-6001250249.482306,2970607749.718844,-2295674369.9514976
8987,2455933.8557644547,-6000652795.684867,2970717768.692283,-2295686457.580734
8988,2455934.1057816977,-6000060441.5978565,2970838165.2376285,-2295701855.4130406
8989,2455934.3557986827,-5999477230.71736,2970957325.5010557,-2295715524.7682137
8990,2455934.605815902,-5998890500.977798,2971071590.053956,-2295725897.4057727
8991,2455934.8558332324,-5998296340.559306,2971192596.6326747,-2295738025.346939
8992,2455935.105850181,-5997707467.886735,2971323896.9584303,-2295753433.228978
8993,2455935.3558668755,-5997127708.051003,2971453815.1180735,-2295767055.7690415
8994,2455935.6058838065,-5996544332.344152,2971578892.170977,-2295777411.753988
8995,2455935.855900842,-5995953647.731143,2971710826.125081,-2295789579.065491
8996,2455936.1059174915,-5995368437.224672,2971852967.642609,-2295804995.0996256
8997,2455936.35593389,-5994792306.424768,2971993582.224853,-2295818569.4738345
8998,2455936.6059505283,-5994212463.796476,2972129412.4581914,-2295828908.4447665
8999,2455936.855967263,-5993625436.233611,2972272213.1722627,-2295841114.2571983
9000,2455937.105983608,-5993044067.60762,2972425132.986497,-2295856536.6463237
9001,2455937.355999707,-5992471743.01614,2972576382.292693,-2295870061.640974
9002,2455937.606016046,-5991895611.938982,2972722906.1675477,-2295880383.3842244
9003,2455937.8560324763,-5991312422.2840185,2972876512.7786007,-2295892626.9790754
9004,2455938.1060485113,-5990735075.038903,2973040147.7603106,-2295908054.106134
9005,2455938.356064305,-5990166733.855409,2973201969.86834,-2295921528.723845
9006,2455938.6060803407,-5989594493.0881815,2973359127.553764,-2295931833.2518272
9007,2455938.8560964605,-5989015322.677783,2973523478.8031383,-2295944114.138616
9008,2455939.106112181,-5988442176.965615,2973697765.364437,-2295959544.641732
9009,2455939.3561276644,-5987877997.274693,2973870097.8263836,-2295972968.173454
9010,2455939.606143391,-5987309826.704014,2974037828.8194942,-2295983255.7929826
9011,2455939.8561591953,-5986734858.1711645,2974212862.5978713,-2295995573.773742
9012,2455940.1061745966,-5986166095.582808,2974397736.164724,-2296011006.6062226
9013,2455940.356189765,-5985606257.104291,2974580515.408999,-2296024378.685691
9014,2455940.606205178,-5985042338.45052,2974758757.8702183,-2296034650.0465193
9015,2455940.8562206617,-5984471756.380194,2974944410.491318,-2296047005.258638
9016,2455941.1062357384,-5983907560.546814,2975139804.7207584,-2296062439.7257323
9017,2455941.356250586,-5983352245.178884,2975332965.216973,-2296075760.359254
9018,2455941.6062656804,-5982792762.475834,2975521655.087777,-2296086016.4767294
9019,2455941.8562808377,-5982226753.818049,2975717860.3653855,-2296098409.409013
9020,2455942.1062955847,-5981667310.755978,2975923706.187565,-2296113845.177326
9021,2455942.3563101073,-5981116702.850065,2976127179.458235,-2296127114.7458587
9022,2455942.6063248776,-5980561842.647331,2976326249.4475927,-2296137356.9955573
9023,2455942.856339704,-5980000596.845332,2976532937.6629105,-2296149788.4761324
9024,2455943.1063541155,-5979446095.010427,2976749162.234697,-2296165225.555053
9025,2455943.356368308,-5978900381.351316,2976962875.7990475,-2296178444.7885113
9026,2455943.6063827486,-5978350332.618477,2977172254.3220987,-2296188674.8733435
9027,2455943.8563972386,-5977794041.436538,2977389351.163001,-2296201146.030339
9028,2455944.1064113104,-5977244671.476414,2977615876.8126297,-2296216584.726588
9029,2455944.3564251666,-5976704040.958941,2977839753.140445,-2296229754.6518035
9030,2455944.606439273,-5976158994.685477,2978059363.2863193,-2296239974.54323
9031,2455944.856453421,-5975607851.731819,2978286788.8351727,-2296252486.7399373
9032,2455945.106467148,-5975063805.933086,2978523532.075462,-2296267927.58717
9033,2455945.3564806636,-5974528448.934333,2978757487.63021,-2296281049.451597
9034,2455945.6064944305,-5973988597.426353,2978987246.240819,-2296291261.3073545
9035,2455945.8565082317,-5973442797.375339,2979224914.0962048,-2296303816.0547094
9036,2455946.1065216083,-5972904268.814158,2979471784.795779,-2296319259.721379
9037,2455946.3565347786,-5972374376.27493,2979715729.2609773,-2296332334.8963523
9038,2455946.6065482004,-5971839912.169589,2979955546.2192755,-2296342540.9592776
9039,2455946.85656165,-5971299649.712852,2980203362.854165,-2296355139.811087
9040,2455947.1065746713,-5970766831.148839,2980460263.6725283,-2296370586.992964
9041,2455947.3565874915,-5970242593.416522,2980714099.4691486,-2296383616.863967
9042,2455947.606600564,-5969713708.47959,2980963877.3049345,-2296393819.350559
9043,2455947.8566136565,-5969179177.086147,2981221741.767605,-2296406463.7914386
9044,2455948.1066263183,-5968652259.695073,2981488567.955963,-2296421915.099953
9045,2455948.356638783,-5968133865.238752,2981752190.145724,-2296434900.956091
9046,2455948.6066515013,-5967610749.071456,2982011824.0438485,-2296445101.948054
9047,2455948.856664233,-5967082139.697114,2982279628.073445,-2296457793.288229
9048,2455949.10667653,-5966561311.795425,2982556267.6974735,-2296473249.149517
9049,2455949.356688636,-5966048945.956943,2982829564.309815,-2296486192.0874968
9050,2455949.606700995,-5965531784.783533,2983098942.5380487,-2296496393.4416227
9051,2455949.8567133606,-5965009284.70579,2983376571.0896683,-2296509132.7338033
9052,2455950.1067252895,-5964494730.644095,2983662905.645591,-2296524593.313108
9053,2455950.3567370316,-5963988574.599318,2983945758.376037,-2296537494.1694903
9054,2455950.606749028,-5963477550.303097,2984224763.0567536,-2296547697.458374
9055,2455950.856761024,-5962961342.238632,2984512095.1377344,-2296560485.4475913
9056,2455951.1067725797,-5962453241.607054,2984808000.4428253,-2296575950.608245
9057,2455951.3567839544,-5961953471.662955,2985100285.5855565,-2296588809.927175
9058,2455951.6067955843,-5961448761.176105,2985388793.658983,-2296599016.4157662
9059,2455951.8568072063,-5960939022.763886,2985685703.312632,-2296611853.5249805
9060,2455952.106818386,-5960437549.968767,2985991050.4984803,-2296627322.8225102
9061,2455952.3568293895,-5959944337.231353,2986292639.9376087,-2296640140.857287
9062,2455952.6068406487,-5959446112.289232,2986590524.1412053,-2296650351.511516
9063,2455952.856851893,-5958943015.926442,2986896881.4063473,-2296663237.857218
9064,2455953.106862693,-5958448340.103224,2987211537.8507376,-2296678710.561051
9065,2455953.356873322,-5957961850.460857,2987522299.956663,-2296691487.3006115
9066,2455953.606884207,-5957470277.647533,2987829429.6801996,-2296701702.8179755
9067,2455953.8568950705,-5956973990.589715,2988145101.4014783,-2296714638.244683
9068,2455954.1069054874,-5956486275.751211,2988468931.4906225,-2296730113.375768
9069,2455954.356915739,-5956006670.06326,2988788731.8309755,-2296742848.584062
9070,2455954.6069262465,-5955521911.031726,2989104973.775071,-2296753069.4341073
9071,2455954.856936726,-5955032595.637308,2989429824.209973,-2296766053.5559645
9072,2455955.1069467566,-5954552000.936708,2989762689.894728,-2296781529.9288244
9073,2455955.356956627,-5954079435.308489,2990091391.740355,-2296794223.1862416
9074,2455955.606966755,-5953601647.060447,2990416610.3745394,-2296804449.6509075
9075,2455955.856976847,-5953119461.069994,2990750501.607319,-2296817481.891078
9076,2455956.106986489,-5952646141.075913,2991092262.7762985,-2296832958.152024
9077,2455956.356995976,-5952180767.125426,2991429727.4362707,-2296845608.891575
9078,2455956.6070057205,-5951710102.2650585,2991763785.299834,-2296855841.099086
9079,2455956.8570154225,-5951235199.039134,2992106577.5134664,-2296868920.7218122
9080,2455957.107024673,-5950769303.956521,2992457092.2403765,-2296884395.3790855
9081,2455957.357033774,-5950311269.016648,2992803179.2879987,-2296897002.9140935
9082,2455957.607043132,-5949847875.931728,2993145937.199194,-2296907240.8641853
9083,2455957.8570524417,-5949380404.610479,2993497488.8731847,-2296920366.9981055
9084,2455958.1070612976,-5948922080.4197,2993856613.6073694,-2296935838.4434543
9085,2455958.35707001,-5948471527.65702,2994211181.0665946,-2296948401.9870095
9086,2455958.60707898,-5948015550.617199,2994562498.3090944,-2296958645.568415
9087,2455958.8570878943,-5947555656.199408,2994922666.410846,-2296971817.22279
9088,2455959.107096354,-5947105044.718889,2995290256.1771197,-2296987283.7466946
9089,2455959.3571046754,-5946662113.1819515,2995653160.7332783,-2296999802.425705
9090,2455959.6071132547,-5946213692.373938,2996012895.281032,-2297010051.429258
9091,2455959.8571217717,-5945761515.741984,2996381535.5088215,-2297023267.506897
9092,2455960.1071298323,-5945318754.647267,2996757444.1711707,-2297038727.311758
9093,2455960.3571377606,-5944883579.283247,2997128541.456603,-2297051200.180283
9094,2455960.6071459474,-5944442850.8277445,2997496550.2834425,-2297061454.31273
9095,2455960.8571540643,-5943998528.769089,2997873517.40266,-2297074713.6251283
9096,2455961.107161724,-5943563751.624601,2998257598.02803,-2297090164.84217
9097,2455961.3571692575,-5943136463.325918,2998636743.0128856,-2297102590.9000835
9098,2455961.607177049,-5942703559.342945,2999012882.510633,-2297112849.8049035
9099,2455961.8571847645,-5942267224.639636,2999398030.7996864,-2297126151.096079
9100,2455962.107192022,-5941840561.018867,2999790136.1301785,-2297141591.8126154
9101,2455962.357199158,-5941421286.779321,3000177183.6179194,-2297153970.0363197
9102,2455962.6072065528,-5940996335.584678,3000561310.112602,-2297164233.3282785
9103,2455962.8572138646,-5940568117.255671,3000954493.8973308,-2297177575.313851
9104,2455963.1072207172,-5940149693.035668,3001354476.8982186,-2297193003.617232
9105,2455963.3572274554,-5939738556.301867,3001749282.080739,-2297205333.0084004
9106,2455963.607234451,-5939321682.818679,3002141252.3887362,-2297215600.3272405
9107,2455963.857241357,-5938901706.595414,3002542326.5935946,-2297228981.753521
9108,2455964.107247804,-5938491644.500591,3002950040.991381,-2297244395.7956395
9109,2455964.357254142,-5938088765.78577,3003352459.96403,-2297256675.450734
9110,2455964.607260737,-5937680092.228076,3003752131.8748417,-2297266946.5355673
9111,2455964.8572672363,-5937268481.307696,3004160952.464632,-2297280366.2588177
9112,2455965.1072732755,-5936866901.732047,3004576253.1371913,-2297295764.3396482
9113,2455965.3572792113,-5936472399.503678,3004986143.2257614,-2297307993.536856
9114,2455965.6072854046,-5936072046.3233595,3005393375.755801,-2297318268.3159986
9115,2455965.8572914945,-5935668922.368697,3005809799.9073668,-2297331725.394561
9116,2455966.1072971243,-5935275944.421672,3006232542.964014,-2297347106.055402
9117,2455966.357302657,-5934889936.1831255,3006649762.7037983,-2297359284.3476553
9118,2455966.6073084464,-5934498023.174935,3007064415.967472,-2297369563.030462
9119,2455966.857314126,-5934103507.430561,3007488301.8283195,-2297383056.8145504
9120,2455967.1073193448,-5933719250.051603,3007918344.2520037,-2297398418.924217
9121,2455967.3573244726,-5933341853.440452,3008342752.9106383,-2297410546.2200704
9122,2455967.607329856,-5932958500.808088,3008764687.5243464,-2297420829.3716087
9123,2455967.8573351237,-5932572715.119495,3009195893.501334,-2297434359.5710373
9124,2455968.1073399303,-5932197298.036826,3009633092.3265686,-2297449702.385164
9125,2455968.357344651,-5931828631.708945,3010064548.977161,-2297461778.9981937
9126,2455968.6073496277,-5931453960.86045,3010493625.036768,-2297472067.5782394
9127,2455968.8573544812,-5931077028.369593,3010932008.6896515,-2297485634.2909217
9128,2455969.1073588734,-5930710572.687153,3011376219.824291,-2297500957.4692
9129,2455969.3573631863,-5930350756.786888,3011814582.108111,-2297512984.123029
9130,2455969.6073677535,-5929984890.681197,3012250657.9072175,-2297523279.479087
9131,2455969.8573721913,-5929616936.04607,3012696074.638359,-2297536883.172888
9132,2455970.107376168,-5929259564.335824,3013147151.53963,-2297552186.7498145
9133,2455970.3573800707,-5928908720.4614935,3013592274.3423634,-2297564164.53757
9134,2455970.6073842277,-5928551783.448691,3014035205.063245,-2297574468.3538117
9135,2455970.8573882477,-5928192932.563192,3014487506.8374724,-2297588109.8064446
9136,2455971.107391807,-5927844768.471879,3014945299.2725916,-2297603394.1230016
9137,2455971.3573952983,-5927503019.176452,3015397033.535598,-2297615324.4309716
9138,2455971.6073990427,-5927155136.399724,3015846670.1207933,-2297625638.6449146
9139,2455971.8574026437,-5926805515.706389,3016305704.406079,-2297639318.855325
9140,2455972.107405784,-5926466683.18975,3016770057.4678574,-2297654584.466057
9141,2455972.3574088626,-5926134151.146031,3017228249.282478,-2297666468.876858
9142,2455972.6074121925,-5925795447.646353,3017684437.611546,-2297676795.5794783
9143,2455972.857415373,-5925455183.190342,3018150046.64122,-2297690515.6662827
9144,2455973.1074180934,-5925125805.526505,3018620800.096276,-2297705763.2369637
9145,2455973.3574207574,-5924802612.508054,3019085290.1370125,-2297717603.426701
9146,2455973.607423672,-5924473212.179419,3019547870.544199,-2297727944.7596173
9147,2455973.85742643,-5924142428.545478,3020019890.918654,-2297741705.8592715
9148,2455974.1074287286,-5923822627.261219,3020496878.8908844,-2297756936.066671
9149,2455974.3574309773,-5923508893.063437,3020967502.1773577,-2297768733.706408
9150,2455974.607433475,-5923188917.572884,3021436309.290008,-2297779091.765348
9151,2455974.85743581,-5922867736.809309,3021914571.890177,-2297792894.9382577
9152,2455975.107437686,-5922557630.613369,3022397622.846361,-2297808108.3792124
9153,2455975.357439518,-5922253471.999591,3022874208.7974286,-2297819865.046975
9154,2455975.6074415976,-5921943039.748452,3023349071.6567154,-2297830241.7970233
9155,2455975.8574435087,-5921631580.347425,3023833401.830219,-2297844087.946501
9156,2455976.107444961,-5921331284.134185,3024322338.82884,-2297859285.060661
9157,2455976.3574463753,-5921036813.86537,3024804711.570797,-2297871002.1679864
9158,2455976.607448037,-5920736039.04708,3025285453.997493,-2297881399.3742847
9159,2455976.8574495222,-5920434415.034086,3025775671.980742,-2297895289.181796
9160,2455977.107450551,-5920144039.008825,3026270313.1475754,-2297910470.1914506
9161,2455977.3574515474,-5919859365.007336,3026758292.039563,-2297922148.927735
9162,2455977.6074527893,-5919568356.811712,3027244733.206876,-2297932568.1047845
9163,2455977.857453849,-5919276676.993914,3027740654.7432613,-2297946501.984636
9164,2455978.1074544536,-5918996325.969241,3028240813.931069,-2297961666.854595
9165,2455978.357455032,-5918721550.66547,3028734214.261573,-2297973308.152044
9166,2455978.607455854,-5918440412.677125,3029226169.4247847,-2297983750.5341597
9167,2455978.857456488,-5918158780.096241,3029727606.52405,-2297997728.6098075
9168,2455979.1074566683,-5917888553.002267,3030233094.096687,-2298012877.029258
9169,2455979.357456828,-5917623772.903168,3030731727.8864036,-2298024481.549886
9170,2455979.607457231,-5917352602.728143,3031229009.199774,-2298034948.0836134
9171,2455979.857457439,-5917081114.346091,3031735770.964728,-2298048970.1857967
9172,2455980.107457195,-5916821103.976068,3032246394.627883,-2298064101.5715966
9173,2455980.357456937,-5916566409.469351,3032750071.4582996,-2298075669.715016
9174,2455980.6074569197,-5916305298.595581,3033252488.7967396,-2298086161.0715256
9175,2455980.8574567027,-5916044045.209879,3033764382.23392,-2298100226.7554235
9176,2455981.1074560345,-5915794338.188978,3034279947.8296676,-2298115340.273305
9177,2455981.357455359,-5915549813.5619135,3034788475.6162276,-2298126872.201108
9178,2455981.607454923,-5915298847.423557,3035295837.323535,-2298137388.803687
9179,2455981.857454281,-5915047913.773827,3035812668.0639873,-2298151497.3795924
9180,2455982.10745319,-5914808590.704863,3036332980.260732,-2298166591.9772935
9181,2455982.3574520973,-5914574314.324237,3036846165.908622,-2298178087.647673
9182,2455982.607451243,-5914333572.510327,3037358279.417779,-2298188629.707657
9183,2455982.8574501765,-5914093037.511611,3037879852.3015156,-2298202780.278343
9184,2455983.107448663,-5913864173.22933,3038404715.141481,-2298217854.7237363
9185,2455983.3574471544,-5913640217.811676,3038922365.0552106,-2298229313.9294443
9186,2455983.607445882,-5913409774.3468485,3039439037.360974,-2298239881.4839106
9187,2455983.8574443925,-5913179711.377119,3039965156.874396,-2298254072.9822345
9188,2455984.107442458,-5912961375.239575,3040494374.1767693,-2298269125.9002995
9189,2455984.3574405345,-5912747808.142099,3041016294.630026,-2298280548.3042827
9190,2455984.607438846,-5912527731.7727375,3041537332.628247,-2298291141.2503157
9191,2455984.857436934,-5912308208.951879,3042067803.2163167,-2298305372.4724045
9192,2455985.1074345796,-5912100465.110562,3042601178.864605,-2298320402.3770647
9193,2455985.3574322425,-5911897348.589751,3043127176.264908,-2298331787.542326
9194,2455985.607430138,-5911687703.02824,3043652386.998201,-2298342405.6650357
9195,2455985.857427805,-5911478783.447082,3044187013.295449,-2298356675.2969437
9196,2455986.1074250326,-5911281691.060923,3044724351.456671,-2298371680.616178
9197,2455986.3574222834,-5911089082.470289,3045254232.5553136,-2298383028.028976
9198,2455986.607419765,-5910889926.575379,3045783423.4179363,-2298393671.0230517
9199,2455986.8574170126,-5910691668.459714,3046322010.4526343,-2298407977.661251
9200,2455987.107413823,-5910505281.844372,3046863115.7835827,-2298422956.756484
9201,2455987.357410663,-5910323233.769523,3047396687.8865085,-2298434265.8443947
9202,2455987.607407732,-5910134621.667763,3047929666.8436847,-2298444933.3312736
9203,2455987.8574045612,-5909947078.488649,3048472020.2696166,-2298459275.499543
9204,2455988.1074009566,-5909771447.219015,3049016698.163437,-2298474226.68242
9205,2455988.3573973873,-5909600007.574502,3049553769.394447,-2298485496.8309035
9206,2455988.6073940457,-5909421988.753593,3050090345.265262,-2298496188.375593
9207,2455988.857390459,-5909245209.321348,3050636271.6673675,-2298510564.54288
9208,2455989.107386441,-5909080378.331096,3051184328.583213,-2298525486.0943604
9209,2455989.3573824647,-5908919590.469222,3051724708.238165,-2298536716.6671476
9210,2455989.607378714,-5908752209.899809,3052264691.075914,-2298547431.800477
9211,2455989.857374713,-5908586238.504538,3052813998.3781714,-2298561840.405788
9212,2455990.1073702835,-5908432248.251733,3053365242.2757645,-2298576730.6039724
9213,2455990.357365902,-5908282151.158233,3053908741.2821083,-2298587920.9739013
9214,2455990.607361744,-5908125449.524611,3054451942.8579516,-2298598659.227009
9215,2455990.8573573306,-5907970326.20875,3055004440.829599,-2298613098.7182884
9216,2455991.107352492,-5907827212.997346,3055558681.693967,-2298627955.8818865
9217,2455991.3573477077,-5907687841.667173,3056105113.1487055,-2298639105.4790535
9218,2455991.6073431442,-5907541855.802385,3056651347.498098,-2298649866.436708
9219,2455991.8573383205,-5907397616.861368,3057206848.302857,-2298664335.3298273
9220,2455992.107333075,-5907265413.413378,3057763898.687874,-2298679157.882779
9221,2455992.3573278897,-5907136799.497973,3058313078.3856,-2298690266.264627
9222,2455992.6073229234,-5907001563.108546,3058862162.3114123,-2298701049.6409345
9223,2455992.857317691,-5906868241.895775,3059420480.9753885,-2298715546.6010227
9224,2455993.107312041,-5906746978.237943,3059980156.423703,-2298730333.1588674
9225,2455993.357306457,-5906629151.011743,3060531903.21476,-2298741400.1008816
9226,2455993.6073010894,-5906504695.719952,3061083656.5708976,-2298752205.833907
9227,2455993.8572954517,-5906382323.760272,3061644611.178959,-2298766729.7731833
9228,2455994.107289398,-5906272028.401994,3062206730.3169084,-2298781479.242664
9229,2455994.357283418,-5906165015.993874,3062760866.086982,-2298792504.838307
9230,2455994.6072776513,-5906051372.60928,3063315111.631428,-2298803333.1893334
9231,2455994.8572716094,-5905939980.89641,3063878523.044103,-2298817883.364317
9232,2455995.1072651558,-5905840682.136725,3064442907.1534142,-2298832595.036344
9233,2455995.3572587813,-5905744512.826636,3064999256.243224,-2298843579.7837453
9234,2455995.607252618,-5905641712.610787,3065555818.9032774,-2298854431.4164047
9235,2455995.857246174,-5905541332.819115,3066121509.8686643,-2298869007.497999
9236,2455996.107239322,-5905453059.884278,3066687981.8482122,-2298883681.1063805
9237,2455996.357232555,-5905367763.143787,3067246369.87194,-2298894625.953763
9238,2455996.6072259964,-5905275838.731853,3067805075.431242,-2298905501.965413
9239,2455996.8572191526,-5905186504.0005455,3068372869.1561255,-2298920104.0555134
9240,2455997.1072119046,-5905109287.674271,3068941251.9947753,-2298934739.7773957
9241,2455997.3572047474,-5905034894.628103,3069501504.2349706,-2298945646.106365
9242,2455997.607197796,-5904953880.310206,3070062177.6742673,-2298956547.9946084
9243,2455997.857190554,-5904875625.338316,3070631896.1363254,-2298971176.5767217
9244,2455998.107182912,-5904809497.868961,3071202011.2215147,-2298985774.9674306
9245,2455998.3571753665,-5904746041.014939,3071763950.9590144,-2298996644.512363
9246,2455998.6071680235,-5904675972.273738,3072326414.8330545,-2299007574.080711
9247,2455998.857160386,-5904608832.685815,3072897877.2285905,-2299022229.914058
9248,2455999.1071523516,-5904553826.993737,3073469542.8852606,-2299036791.7910924
9249,2455999.35714442,-5904501339.266969,3074032990.04707,-2299047626.5143275
9250,2455999.607136688,-5904442251.715981,3074597063.2573285,-2299058585.7407794
9251,2455999.8571286565,-5904386262.894964,3075170084.911285,-2299073269.724886
9252,2456000.1071202327,-5904342411.321481,3075743115.456687,-2299087796.03038
9253,2456000.357111917,-5904300924.779602,3076307885.819544,-2299098597.9839067
9254,2456000.6071037976,-5904252852.804235,3076873382.968691,-2299109588.883695
9255,2456000.8570953747,-5904208048.50866,3077447774.8391657,-2299124301.924193
9256,2456001.107086563,-5904175381.428503,3078021980.232144,-2299138793.595096
9257,2456001.3570778654,-5904144925.874873,3078587885.2091618,-2299149564.7959185
9258,2456001.6070693615,-5904107901.280121,3079154616.5175304,-2299160589.303031
9259,2456001.8570605493,-5904074312.329419,3079730185.2329,-2299175332.20033
9260,2456002.107051353,-5904052856.884573,3080305371.220063,-2299189790.064641
9261,2456002.357042276,-5904033458.657882,3080872218.1038756,-2299200532.3986573
9262,2456002.6070333896,-5904007509.518739,3081439989.739021,-2299211592.277619
9263,2456002.857024191,-5903985162.709495,3082016538.0035844,-2299226365.6467385
9264,2456003.107014612,-5903974941.794488,3082592506.5893517,-2299240790.3510737
9265,2456003.3570051584,-5903966622.82311,3083160099.0756536,-2299251505.507989
9266,2456003.6069958927,-5903951772.606982,3083728713.721011,-2299262602.296035
9267,2456003.85698631,-5903940689.902989,3084306040.9211297,-2299277406.515775
9268,2456004.1069763517,-5903941721.4213505,3084882591.003013,-2299291798.480819
9269,2456004.356966525,-5903944498.542637,3085450729.847774,-2299302487.9153953
9270,2456004.6069568824,-5903940765.4878235,3086019987.377096,-2299313622.8894286
9271,2456004.8569469186,-5903940963.455571,3086597890.2688546,-2299328458.0747113
9272,2456005.1069365847,-5903953259.8097515,3087174818.3336506,-2299342817.47218
9273,2456005.356926387,-5903967144.310354,3087743302.05392,-2299353482.3853354
9274,2456005.606916371,-5903974541.013086,3088313000.234964,-2299364656.5472746
9275,2456005.85690603,-5903986030.453597,3088891273.6494303,-2299379522.538565
9276,2456006.106895323,-5904009598.219799,3089468374.477587,-2299393849.283993
9277,2456006.3568847585,-5904034595.550315,3090037000.053032,-2299404490.618567
9278,2456006.6068743723,-5904053128.716478,3090606935.245994,-2299415704.6943564
9279,2456006.8568636565,-5904075914.453381,3091185372.7843256,-2299430601.0599523
9280,2456007.106852581,-5904110754.205188,3091762440.140191,-2299444894.817627
9281,2456007.356841653,-5904146863.8372,3092331003.6969843,-2299455513.265599
9282,2456007.6068309,-5904176534.171068,3092900971.532034,-2299466767.715105
9283,2456007.856819814,-5904210614.970963,3093479366.2365236,-2299481693.7638626
9284,2456008.1068083732,-5904256721.231269,3094056193.531171,-2299495953.961753
9285,2456008.3567970856,-5904303936.639148,3094624490.995004,-2299506549.9810233
9286,2456008.60678597,-5904344738.853587,3095194287.015179,-2299517845.017065
9287,2456008.856774518,-5904390107.46479,3095772432.001457,-2299532799.8198614
9288,2456009.1067627156,-5904447468.772921,3096348812.912198,-2299547025.672914
9289,2456009.356751072,-5904505777.527406,3096916640.6131873,-2299557599.511969
9290,2456009.606739598,-5904557700.462145,3097486060.8641887,-2299568935.1267176
9291,2456009.856727783,-5904614343.757388,3098063749.895219,-2299583917.54478
9292,2456010.1067156238,-5904682942.83547,3098639478.9217114,-2299598108.084534
9293,2456010.3567036293,-5904752326.79127,3099206634.1308475,-2299608659.812837
9294,2456010.6066918,-5904815353.6193495,3099775475.677579,-2299620035.809246
9295,2456010.856679627,-5904883252.820139,3100352503.659946,-2299635044.5267982
9296,2456011.106667116,-5904963066.814115,3100927376.598618,-2299649198.634606
9297,2456011.356654774,-5905043502.364511,3101493657.9792004,-2299659728.1758423
9298,2456011.606642594,-5905117610.857674,3102061719.3347583,-2299671144.2011766
9299,2456011.856630068,-5905196741.809283,3102637882.7256026,-2299686177.759376
9300,2456012.106617208,-5905287742.57185,3103211697.053791,-2299700294.200174
9301,2456012.356604524,-5905379200.936381,3103776905.022674,-2299710801.365346
9302,2456012.606591998,-5905464363.754777,3104343986.488243,-2299722256.9438295
9303,2456012.8565791226,-5905554697.216825,3104919083.615263,-2299737313.7731714
9304,2456013.1065659192,-5905656851.597562,3105491638.7915955,-2299751391.227135
9305,2456013.356552897,-5905759299.108939,3106055575.8007936,-2299761875.74504
9306,2456013.60654003,-5905855484.082498,3106621479.7310243,-2299773370.3074107
9307,2456013.85652681,-5905956986.004349,3107195311.0440283,-2299788448.756662
9308,2456014.1065132683,-5906070256.118606,3107766408.747227,-2299802485.847119
9309,2456014.3564999127,-5906183654.483115,3108328879.5116167,-2299812947.390917
9310,2456014.606486709,-5906290824.862214,3108893410.5344644,-2299824480.3000383
9311,2456014.8564731493,-5906403456.62455,3109465778.8203206,-2299839578.66122
9312,2456015.106459274,-5906527800.086467,3110035223.16082,-2299853573.978778
9313,2456015.35644559,-5906652106.60773,3110596034.868393,-2299864012.1890745
9314,2456015.606432054,-5906770221.277657,3111159000.097591,-2299875582.762459
9315,2456015.85641816,-5906893939.899687,3111729710.6979766,-2299890699.2932305
9316,2456016.1064039557,-5907029310.024039,3112297308.4424233,-2299904651.4178815
9317,2456016.3563899486,-5907164477.800139,3112856270.987529,-2299915065.9245605
9318,2456016.6063760854,-5907293491.475163,3113417480.2678003,-2299926673.456465
9319,2456016.8563618613,-5907428249.809066,3113986341.3389187,-2299941806.403021
9320,2456017.1063473336,-5907574595.809504,3114551902.185405,-2299955713.9278283
9321,2456017.356333008,-5907720573.937356,3115108828.4605784,-2299966104.3746367
9322,2456017.606318823,-5907860437.374282,3115668094.678272,-2299977748.1622105
9323,2456017.856304274,-5908006184.333067,3116234917.521811,-2299992895.7875443
9324,2456018.1062894277,-5908163451.569291,3116798254.450529,-2300006757.3491254
9325,2456018.3562747887,-5908320185.414858,3117352960.716219,-2300017123.426553
9326,2456018.6062602866,-5908470845.710889,3117910100.1884837,-2300028802.8058224
9327,2456018.856245418,-5908627526.600359,3118474699.6592155,-2300043963.429389
9328,2456019.1062302585,-5908795656.950287,3119035629.355263,-2300057777.7512927
9329,2456019.356215311,-5908963088.565597,3119587935.674282,-2300068119.243906
9330,2456019.606200497,-5909124489.625488,3120142768.5920644,-2300079833.641717
9331,2456019.8561853142,-5909292046.668286,3120704963.544722,-2300095005.696344
9332,2456020.1061698464,-5909470979.1148,3121263306.8414917,-2300108771.6508403
9333,2456020.356154596,-5909649047.89129,3121813037.5109606,-2300119088.504016
9334,2456020.6061394745,-5909821131.151128,3122365388.3517733,-2300130837.5100474
9335,2456020.8561239825,-5909999504.28534,3122925002.0251427,-2300146019.6192226
9336,2456021.106108212,-5910189175.792485,3123480584.247591,-2300159736.309276
9337,2456021.3560926635,-5910377819.414493,3124027568.0885453,-2300170028.715425
9338,2456021.6060772403,-5910560524.871016,3124577265.840165,-2300181812.1725206
9339,2456021.856061444,-5910749652.853468,3125134126.001374,-2300197003.244052
9340,2456022.1060453756,-5910949999.538787,3125686777.01542,-2300210670.098897
9341,2456022.3560295342,-5911149155.215978,3126230847.312358,-2300220938.593789
9342,2456022.606013814,-5911342422.708149,3126777725.2893033,-2300232756.6941347
9343,2456022.855997719,-5911542244.432694,3127331663.9143553,-2300247956.014564
9344,2456023.105981358,-5911753202.906355,3127881217.6587224,-2300261572.880005
9345,2456023.355965228,-5911962808.713556,3128422211.532479,-2300271818.4270034
9346,2456023.605949216,-5912166579.240996,3128966106.5837317,-2300283671.788873
9347,2456023.855932826,-5912377035.012981,3129516958.896733,-2300298879.0907025
9348,2456024.1059161774,-5912598543.583336,3130063252.2527986,-2300312446.283977
9349,2456024.3558997647,-5912818539.569802,3130601009.365059,-2300322670.3144445
9350,2456024.605883465,-5913032756.279172,3131141760.4231367,-2300334560.0070653
9351,2456024.855866786,-5913253788.6545105,3131689363.3039494,-2300349775.4765983
9352,2456025.105849854,-5913485787.996492,3132232234.3796515,-2300363293.7751837
9353,2456025.355833163,-5913716116.661639,3132766595.115801,-2300373498.1570783
9354,2456025.605816581,-5913940725.112164,3133304041.306234,-2300385425.649296
9355,2456025.855799617,-5914172278.940977,3133848231.3569975,-2300400649.8558083
9356,2456026.1057824073,-5914414711.910825,3134387517.5420127,-2300414120.4069886
9357,2456026.355765442,-5914655317.787314,3134918321.0883036,-2300424307.3354564
9358,2456026.6057485817,-5914890265.30571,3135452299.863414,-2300436274.369492
9359,2456026.855731338,-5915132286.870103,3135992911.631924,-2300451508.1246843
9360,2456027.105713855,-5915385097.441898,3136528447.940066,-2300464932.2926035
9361,2456027.3556966204,-5915635925.850062,3137055530.771845,-2300475104.126797
9362,2456027.605679487,-5915881160.126958,3137585876.56882,-2300487112.548091
9363,2456027.855661968,-5916133595.60817,3138122741.3947473,-2300502356.7323503
9364,2456028.1056442163,-5916396727.241828,3138654359.5100145,-2300515735.923354
9365,2456028.3556267177,-5916657722.588142,3139177554.644746,-2300525895.013299
9366,2456028.6056093154,-5916913189.937339,3139704098.3487325,-2300537946.601703
9367,2456028.8555915263,-5917175983.666533,3140237044.033906,-2300553202.0022726
9368,2456029.105573511,-5917449377.578063,3140764572.1790886,-2300566537.511908
9369,2456029.3555557528,-5917720481.668731,3141283709.2313514,-2300576686.0557823
9370,2456029.605538087,-5917986125.405491,3141806278.4031186,-2300588782.394503
9371,2456029.8555200323,-5918259218.325963,3142335129.594903,-2300604049.587069
9372,2456030.1055017593,-5918542812.048342,3142858393.0506306,-2300617342.494711
9373,2456030.3554837466,-5918823962.75834,3143373298.8667397,-2300627482.446608
9374,2456030.605465822,-5919099721.983339,3143891718.4741755,-2300639624.8431754
9375,2456030.855447508,-5919383050.554279,3144416297.4747276,-2300654904.125625
9376,2456031.1054289816,-5919676776.962035,3144935119.4468455,-2300668155.240114
9377,2456031.3554107198,-5919967907.377487,3145445619.0129685,-2300678288.2669225
9378,2456031.6053925417,-5920253716.232827,3145959712.3655705,-2300690477.7207236
9379,2456031.855373973,-5920547211.794487,3146479840.079288,-2300705769.090233
9380,2456032.1053551994,-5920850998.571213,3146994042.6464043,-2300718978.9351797
9381,2456032.3553366945,-5921152036.550353,3147499960.0260677,-2300729106.409181
9382,2456032.6053182688,-5921447823.865446,3148009549.6954236,-2300741343.6108203
9383,2456032.855299451,-5921751412.362464,3148525046.5263996,-2300756646.7689433
9384,2456033.1052804356,-5922065181.7934065,3149034451.508617,-2300769815.5921855
9385,2456033.355261693,-5922376049.819028,3149535610.679148,-2300779938.6041713
9386,2456033.6052430244,-5922681739.014812,3150040519.3021097,-2300792223.9520183
9387,2456033.855223964,-5922995340.946131,3150551205.9234295,-2300807538.324007
9388,2456034.1052047126,-5923319009.907361,3151055635.616723,-2300820666.118607
9389,2456034.355185738,-5923639625.108193,3151551861.16913,-2300830785.500106
9390,2456034.6051668334,-5923955134.245232,3152051912.115471,-2300843119.123935
9391,2456034.8551475354,-5924278664.735466,3152557610.1065583,-2300858443.883466
9392,2456035.1051280545,-5924612144.784907,3153056887.890786,-2300871530.412707
9393,2456035.3551088534,-5924942419.04188,3153548005.6103954,-2300881646.7610483
9394,2456035.605089719,-5925267660.939073,3154043023.539272,-2300894028.5476174
9395,2456035.85507019,-5925601029.868752,3154543555.92058,-2300909362.6428137
9396,2456036.1050504856,-5925944227.386497,3155037506.773564,-2300922407.466046
9397,2456036.3550310642,-5926284067.480868,3155523344.135342,-2300932521.169958
9398,2456036.6050117053,-5926618949.870436,3156013155.4747233,-2300944950.7889323
9399,2456036.854991952,-5926962062.038504,3156508347.173082,-2300960292.968725
9400,2456037.10497203,-5927314878.396786,3156996798.1223207,-2300973295.467608
9401,2456037.3549523954,-5927664186.186399,3157477184.7300158,-2300983406.733289
9402,2456037.6049328186,-5928008611.896348,3157961618.105256,-2300995883.663773
9403,2456037.8549128463,-5928361367.210218,3158451296.3727703,-2301011232.505018
9404,2456038.1048927135,-5928723698.971443,3158934076.9041677,-2301024191.9107
9405,2456038.3548728717,-5929082371.595818,3159408844.8891563,-2301034300.7890167
9406,2456038.604853083,-5929436238.7622385,3159887731.5131674,-2301046824.347323
9407,2456038.854832899,-5929798532.458617,3160371726.308794,-2301062178.2832646
9408,2456039.1048125615,-5930170271.604908,3160848668.738551,-2301075093.7050266
9409,2456039.3547925185,-5930538201.7223835,3161317653.121749,-2301085200.1201944
9410,2456039.604772525,-5930901404.033933,3161790827.1476803,-2301097769.4890504
9411,2456039.8547521355,-5931273126.931532,3162268971.480528,-2301113126.8391666
9412,2456040.1047316003,-5931654161.125543,3162739911.287728,-2301125997.294376
9413,2456040.354711363,-5932031237.180567,3163202950.301072,-2301136101.0738144
9414,2456040.60469117,-5932403664.151513,3163670249.133549,-2301148715.33256
9415,2456040.8546705823,-5932784702.930425,3164142379.363814,-2301164074.3331766
9416,2456041.104649856,-5933174915.800372,3164607155.4799285,-2301176898.7777715
9417,2456041.354629431,-5933561022.312286,3165064090.8445415,-2301186999.6822977
9418,2456041.604609046,-5933942559.574209,3165525355.4077587,-2301199657.8371625
9419,2456041.8545882655,-5934332797.070815,3165991311.5051117,-2301215016.6718593
9420,2456042.1045673555,-5934732068.507957,3166449766.5621867,-2301227794.030438
9421,2456042.3545467486,-5935127086.369156,3166900443.7269354,-2301237891.7838855
9422,2456042.604526178,-5935517615.969043,3167355518.6955037,-2301250592.7975154
9423,2456042.8545052125,-5935916931.474745,3167815144.4632773,-2301265949.626692
9424,2456043.1044841246,-5936325137.932402,3168267125.011411,-2301278678.8216944
9425,2456043.3544633435,-5936728944.706274,3168711393.364907,-2301288773.13963
9426,2456043.604442594,-5937128345.403342,3169160127.372826,-2301301515.95984
9427,2456043.85442145,-5937536614.961654,3169613270.655347,-2301316868.9496017
9428,2456044.104400191,-5937953629.753088,3170058627.3687315,-2301329548.9300346
9429,2456044.354379242,-5938366099.972236,3170496340.445561,-2301339639.548437
9430,2456044.60435832,-5938774247.537533,3170938586.295184,-2301352423.1373
9431,2456044.854337004,-5939191344.247541,3171385099.190882,-2301367770.4891906
9432,2456045.1043155813,-5939617037.854957,3171823687.0852733,-2301380400.2608395
9433,2456045.354294471,-5940038043.336605,3172254702.7889752,-2301390486.966932
9434,2456045.6042733835,-5940454810.877109,3172690317.681572,-2301403310.332857
9435,2456045.8542519026,-5940880605.230139,3173130056.7818055,-2301418650.3174195
9436,2456046.1042303224,-5941314845.656849,3173561735.4608655,-2301431228.977799
9437,2456046.3542090575,-5941744255.872619,3173985916.3178387,-2301441311.6467056
9438,2456046.6041878113,-5942169514.222319,3174414762.1157465,-2301454173.8834176
9439,2456046.854166172,-5942603874.519288,3174847588.774189,-2301469504.881747
9440,2456047.104144441,-5943046527.737396,3175272222.703449,-2301482031.6641564
9441,2456047.3541230285,-5943484210.294413,3175689436.1392274,-2301492110.305764
9442,2456047.6041016295,-5943917828.5330715,3176111379.6425247,-2301505010.642572
9443,2456047.854079839,-5944360621.446393,3176537160.248474,-2301520331.200132
9444,2456048.1040579644,-5944811552.005986,3176954619.019366,-2301532805.5308175
9445,2456048.3540364103,-5945257373.305997,3177364737.6076713,-2301542880.3504868
9446,2456048.6040148656,-5945699219.47176,3177779650.782699,-2301555818.2169394
9447,2456048.85399293,-5946150310.815408,3178198256.9612374,-2301571127.1119585
9448,2456049.1039709183,-5946609382.673972,3178608415.4530563,-2301583548.681683
9449,2456049.3539492297,-5947063208.801934,3179011317.029826,-2301593620.1548777
9450,2456049.6039275457,-5947513150.838847,3179419077.065648,-2301606595.2584186
9451,2456049.8539054715,-5947972406.574094,3179830385.665026,-2301621891.581737
9452,2456050.1038833293,-5948439484.156578,3180233123.9500613,-2301634260.4266005
9453,2456050.353861512,-5948901181.988149,3180628691.4239855,-2301644329.379947
9454,2456050.6038396955,-5949359088.893173,3181029180.4369206,-2301657341.7865596
9455,2456050.853817489,-5949826376.305744,3181433073.114936,-2301672625.0202675
9456,2456051.1037952225,-5950301325.698661,3181828275.9144735,-2301684941.5962224
9457,2456051.353773283,-5950770764.094361,3182216396.58275,-2301695009.2764564
9458,2456051.6037513395,-5951236507.0935,3182609500.784912,-2301708059.472828
9459,2456051.8537290073,-5951711695.932279,3183005863.0247207,-2301723329.5434895
9460,2456052.103706623,-5952194385.962202,3183393418.5687766,-2301735594.7679515
9461,2456052.3536845674,-5952671436.760453,3183773982.8222075,-2301745662.8701124
9462,2456052.603662503,-5953144890.191476,3184159591.078271,-2301758751.7772756
9463,2456052.8536400516,-5953627853.416787,3184548310.6066294,-2301774009.053174
9464,2456053.1036175545,-5954118156.239668,3184928108.9274597,-2301786224.2836223
9465,2456053.353595389,-5954602694.663235,3185301008.4386387,-2301796294.9098744
9466,2456053.60357321,-5955083736.179311,3185679010.373526,-2301809423.8222823
9467,2456053.8535506446,-5955574349.9486,3186059975.215773,-2301824669.0325365
9468,2456054.103528042,-5956072140.805521,3186431906.180553,-2301836835.9651446
9469,2456054.353505772,-5956564044.979877,3186797031.948445,-2301846911.5035653
9470,2456054.6034834837,-5957052554.830276,3187167316.0400267,-2301860081.9500318
9471,2456054.8534608106,-5957550697.548048,3187540412.696133,-2301875316.029776
9472,2456055.1034381078,-5958055853.596427,3187904364.2998805,-2301887436.53064
9473,2456055.3534157393,-5958555003.179237,3188261605.0919175,-2301897519.474974
9474,2456055.603393348,-5959050862.660893,3188624057.2918196,-2301910733.030506
9475,2456055.853370573,-5959556413.281858,3188989169.5595436,-2301925956.928428
9476,2456056.103347776,-5960068811.782018,3189345026.9678183,-2301938032.839805
9477,2456056.353325315,-5960575086.066307,3189694268.5947146,-2301948125.5975127
9478,2456056.6033028257,-5961078175.579216,3190048771.8424573,-2301961383.696668
9479,2456056.853279955,-5961591011.652523,3190405780.5702095,-2301976598.196756
9480,2456057.1032570703,-5962110528.034525,3190753426.1031756,-2301988631.169657
9481,2456057.3532345225,-5962623804.068436,3191094551.6227193,-2301998735.907472
9482,2456057.603211942,-5963134001.316747,3191440986.2540064,-2302012039.704699
9483,2456057.853188982,-5963653997.29356,3191789769.93315,-2302027245.3025813
9484,2456058.103166015,-5964180503.590439,3192129083.8177433,-2302039236.689724
9485,2456058.3531433865,-5964700654.749789,3192461974.422415,-2302049355.243653
9486,2456058.6031207214,-5965217833.464023,3192800219.167884,-2302062705.54035
9487,2456058.8530976777,-5965744859.576001,3193140655.016997,-2302077902.3866487
9488,2456059.1030746354,-5966278223.459563,3193471516.5311065,-2302089853.2010612
9489,2456059.353051933,-5966805118.637419,3193796052.7294374,-2302099987.049435
9490,2456059.6030291887,-5967329147.91258,3194125985.913438,-2302113384.280464
9491,2456059.8530060686,-5967863069.651631,3194457951.075823,-2302128572.1790423
9492,2456060.102982957,-5968403154.043507,3194780239.7274885,-2302140483.1022544
9493,2456060.3529601865,-5968936657.380011,3195096302.49188,-2302150633.3827353
9494,2456060.60293737,-5969467401.5123005,3195417803.139262,-2302164077.641179
9495,2456060.8529141797,-5970008079.56265,3195741175.740341,-2302179256.079973
9496,2456061.102891006,-5970554742.648783,3196054772.268948,-2302191127.497185
9497,2456061.352868174,-5971094713.614782,3196362243.977096,-2302201295.045406
9498,2456061.602845292,-5971632032.24298,3196675192.693963,-2302214786.124131
9499,2456061.8528220383,-5972179322.670532,3196989852.660858,-2302229954.3184137
9500,2456062.102798809,-5972732418.128382,3197294639.795543,-2302241786.3621693
9501,2456062.352775923,-5973278711.780396,3197593404.9300194,-2302251971.755398
9502,2456062.6027529817,-5973822460.1611,3197897684.548378,-2302265509.1907225
9503,2456062.852729671,-5974376214.703325,3198203514.202889,-2302280666.1261106
9504,2456063.1027063928,-5974935592.000178,3198499377.206884,-2302292458.717726
9505,2456063.352683459,-5975488059.281266,3198789322.855367,-2302302662.31474
9506,2456063.6026604655,-5976038088.588835,3199084818.8946276,-2302316245.4251447
9507,2456063.852637105,-5976598154.951785,3199381703.3800564,-2302331389.8948293
9508,2456064.1026137853,-5977163659.636239,3199668530.4462,-2302343142.779614
9509,2456064.35259081,-5977722147.659285,3199949546.6702285,-2302353364.754102
9510,2456064.6025677714,-5978278305.260297,3200236147.684017,-2302366992.6724067
9511,2456064.8525443687,-5978844527.384904,3200523975.29341,-2302382123.308087
9512,2456065.1025210135,-5979416001.344606,3200801657.8562756,-2302393836.084604
9513,2456065.352498004,-5979980353.6408,3201073637.990605,-2302404076.453054
9514,2456065.6024749274,-5980542483.334357,3201351235.8571095,-2302417748.153654
9515,2456065.8524514884,-5981114701.630633,3201629898.3166184,-2302432863.4521446
9516,2456066.1024281057,-5981691983.321162,3201898331.3299108,-2302444535.5978274
9517,2456066.3524050694,-5982262040.063728,3202161172.256121,-2302454794.2444673
9518,2456066.6023819605,-5982829982.301917,3202429662.450274,-2302468508.568298
9519,2456066.852358493,-5983408033.86868,3202699055.19054,-2302483606.9165406
9520,2456067.1023350894,-5983990958.533581,3202958137.3975697,-2302495237.812416
9521,2456067.3523120326,-5984566556.758575,3203211739.814539,-2302505514.5139046
9522,2456067.6022888995,-5985140148.869809,3203471021.6796694,-2302519270.193703
9523,2456067.8522654106,-5985723867.723022,3203731044.1083665,-2302534349.894625
9524,2456068.102241993,-5986312267.628018,3203980678.3143225,-2302545938.851402
9525,2456068.3522189227,-5986893241.47443,3204224947.010259,-2302556233.303294
9526,2456068.602195772,-5987472317.910856,3204474924.0304213,-2302570028.990976
9527,2456068.8521722686,-5988061535.240285,3204725479.8038616,-2302585088.291776
9528,2456069.102148844,-5988655239.939538,3204965573.1450005,-2302596634.5785756
9529,2456069.352125768,-5989241420.924592,3205200417.2638636,-2302606946.424612
9530,2456069.6021026066,-5989825813.547269,3205440997.327751,-2302620780.72158
9531,2456069.8520790953,-5990420358.012973,3205681994.61102,-2302635817.844924
9532,2456070.1020556716,-5991019194.656453,3205912458.8092227,-2302647320.720942
9533,2456070.352032596,-5991610411.992837,3206137792.0995693,-2302657649.585262
9534,2456070.602009431,-5992199950.399344,3206368887.7439084,-2302671521.0755296
9535,2456070.8519859193,-5992799648.470461,3206600239.4476895,-2302686534.253411
9536,2456071.1019625026,-5993403442.153221,3206820991.039342,-2302697993.0021296
9537,2456071.3519394347,-5993999523.10763,3207036732.0753226,-2302708338.5239105
9538,2456071.601916273,-5994594035.000047,3207258260.6986966,-2302722245.8094673
9539,2456071.8518927684,-5995198711.333094,3207479884.685318,-2302737233.319196
9540,2456072.1018693657,-5995807285.483252,3207690845.2184844,-2302748647.2846117
9541,2456072.351846312,-5996408055.77287,3207896917.5886736,-2302759009.154665
9542,2456072.601823161,-5997007367.363419,3208108801.6331453,-2302772950.8927984
9543,2456072.8517996697,-5997616845.218298,3208320620.8905897,-2302787911.0948997
9544,2456073.1017762884,-5998230022.023219,3208521717.0905733,-2302799279.719706
9545,2456073.3517532563,-5998835306.251618,3208718049.5558095,-2302809657.719189
9546,2456073.6017301218,-5999439242.709527,3208920216.658086,-2302823632.662087
9547,2456073.8517066515,-6000053344.409373,3209122159.443994,-2302838564.040665
9548,2456074.101683298,-6000670945.289095,3209313323.3491087,-2302849886.9072275
9549,2456074.351660294,-6001280567.433632,3209499849.9701476,-2302860280.949487
9550,2456074.601637183,-6001888953.388629,3209692233.0815578,-2302874287.987356
9551,2456074.8516137404,-6002507500.842141,3209884233.0341506,-2302889189.1943955
9552,2456075.101590422,-6003129346.991956,3210065402.0953126,-2302900466.0700126
9553,2456075.3515674523,-6003743130.967557,3210242062.3199806,-2302910876.2472157
9554,2456075.6015443723,-6004355791.097548,3210424599.779987,-2302924914.4566474
9555,2456075.8515209635,-6004978606.413655,3210606595.97471,-2302939784.361878
9556,2456076.101497687,-6005604519.447071,3210777713.0910015,-2302951015.2499022
9557,2456076.3514747582,-6006222289.7783,3210944451.7652383,-2302961441.885713
9558,2456076.601451715,-6006839049.512587,3211117087.284394,-2302975510.5841575
9559,2456076.8514283467,-6007465955.736844,3211289024.1830215,-2302990348.3308587
9560,2456077.101405118,-6008095758.455006,3211450037.6100607,-2303001533.527319
9561,2456077.351382237,-6008717341.0772505,3211606804.8395834,-2303011977.2344413
9562,2456077.6013592375,-6009338027.428987,3211769487.3081903,-2303026076.038629
9563,2456077.851335916,-6009968849.405973,3211931314.506343,-2303040881.102014
9564,2456078.101312742,-6010602366.685916,3212082177.533767,-2303052021.2530003
9565,2456078.351289915,-6011227589.853633,3212228928.283741,-2303062482.989256
9566,2456078.601266965,-6011852032.342177,3212381611.286415,-2303076611.869522
9567,2456078.851243697,-6012486597.64487,3212533282.9345207,-2303091384.10787
9568,2456079.1012205835,-6013123657.365287,3212673953.2050714,-2303102480.2558618
9569,2456079.351197816,-6013752352.561361,3212810646.5113664,-2303112961.364929
9570,2456079.6011749213,-6014380384.092365,3212953287.426135,-2303127120.6795506
9571,2456079.851151713,-6015018523.858573,3213094761.2123885,-2303141860.3602653
9572,2456080.101128666,-6015658957.675037,3213225199.5866055,-2303152913.9598594
9573,2456080.351105964,-6016290960.305802,3213351797.3040934,-2303163416.1756663
9574,2456080.6010831306,-6016922417.767761,3213484355.939215,-2303177606.663082
9575,2456080.8510599877,-6017563967.179767,3213615591.621808,-2303192314.4410334
9576,2456081.1010370133,-6018207610.867777,3213735760.616016,-2303203327.3216443
9577,2456081.3510143827,-6018842760.450414,3213852225.777503,-2303213852.7147303
9578,2456081.6009916165,-6019477484.730525,3213974662.670339,-2303228075.4235845
9579,2456081.850968545,-6020122282.846324,3214095620.3374305,-2303242752.2543426
9580,2456082.1009456483,-6020768975.936439,3214205482.368851,-2303253726.5159936
9581,2456082.350923094,-6021407115.530074,3214311777.443313,-2303264277.372477
9582,2456082.600900401,-6022044950.739497,3214424052.1616707,-2303278533.5253625
9583,2456082.8508774056,-6022692839.515736,3214534690.6052637,-2303293180.5150595
9584,2456083.100854593,-6023342424.121264,3214634206.467722,-2303304118.365672
9585,2456083.350832121,-6023983398.971501,3214730291.967648,-2303314697.014182
9586,2456083.600809506,-6024624190.92562,3214832361.876453,-2303328987.8272276
9587,2456083.8507865933,-6025275013.557321,3214932637.541304,-2303343606.0477552
9588,2456084.10076387,-6025927332.599692,3215021765.5550723,-2303354509.6166096
9589,2456084.350741486,-6026570988.278668,3215107599.402693,-2303365118.2430277
9590,2456084.6007189546,-6027214582.584529,3215199419.2568297,-2303379444.745242
9591,2456084.8506961307,-6027868181.573961,3215289286.062757,-2303394035.061147
9592,2456085.100673502,-6028523076.865322,3215367982.1231937,-2303404906.2358603
9593,2456085.3506512116,-6029169257.398712,3215443519.9184866,-2303415546.73276
9594,2456085.60062877,-6029815497.656549,3215525042.3383884,-2303429909.629988
9595,2456085.8506060396,-6030471713.116446,3215604452.345484,-2303444472.5783153
9596,2456086.100583512,-6031129023.7860365,3215672670.756056,-2303455312.9015703
9597,2456086.350561321,-6031777570.219678,3215737866.754858,-2303465986.7826962
9598,2456086.6005389746,-6032426296.743988,3215809043.325418,-2303480386.3900166
9599,2456086.850516344,-6033084965.282557,3215877947.926943,-2303494922.1299334
9600,2456087.1004939233,-6033744526.828982,3215935642.659333,-2303505732.765597
9601,2456087.3504718374,-6034395276.447554,3215990451.076365,-2303516441.147937
9602,2456087.6004495923,-6035046325.649132,3216051233.6702375,-2303530877.386525
9603,2456087.850427068,-6035707279.909218,3216109584.9142213,-2303545385.709061
9604,2456088.10040476,-6036368923.886258,3216156710.908555,-2303556167.4630785
9605,2456088.350382785,-6037021710.033165,3216201087.1808043,-2303566911.0978246
9606,2456088.600360648,-6037674914.360819,3216251429.172463,-2303581383.534593
9607,2456088.8503382355,-6038337983.070244,3216299180.915284,-2303595863.908824
9608,2456089.1003160463,-6039001537.2306595,3216335695.164716,-2303606617.280152
9609,2456089.3502941886,-6039656189.53026,3216369596.9624,-2303617396.6074805
9610,2456089.6002721647,-6040311377.75836,3216409454.1632557,-2303631904.5128
9611,2456089.850249871,-6040976386.070599,3216446562.9273696,-2303646356.1448774
9612,2456090.100227807,-6041641674.747005,3216472425.258396,-2303657081.384413
9613,2456090.350206073,-6042298019.513776,3216495813.190727,-2303667896.591979
9614,2456090.6001841687,-6042955017.170631,3216525144.484458,-2303682438.997423
9615,2456090.850162,-6043621787.104564,3216551570.02686,-2303696860.886582
9616,2456091.1001400673,-6044288631.652394,3216566743.6051297,-2303707558.0506034
9617,2456091.350118462,-6044946492.329985,3216579581.669484,-2303718409.124474
9618,2456091.600096684,-6045605122.128726,3216598349.4109025,-2303732984.871514
9619,2456091.850074646,-6046273472.9881,3216614055.0766635,-2303747375.8559813
9620,2456092.1000528513,-6046941692.189639,3216618506.7201705,-2303758044.848794
9621,2456092.350031382,-6047600889.736549,3216620762.581323,-2303768931.6133056
9622,2456092.600009736,-6048260971.941853,3216628932.8476167,-2303783539.390834
9623,2456092.8499878356,-6048930720.663109,3216633885.7974596,-2303797898.1828184
9624,2456093.0999661842,-6049600131.055494,3216627586.1845517,-2303808538.788983
9625,2456093.349944857,-6050260484.252815,3216619231.368224,-2303819460.936724
9626,2456093.5999233495,-6050921836.970096,3216616774.1428537,-2303834099.309472
9627,2456093.8499015924,-6051592798.395095,3216610945.5302577,-2303848424.521915
9628,2456094.0998800914,-6052263214.527285,3216593869.3724513,-2303859036.431188
9629,2456094.349858912,-6052924540.220953,3216574879.4375386,-2303869993.5467167
9630,2456094.599837549,-6053586979.626799,3216561768.784989,-2303884660.978408
9631,2456094.8498159423,-6054258966.7244425,3216545133.9347568,-2303898951.1475406
9632,2456095.0997945974,-6054930201.371518,3216517260.1601453,-2303909533.9766827
9633,2456095.3497735723,-6055592314.68089,3216487614.8890753,-2303920525.5581636
9634,2456095.59975236,-6056255655.229276,3216463829.1538725,-2303935220.4335947
9635,2456095.8497309093,-6056928479.302613,3216436367.7695637,-2303949474.0413895
9636,2456096.0997097273,-6057600343.675301,3216397679.738297,-2303960027.3568563
9637,2456096.349688862,-6058263058.206806,3216357363.361423,-2303971052.8394723
9638,2456096.599667807,-6058927112.850115,3216322885.4017215,-2303985773.489179
9639,2456096.849646519,-6059600583.767646,3216284581.80699,-2303999988.9891257
9640,2456097.0996255055,-6060272887.75514,3216235067.558852,-2304010512.3337812
9641,2456097.349604807,-6060936015.8578415,3216184069.0079837,-2304021571.1177764
9642,2456097.599583915,-6061600596.317803,3216138886.454389,-2304036315.847794
9643,2456097.8495627954,-6062274522.802152,3216089729.854704,-2304050491.6962137
9644,2456098.0995419566,-6062947075.278985,3216029382.371354,-2304060984.621918
9645,2456098.34952143,-6063610428.370068,3215967695.5415606,-2304072076.106742
9646,2456098.5995007074,-6064275345.483714,3215911801.05718,-2304086843.2345996
9647,2456098.849479763,-6064949535.479427,3215851785.795206,-2304100977.9281926
9648,2456099.0994591047,-6065622144.694665,3215780603.2481546,-2304111440.0346055
9649,2456099.3494387562,-6066285533.669531,3215708227.2370934,-2304122563.6591544
9650,2456099.599418209,-6066950597.821096,3215641618.7468,-2304137351.555729
9651,2456099.849397445,-6067624858.948827,3215570744.5186477,-2304151443.6746554
9652,2456100.099376974,-6068297333.001159,3215488730.4698014,-2304161874.653197
9653,2456100.3493568096,-6068960568.72811,3215405669.761585,-2304173029.940821
9654,2456100.5993364435,-6069625590.363489,3215328350.618074,-2304187837.076436
9655,2456100.8493158664,-6070299730.454029,3215246622.6189246,-2304201885.3310933
9656,2456101.0992955877,-6070971877.843403,3215153786.143608,-2304212285.0120635
9657,2456101.349275613,-6071634771.73115,3215060050.708668,-2304223471.6181893
9658,2456101.599255434,-6072299561.941111,3214972029.768512,-2304238296.61075
9659,2456101.849235049,-6072973389.633835,3214879458.742792,-2304252299.889937
9660,2456102.0992149687,-6073645019.873046,3214775814.4522386,-2304262668.2904468
9661,2456102.34919519,-6074307384.493684,3214671419.7420683,-2304273886.0504866
9662,2456102.5991752027,-6074971755.6482115,3214572711.3323693,-2304288727.7133975
9663,2456102.8491550162,-6075645081.036433,3214469313.5103774,-2304302685.1317115
9664,2456103.09913514,-6076316005.305535,3214354881.456737,-2304313022.5023036
9665,2456103.349115561,-6076977655.056542,3214239848.277105,-2304324271.477837
9666,2456103.5990957725,-6077641421.474577,3214130472.0363083,-2304339128.865708
9667,2456103.8490757896,-6078314056.782736,3214016268.940444,-2304353039.8082175
9668,2456104.0990561224,-6078984088.611892,3213891074.38631,-2304363346.6762667
9669,2456104.3490367504,-6079644840.403074,3213765428.6291723,-2304374627.1974626
9670,2456104.5990171647,-6080307819.043396,3213645409.200021,-2304389499.64755
9671,2456104.848997391,-6080979579.321257,3213520427.295694,-2304403363.8095264
9672,2456105.098977938,-6081648535.285591,3213384500.3198895,-2304413641.0168757
9673,2456105.348958777,-6082308209.232049,3213248272.5222363,-2304424953.718362
9674,2456105.5989393992,-6082970220.383008,3213117639.0612764,-2304439840.884472
9675,2456105.8489198396,-6083640924.189651,3212981909.2131023,-2304453658.3024087
9676,2456106.0989006064,-6084308624.582848,3212835284.109912,-2304463907.032886
9677,2456106.348881661,-6084967044.66328,3212688508.7937546,-2304475252.877837
9678,2456106.598862497,-6085627912.581588,3212547294.2495737,-2304490154.750727
9679,2456106.8488431564,-6086297382.599195,3212400850.934327,-2304503925.8178024
9680,2456107.098824147,-6086963652.014286,3212243565.358463,-2304514147.6068225
9681,2456107.348805423,-6087620646.61034,3212086280.107018,-2304525527.8906007
9682,2456107.5987864765,-6088280200.011138,3211934520.2273974,-2304540444.7952013
9683,2456107.8487673597,-6088948263.476717,3211777400.4717445,-2304554170.250773
9684,2456108.098748579,-6089612931.1682205,3211609494.3078513,-2304564366.9659195
9685,2456108.34873008,-6090268333.345489,3211441738.570929,-2304575783.2875285
9686,2456108.5987113565,-6090926405.592094,3211279470.6495914,-2304590715.8450093
9687,2456108.848692468,-6091592894.385338,3211111712.724186,-2304604396.726121
9688,2456109.0986739206,-6092255794.243209,3210933226.736882,-2304614570.5070887
9689,2456109.348655651,-6092909441.600575,3210755040.448885,-2304626024.697627
9690,2456109.598637154,-6093565870.421087,3210582301.9250703,-2304640973.742617
9691,2456109.8486184985,-6094230620.641212,3210403943.9400234,-2304654611.28957
9692,2456110.0986001887,-6094891590.621328,3210214918.381939,-2304664764.44186
9693,2456110.3485821527,-6095543324.571337,3210026340.60217,-2304676258.4471374
9694,2456110.5985638867,-6096197951.189568,3209843167.753425,-2304691224.900467
9695,2456110.8485454684,-6096860802.140143,3209654246.42303,-2304704820.420514
9696,2456111.0985274003,-6097519683.108027,3209454719.8917375,-2304714955.270996
9697,2456111.3485096022,-6098169347.588551,3209255787.7746797,-2304726491.00071
9698,2456111.598491572,-6098822015.317663,3209062214.8198295,-2304741475.714358
9699,2456111.8484733948,-6099482807.998856,3208862764.7142773,-2304755030.4243426
9700,2456112.0984555725,-6100139442.138747,3208652773.566858,-2304765149.1634855
9701,2456112.3484380166,-6100786881.959983,3208443521.9522095,-2304776728.3353825
9702,2456112.598420226,-6101437434.511974,3208239580.825389,-2304791731.9409914
9703,2456112.848402295,-6102096009.917886,3208029634.3317366,-2304805246.8222756
9704,2456113.0983847226,-6102750239.041999,3207809212.832243,-2304815351.3675427
9705,2456113.348367413,-6103395298.232196,3207589674.5759587,-2304826975.3813286
9706,2456113.5983498665,-6104043578.12517,3207375395.433583,-2304841998.1762357
9707,2456113.8483321853,-6104699775.735089,3207154983.425829,-2304855473.873984
9708,2456114.0983148683,-6105351439.87753,3206924164.562998,-2304865565.783455
9709,2456114.3482978093,-6105993960.395933,3206694371.4859858,-2304877235.649775
9710,2456114.5982805113,-6106639807.800568,3206469783.767219,-2304892277.5415583
9711,2456114.848263085,-6107293464.569382,3206238936.756395,-2304905714.3244104
9712,2456115.098246027,-6107942401.125612,3205997753.46106,-2304915794.771334
9713,2456115.348229223,-6108582222.153225,3205757737.613141,-2304927511.1010337
9714,2456115.598212178,-6109225474.335277,3205522871.32972,-2304942571.61051
9715,2456115.848195011,-6109876424.284204,3205281620.7586627,-2304955969.385641
9716,2456116.0981782163,-6110522467.742388,3205030107.1847715,-2304966039.1843348
9717,2456116.3481616722,-6111159425.544801,3204779902.096505,-2304977802.224421
9718,2456116.5981448847,-6111799916.849767,3204534789.0416646,-2304992880.5302186
9719,2456116.8481279816,-6112447991.16128,3204283168.4384623,-2305006238.894461
9720,2456117.0981114553,-6113090973.293595,3204021361.0513287,-2305016298.5565042
9721,2456117.3480951753,-6113724901.495014,3203761002.7510676,-2305028108.250675
9722,2456117.5980786504,-6114362463.692761,3203505677.441067,-2305043203.252934
9723,2456117.848062016,-6115007491.11318,3203243723.2815037,-2305056521.557827
9724,2456118.0980457626,-6115647241.422823,3202971661.640148,-2305066571.357269
9725,2456118.3480297513,-6116277971.485569,3202701189.3581104,-2305078427.4109817
9726,2456118.598013493,-6116912434.272749,3202435689.660638,-2305093537.7956657
9727,2456118.847997132,-6117554241.628324,3202163441.923407,-2305106815.209773
9728,2456119.0979811563,-6118190587.8696995,3201881169.1666465,-2305116855.242721
9729,2456119.347965419,-6118817949.6108265,3201600625.7578945,-2305128757.1802177
9730,2456119.597949432,-6119449141.118864,3201324993.257728,-2305143881.4735107
9731,2456119.847933349,-6120087553.810378,3201042495.737641,-2305157117.033459
9732,2456120.0979176555,-6120720322.4651375,3200750058.850519,-2305167147.2654457
9733,2456120.3479021955,-6121344144.510483,3200459491.0216146,-2305179094.4739375
9734,2456120.597886485,-6121971891.736562,3200173771.21368,-2305194231.083517
9735,2456120.847870685,-6122606734.1462,3199881071.685824,-2305207423.7319913
9736,2456121.0978552783,-6123235750.804199,3199578521.6401334,-2305217444.032625
9737,2456121.3478401005,-6123855860.943092,3199277980.072223,-2305229435.794286
9738,2456121.597824671,-6124479990.080265,3198982222.472336,-2305244583.039106
9739,2456121.8478091583,-6125111085.87847,3198679372.7940145,-2305257731.6522384
9740,2456122.0977940424,-6125736175.521802,3198366764.645263,-2305267741.8202734
9741,2456122.3477791515,-6126352400.969745,3198056304.0907516,-2305279777.3356805
9742,2456122.5977640077,-6126972737.65147,3197750562.335719,-2305294933.4683504
9743,2456122.8477487867,-6127599910.026193,3197437618.5518703,-2305308036.876924
9744,2456123.097733967,-6128220897.244642,3197115011.552251,-2305318036.660381
9745,2456123.347719367,-6128833064.847495,3196794690.958629,-2305330115.068319
9746,2456123.597704513,-6129449434.344771,3196479022.9428368,-2305345278.295064
9747,2456123.8476895886,-6130072506.1948805,3196156045.43565,-2305358335.3045206
9748,2456124.097675069,-6130689215.377644,3195823503.1975713,-2305368324.4208846
9749,2456124.3476607646,-6131297151.804785,3195493385.8864474,-2305380444.8194356
9750,2456124.5976462048,-6131909379.225184,3195167853.956737,-2305395613.3224897
9751,2456124.8476315816,-6132528173.368843,3194834907.6551495,-2305408622.7364907
9752,2456125.097617366,-6133140428.924465,3194492498.37449,-2305418600.8975544
9753,2456125.3476033616,-6133743960.903197,3194152652.2786922,-2305430762.3707843
9754,2456125.5975891002,-6134351871.443942,3193817323.4841566,-2305445934.337285
9755,2456125.8475747826,-6134966210.893658,3193474478.1234336,-2305458894.98862
9756,2456126.0975608756,-6135573837.548617,3193122274.8465466,-2305468861.9333496
9757,2456126.3475471754,-6136172792.188578,3192772772.7831388,-2305481063.5866437
9758,2456126.5975332167,-6136776211.490275,3192427719.151484,-2305496237.246609
9759,2456126.847519208,-6137385919.838076,3192075049.5486026,-2305509148.037469
9760,2456127.097505614,-6137988743.053841,3191713130.443099,-2305519103.574504
9761,2456127.347492222,-6138582948.297051,3191354050.376949,-2305531344.5795493
9762,2456127.597478571,-6139181702.928627,3190999349.167004,-2305546518.2533026
9763,2456127.847464876,-6139786604.866364,3190636935.4569564,-2305559378.204683
9764,2456128.0974515984,-6140384451.39386,3190265384.0274186,-2305569322.2634954
9765,2456128.3474385184,-6140973736.602444,3189896809.263118,-2305581601.9112906
9766,2456128.597425178,-6141567654.682126,3189532543.128957,-2305596774.064089
9767,2456128.847411801,-6142167576.654249,3189160470.8957467,-2305609582.3713613
9768,2456129.097398844,-6142760275.214922,3188779376.077439,-2305619515.0584416
9769,2456129.34738608,-6143344471.877812,3188401395.313142,-2305631832.816132
9770,2456129.5973730544,-6143933383.8035145,3188027652.3145742,-2305647002.1151395
9771,2456129.8473599986,-6144528154.757568,3187646012.554102,-2305659758.204388
9772,2456130.097347366,-6145115536.809048,3187255468.6253824,-2305669679.858605
9773,2456130.3473349214,-6145694479.318411,3186868175.813399,-2305682035.423801
9774,2456130.5973222144,-6146278218.551593,3186485049.2230625,-2305697200.7908816
9775,2456130.8473094837,-6146867670.72505,3186093938.094275,-2305709904.369274
9776,2456131.097297179,-6147449571.245009,3185694044.370647,-2305719815.6094923
9777,2456131.347285057,-6148023097.672181,3185297538.355038,-2305732208.955215
9778,2456131.5972726718,-6148601501.502211,3184905126.23979,-2305747369.608697
9779,2456131.84726027,-6149185471.170666,3184504644.5892954,-2305760020.7022195
9780,2456132.097248296,-6149761729.383036,3184095504.892018,-2305769922.4607615
9781,2456132.3472365,-6150329682.178274,3183689888.823536,-2305782353.864887
9782,2456132.59722444,-6150902592.392663,3183288293.4074144,-2305797509.344622
9783,2456132.8472123696,-6151480920.506476,3182878546.0813217,-2305810108.3178678
9784,2456133.09720073,-6152051380.479542,3182460268.000217,-2305820001.854953
9785,2456133.347189263,-6152613607.027924,3182045648.553356,-2305832471.909733
9786,2456133.597177531,-6153180870.4236965,3181634975.3913364,-2305847622.081426
9787,2456133.8471657955,-6153753403.071587,3181216070.367389,-2305860169.635957
9788,2456134.0971544925,-6154317914.129514,3180788764.3539057,-2305870056.5319505
9789,2456134.347143357,-6154874267.107202,3180365250.7845936,-2305882566.1306825
9790,2456134.5971319564,-6155435735.789983,3179945607.7879357,-2305897711.1669173
9791,2456134.8471205584,-6156002324.438034,3179517655.170503,-2305910208.3158526
9792,2456135.097109595,-6156560741.335523,3179081433.505511,-2305920090.43922
9793,2456135.347098794,-6157111078.8168955,3178649136.596114,-2305932640.7381277
9794,2456135.5970877265,-6157666610.238545,3178220632.9582624,-2305947781.0741963
9795,2456135.8470766684,-6158227111.695163,3177783743.8882594,-2305960229.091279
9796,2456136.097066047,-6158779294.50539,3177338719.58051,-2305970108.540665
9797,2456136.347055583,-6159323479.770804,3176897750.5328927,-2305982700.8945684
9798,2456136.597044851,-6159872936.455135,3176460495.622735,-2305997837.1579437
9799,2456136.847034136,-6160427212.51202,3176014781.176325,-2306010237.500275
9800,2456137.0970238587,-6160973026.179303,3175561066.873655,-2306020116.5204005
9801,2456137.3470137333,-6161510927.177511,3175111536.2416224,-2306032752.3924456
9802,2456137.59700334,-6162054176.09246,3174665638.5654693,-2306047885.3068185
9803,2456137.8469929695,-6162602092.8061,3174211208.7535563,-2306060239.513141
9804,2456138.096983039,-6163141406.336205,3173748915.7896566,-2306070120.387557
9805,2456138.3469732543,-6163672894.785379,3173290932.584146,-2306082801.237381
9806,2456138.5969632016,-6164209806.358991,3172836498.959574,-2306097931.5071235
9807,2456138.846953178,-6164751232.986267,3172373461.979607,-2306110241.079097
9808,2456139.096943596,-6165283918.3066435,3171902699.7140985,-2306120126.009014
9809,2456139.3469341546,-6165808868.486998,3171436370.8425593,-2306132853.1704097
9810,2456139.5969244447,-6166339315.343049,3170973505.946126,-2306147981.3583593
9811,2456139.8469147705,-6166874123.03072,3170501967.844977,-2306160247.639422
9812,2456140.0969055393,-6167400053.644947,3170022843.448287,-2306170138.624853
9813,2456140.346896443,-6167918341.03173,3169548273.6278944,-2306182913.1907053
9814,2456140.596887078,-6168442196.616968,3169077080.0399084,-2306198039.608142
9815,2456140.8468777556,-6168970257.038196,3168597144.890251,-2306210263.6796026
9816,2456141.0968688773,-6169489306.686103,3168109763.6507764,-2306220162.4228864
9817,2456141.3468601285,-6170000806.648907,3167627055.8443766,-2306232985.1574163
9818,2456141.596851111,-6170517943.987624,3167147634.608083,-2306248109.7858143
9819,2456141.8468421423,-6171039128.165795,3166659405.182165,-2306260292.3986773
9820,2456142.096833619,-6171551169.728381,3166163871.2850747,-2306270200.247231
9821,2456142.3468252197,-6172055756.52867,3165673127.5747547,-2306283071.5404453
9822,2456142.596816552,-6172566047.323599,3165185579.1518455,-2306298193.997589
9823,2456142.8468079395,-6173080224.844052,3164689157.9438047,-2306310335.549957
9824,2456143.096799773,-6173585129.670247,3164185575.545492,-2306320253.4850826
9825,2456143.3467917265,-6174082675.906499,3163686898.245088,-2306333173.3530507
9826,2456143.5967834103,-6174585990.1044035,3163191323.6510367,-2306348292.9039187
9827,2456143.8467751564,-6175093028.799033,3162686814.0193205,-2306360393.461277
9828,2456144.09676735,-6175590666.504878,3162175288.382855,-2306370322.1272616
9829,2456144.346759658,-6176081043.021406,3161668781.1544204,-2306383290.2496505
9830,2456144.596751696,-6176577248.825998,3161165283.0441437,-2306398405.851159
9831,2456144.8467438035,-6177077014.882117,3160652790.2549677,-2306410465.196611
9832,2456145.0967363594,-6177567253.545448,3160133428.742727,-2306420404.9555793
9833,2456145.3467290234,-6178050329.703268,3159619197.5321665,-2306433420.7346873
9834,2456145.5967214187,-6178539293.91325,3159107881.0730596,-2306448531.09767
9835,2456145.8467138894,-6179031652.268252,3158587513.10608,-2306460548.795296
9836,2456146.09670681,-6179514358.868498,3158060425.915908,-2306470499.791143
9837,2456146.346699833,-6179990003.020566,3157538579.619802,-2306483562.4161954
9838,2456146.5966925877,-6180471591.531895,3157019553.0894976,-2306498666.069246
9839,2456146.8466854244,-6180956406.393435,3156491421.1671567,-2306510641.5262213
9840,2456147.0966787115,-6181431447.340475,3155956721.796158,-2306520603.744547
9841,2456147.346672096,-6181899527.362028,3155427372.6644187,-2306533712.2495823
9842,2456147.5966652124,-6182373605.694436,3154900747.7962494,-2306548807.594517
9843,2456147.8466584175,-6182850741.057337,3154364966.675689,-2306560740.1133475
9844,2456148.096652074,-6183317982.6929655,3153822772.1637974,-2306570713.430302
9845,2456148.346645822,-6183778366.463909,3153286036.0011287,-2306583866.7400594
9846,2456148.5966393026,-6184244800.222263,3152751928.1486444,-2306598952.094846
9847,2456148.8466328788,-6184714120.3065195,3152208616.2536774,-2306610840.9128757
9848,2456149.096626906,-6185173429.316442,3151659047.2885513,-2306620825.1313233
9849,2456149.3466210198,-6185625985.106677,3151115043.5385027,-2306634022.0947285
9850,2456149.596614867,-6186084640.340683,3150573571.7434864,-2306649095.724478
9851,2456149.8466088157,-6186546009.925641,3150022851.2202353,-2306660940.0421376
9852,2456150.096603217,-6186997253.647833,3149466032.1852884,-2306670934.917421
9853,2456150.3465976985,-6187441850.40141,3148914883.97595,-2306684174.331623
9854,2456150.596591914,-6187892593.868418,3148366171.015321,-2306699234.4711766
9855,2456150.8465862386,-6188345878.536053,3147808167.782819,-2306711033.472947
9856,2456151.096581015,-6188788925.185806,3147244226.8150535,-2306721038.732624
9857,2456151.3465758665,-6189225432.73078,3146686061.0279684,-2306734319.3622537
9858,2456151.596570453,-6189668132.09457,3146130233.4959297,-2306749364.2352386
9859,2456151.846565155,-6190113198.420056,3145565077.3425756,-2306761117.1084623
9860,2456152.0965603087,-6190547917.274663,3144994146.445377,-2306771132.4712353
9861,2456152.3465555324,-6190976206.505819,3144429093.847025,-2306784453.068203
9862,2456152.5965504916,-6191410730.522193,3143866282.305796,-2306799480.9079905
9863,2456152.8465455724,-6191847446.266009,3143294107.058805,-2306811186.8649
9864,2456153.096541106,-6192273707.866254,3142716322.29036,-2306821212.064079
9865,2456153.346536703,-6192693650.96028,3142144517.7401495,-2306834571.3931365
9866,2456153.596532037,-6193119869.711152,3141574856.9463563,-2306849580.4707627
9867,2456153.846527499,-6193548104.075892,3140995800.7139416,-2306861238.7786355
9868,2456154.0965234134,-6193965780.50844,3140411302.4435883,-2306871273.594776
9869,2456154.3465193864,-6194377251.236126,3139832885.162882,-2306884670.469222
9870,2456154.596515097,-6194795036.476379,3139256514.34575,-2306899659.1322117
9871,2456154.846510942,-6195214660.4913225,3138670719.7997947,-2306911269.15506
9872,2456155.096507239,-6195623625.813019,3138079652.991275,-2306921313.4607296
9873,2456155.3465035893,-6196026500.006441,3137494766.8435135,-2306934746.790562
9874,2456155.596499678,-6196435725.677303,3136911829.9761624,-2306949713.5142717
9875,2456155.8464959078,-6196846612.759156,3136319444.607783,-2306961274.7669573
9876,2456156.0964925895,-6197246743.604987,3135721959.053237,-2306971328.583528
9877,2456156.3464893177,-6197640899.813205,3135130752.7508554,-2306984797.434974
9878,2456156.596485786,-6198041442.7461195,3134541398.722942,-2306999740.8843236
9879,2456156.846482402,-6198443469.449052,3133942574.972768,-2307011253.0957365
9880,2456157.096479469,-6198834645.824627,3133338825.3740363,-2307021316.6577425
9881,2456157.346476577,-6199219966.145461,3132741452.504933,-2307034820.3184814
9882,2456157.596473427,-6199611706.9295435,3132145835.0872636,-2307049739.413162
9883,2456157.84647043,-6200004753.84224,3131540730.241079,-2307061202.5903845
9884,2456158.0964678833,-6200386860.042743,3130930876.0310693,-2307071276.4081535
9885,2456158.3464653725,-6200763231.056465,3130327494.8018947,-2307084814.4479647
9886,2456158.5964626046,-6201146054.979624,3129725772.3074775,-2307099708.419951
9887,2456158.8464599955,-6201530007.664341,3129114548.0711327,-2307111122.9014444
9888,2456159.0964578367,-6201902933.200848,3128498752.9013176,-2307121207.809475
9889,2456159.3464557077,-6202270246.87425,3127889525.538195,-2307134780.1234326
9890,2456159.596453322,-6202644044.796007,3127281860.1367917,-2307149648.5538983
9891,2456159.8464511023,-6203018794.619608,3126664681.865973,-2307161015.0389724
9892,2456160.0964493314,-6203382434.997492,3126043112.755449,-2307171112.217741
9893,2456160.3464475847,-6203740589.400887,3125428204.57825,-2307184719.0403895
9894,2456160.596445583,-6204105258.400391,3124814761.3016834,-2307199561.865437
9895,2456160.8464437528,-6204470703.1051235,3124191796.944687,-2307210881.410714
9896,2456161.0964423697,-6204824960.309826,3123564623.169017,-2307220992.3740726
9897,2456161.346441006,-6205173860.012682,3122944201.436133,-2307234634.258288
9898,2456161.5964393876,-6205529303.690894,3122325146.98819,-2307249451.7390895
9899,2456161.8464379474,-6205885347.599568,3121696565.8699756,-2307260725.7194524
9900,2456162.096436953,-6206230130.201883,3121063957.7298584,-2307270852.26694
9901,2456162.3464359716,-6206569686.278143,3120438190.4023733,-2307284530.028676
9902,2456162.5964347376,-6206915814.664831,3119813691.927815,-2307299322.688888
9903,2456162.8464336875,-6207262368.490715,3119179663.532407,-2307310552.7275004
9904,2456163.0964330817,-6207597591.361294,3118541791.1587796,-2307320696.8677115
9905,2456163.346432483,-6207927721.012463,3117910845.7373786,-2307334411.5039606
9906,2456163.596431633,-6208264450.10319,3117281069.697721,-2307349180.0429034
9907,2456163.846430972,-6208601430.405281,3116641762.588738,-2307360367.9196596
9908,2456164.0964307548,-6208927014.0922785,3115998794.9146266,-2307370531.774669
9909,2456164.346430538,-6209247639.953502,3115362837.4689503,-2307384284.365125
9910,2456164.596430072,-6209574890.95092,3114727948.7333794,-2307399029.55729
9911,2456164.846429801,-6209902219.315677,3114083529.7095327,-2307410177.106306
9912,2456165.0964299715,-6210218089.171741,3113435633.694018,-2307420362.8077693
9913,2456165.3464301373,-6210529138.390298,3112794828.1589403,-2307434154.410503
9914,2456165.596430055,-6210846836.740875,3112154989.3747296,-2307448877.0014186
9915,2456165.846430173,-6211164438.782339,3111505622.9154506,-2307459986.0072675
9916,2456166.096430731,-6211470523.932605,3110852963.066842,-2307470195.5934696
9917,2456166.346431278,-6211771927.109881,3110207470.845648,-2307484027.143666
9918,2456166.596431579,-6212080001.426432,3109562842.1220093,-2307498727.7507863
9919,2456166.8464320865,-6212387805.694319,3108908690.1519732,-2307509799.851744
9920,2456167.0964330314,-6212684037.934766,3108251428.3743944,-2307520035.17379
9921,2456167.3464339594,-6212975728.0212145,3107601408.2689905,-2307533907.393536
9922,2456167.5964346435,-6213274108.981478,3106952147.190526,-2307548586.4200225
9923,2456167.84643554,-6213572045.868917,3106293369.17519,-2307559623.026133
9924,2456168.096436871,-6213858358.588495,3105631664.9463034,-2307569885.67092
9925,2456168.34643818,-6214140269.82736,3104977273.417112,-2307583798.997749
9926,2456168.596439247,-6214428889.146842,3104323535.383654,-2307598456.5667562
9927,2456168.8464405313,-6214716889.898276,3103660288.745868,-2307609458.800129
9928,2456169.096442249,-6214993217.127592,3102994299.607941,-2307619750.0373425
9929,2456169.3464439386,-6215265284.151455,3102335691.336768,-2307633704.5784388
9930,2456169.5964453877,-6215544073.735104,3101677630.1931424,-2307648340.494498
9931,2456169.84644706,-6215822069.658374,3101010071.0037146,-2307659309.1578736
9932,2456170.0964491637,-6216088345.346639,3100339953.3097053,-2307669629.916303
9933,2456170.346451233,-6216350502.524808,3099677281.995738,-2307683625.432892
9934,2456170.5964530646,-6216619393.889911,3099015050.8699694,-2307698239.1739316
9935,2456170.8464551247,-6216887315.857333,3098343334.7195597,-2307709174.7499933
9936,2456171.096457614,-6217143473.453142,3097669244.5311275,-2307719525.6243834
9937,2456171.346460063,-6217395654.554214,3097002663.8076153,-2307733561.5462127
9938,2456171.5964622763,-6217654578.576126,3096336416.037354,-2307748152.2848964
9939,2456171.8464647243,-6217912356.852171,3095660698.963319,-2307759054.963608
9940,2456172.0964675983,-6218158329.210563,3094982792.970401,-2307769436.2479815
9941,2456172.3464704272,-6218400467.386942,3094312457.3098955,-2307783511.7125034
9942,2456172.5964730224,-6218649354.358497,3093642347.3253093,-2307798078.3601956
9943,2456172.8464758573,-6218896918.729024,3092962786.664652,-2307808948.0864825
9944,2456173.0964791165,-6219132638.304547,3092281223.0028734,-2307819359.8252673
9945,2456173.3464823244,-6219364666.344275,3091607288.4945965,-2307833473.732009
9946,2456173.5964853014,-6219603446.281146,3090933472.550738,-2307848014.9953737
9947,2456173.8464885233,-6219840726.405165,3090250227.623036,-2307858851.5267262
9948,2456174.096492167,-6220066125.642243,3089565166.5051856,-2307869293.5730853
9949,2456174.346495754,-6220287976.391918,3088887791.4341903,-2307883444.6426425
9950,2456174.596499112,-6220516579.4823,3088210428.136332,-2307897959.082361
9951,2456174.846502721,-6220743505.360987,3087523660.7145214,-2307908762.0463076
9952,2456175.096506749,-6220958517.17516,3086835264.8483157,-2307919234.1182175
9953,2456175.346510714,-6221170124.028194,3086154610.0624843,-2307933420.9470153
9954,2456175.596514453,-6221388481.123387,3085473860.6838336,-2307947907.030619
9955,2456175.8465184486,-6221604983.58733,3084783735.2646613,-2307958675.9749136
9956,2456176.0965228598,-6221809541.84382,3084092170.0797334,-2307969177.702746
9957,2456176.3465272035,-6222010839.20706,3083408399.177645,-2307983398.8083057
9958,2456176.5965313236,-6222218882.273785,3082724427.81139,-2307997854.9528785
9959,2456176.8465357046,-6222424893.4176655,3082031111.734823,-2308008589.385128
9960,2456177.096540499,-6222618933.345265,3081336545.474305,-2308019120.348424
9961,2456177.3465452204,-6222809857.031221,3080649824.8741746,-2308033374.203803
9962,2456177.5965497205,-6223007519.522175,3079962798.4833446,-2308047798.8079867
9963,2456177.8465544875,-6223202973.052378,3079266461.9667087,-2308058498.2249603
9964,2456178.0965596642,-6223386431.567212,3078569065.710569,-2308069057.979448
9965,2456178.3465647628,-6223566919.095261,3077879564.6675715,-2308083343.038591
9966,2456178.5965696424,-6223754136.229528,3077189653.0993605,-2308097734.506245
9967,2456178.8465747945,-6223938967.724276,3076490469.251541,-2308108398.4157724
9968,2456179.096580353,-6224111783.670557,3075790416.934817,-2308118986.514019
9969,2456179.3465858274,-6224281774.491175,3075098307.56723,-2308133301.231781
9970,2456179.5965910866,-6224458483.465145,3074405683.589229,-2308147657.991492
9971,2456179.8465966224,-6224632630.574131,3073703828.458789,-2308158285.9314365
9972,2456180.096602562,-6224794744.914662,3073001296.9345207,-2308168901.9418426
9973,2456180.346608412,-6224954180.594781,3072306754.3042536,-2308183244.793671
9974,2456180.5966140497,-6225120320.766918,3071611593.703408,-2308197565.319255
9975,2456180.846619969,-6225283723.3984585,3070907246.3962607,-2308208156.878854
9976,2456181.0966262883,-6225435079.407292,3070202415.5734816,-2308218800.408401
9977,2456181.3466325128,-6225583903.833634,3069505617.845484,-2308233169.915148
9978,2456181.5966385277,-6225739416.943654,3068808099.607852,-2308247452.75258
9979,2456181.8466448295,-6225892017.503436,3068101442.4859195,-2308258007.601527
9980,2456182.096651528,-6226032561.028052,3067394495.5466976,-2308268678.3275805
9981,2456182.346658126,-6226170720.698252,3066695624.2231917,-2308283073.090525
9982,2456182.596664517,-6226315551.192703,3065995930.7819963,-2308297316.8961706
9983,2456182.8466712004,-6226457294.947561,3065287149.7209945,-2308307834.826021
9984,2456183.096678276,-6226586974.814509,3064578273.384681,-2308318532.5412803
9985,2456183.3466852466,-6226714419.28956,3063877513.5718164,-2308332951.290959
9986,2456183.5966920136,-6226848514.825635,3063175831.0700784,-2308347154.8840203
9987,2456183.8466990762,-6226979350.461125,3062465115.710927,-2308357635.86399
9988,2456184.0967065287,-6227098119.089079,3061754500.46794,-2308368360.5357947
9989,2456184.34671387,-6227214801.664522,3061052041.0848002,-2308382802.1947446
9990,2456184.5967210107,-6227338113.840883,3060348559.5501933,-2308396964.622799
9991,2456184.846728452,-6227457994.250581,3059636103.429763,-2308407408.8674293
9992,2456185.096736279,-6227565808.495645,3058923943.619403,-2308418160.707333
9993,2456185.3467439893,-6227671687.100586,3058219977.4138756,-2308432624.46104
9994,2456185.5967515027,-6227784172.406352,3057514890.7019844,-2308446745.071135
9995,2456185.8467593207,-6227893055.683536,3056800891.1132812,-2308457153.110442
9996,2456186.0967675205,-6227989877.864931,3056087384.692506,-2308467932.6428056
9997,2456186.3467755984,-6228084916.113062,3055382107.9109416,-2308482418.00579
9998,2456186.5967834825,-6228186536.993455,3054675613.267686,-2308496496.5062747
9999,2456186.8467916753,-6228284387.497682,3053960270.708538,-2308506869.2419086
10000,2456187.096800246,-6228370186.4504175,3053245618.5835376,-2308517677.353669
10001,2456187.346808689,-6228454354.664463,3052539230.1837306,-2308532184.211793
10002,2456187.5968169416,-6228545080.501771,3051831527.3391685,-2308546220.705408
10003,2456187.8468255075,-6228631869.779069,3051115044.4888377,-2308556559.4330926
10004,2456188.0968344463,-6228706621.696366,3050399449.3803387,-2308567397.385146
10005,2456188.3468432524,-6228779897.65781,3049692149.793971,-2308581925.9954677
10006,2456188.596851871,-6228859705.414351,3048983439.6315513,-2308595920.966415
10007,2456188.846860807,-6228935412.719196,3048266019.9388523,-2308606227.3494153
10008,2456189.096870112,-6228999101.541243,3047549684.904718,-2308617096.7368927
10009,2456189.3468792783,-6229061470.737569,3046841674.5116973,-2308631647.6752977
10010,2456189.5968882605,-6229130345.055523,3046132157.511591,-2308645601.92405
10011,2456189.846897564,-6229194957.29856,3045414003.6256323,-2308655877.91526
10012,2456190.0969072315,-6229247574.506528,3044697130.4990454,-2308666780.5781827
10013,2456190.346916756,-6229299029.774481,3043988608.0928416,-2308681354.6402373
10014,2456190.5969260987,-6229356962.47404,3043278482.842153,-2308695269.175453
10015,2456190.8469357667,-6229410473.581817,3042559795.1841397,-2308705516.901205
10016,2456191.0969457943,-6229452017.428396,3041842583.2235985,-2308716454.80204
10017,2456191.3469556733,-6229492558.068212,3041133744.7537794,-2308731052.8763876
10018,2456191.596965374,-6229539547.159808,3040423206.792261,-2308744928.7854786
10019,2456191.846975404,-6229581956.998767,3039704182.513025,-2308755150.414348
10020,2456192.096985788,-6229612431.358663,3038986827.479351,-2308766125.506773
10021,2456192.3469960187,-6229642061.927658,3038277865.252894,-2308780748.4456577
10022,2456192.597006074,-6229678110.364846,3037567106.3995366,-2308794586.768221
10023,2456192.847016462,-6229709423.467591,3036847938.830519,-2308804784.3881645
10024,2456193.0970272003,-6229728836.550518,3036130632.5608964,-2308815798.4989333
10025,2456193.347037779,-6229747565.576719,3035421734.936085,-2308830447.005972
10026,2456193.597048186,-6229772679.982925,3034710943.0966144,-2308844248.6279783
10027,2456193.84705893,-6229792904.297393,3033991821.663846,-2308854424.1471744
10028,2456194.0970700183,-6229801267.427826,3033274752.086181,-2308865478.884138
10029,2456194.3470809422,-6229809106.228735,3032566103.5802803,-2308880153.429844
10030,2456194.597091698,-6229823295.761585,3031855462.939203,-2308893919.0065875
10031,2456194.847102794,-6229832441.5646515,3031136573.4312234,-2308904074.083718
10032,2456195.0971142296,-6229829768.147668,3030419924.901125,-2308915170.773563
10033,2456195.347125496,-6229826729.851735,3029711706.5895915,-2308929871.540432
10034,2456195.597136597,-6229830005.282386,3029001398.063645,-2308943601.4484835
10035,2456195.847148042,-6229828084.316899,3028282923.132016,-2308953737.4512777
10036,2456196.0971598215,-6229814389.032562,3027566876.975315,-2308964877.104727
10037,2456196.3471714268,-6229800487.8318205,3026859267.0714903,-2308979603.9588776
10038,2456196.5971828704,-6229792860.855936,3026149468.9206057,-2308993298.273495
10039,2456196.8471946614,-6229779885.698334,3025431588.7170444,-2309003416.261606
10040,2456197.0972067816,-6229755183.924591,3024716323.8899913,-2309014599.5619736
10041,2456197.3472187226,-6229730434.5530615,3024009498.4252563,-2309029352.047191
10042,2456197.5972305057,-6229711917.324432,3023300386.9483786,-2309043010.5411386
10043,2456197.8472426394,-6229687900.971744,3022583279.832507,-2309053111.2694674
10044,2456198.0972550972,-6229652208.423569,3021868973.639381,-2309064338.5808024
10045,2456198.3472673707,-6229616625.848822,3021163107.188256,-2309079115.9314055
10046,2456198.597279491,-6229587230.723214,3020454857.4521656,-2309092738.0917954
10047,2456198.847291964,-6229552186.3874655,3019738700.720794,-2309102822.031012
10048,2456199.0973047563,-6229505518.9605875,3019025529.541641,-2309114093.4226913
10049,2456199.34731736,-6229459118.277078,3018320795.945575,-2309128894.592113
10050,2456199.597329813,-6229418857.754697,3017613582.5009828,-2309142479.652225
10051,2456199.8473426234,-6229372798.85242,3016898553.0930324,-2309152547.0233965
10052,2456200.0973557467,-6229315172.658111,3016186693.075336,-2309163862.3078675
10053,2456200.3473686767,-6229257969.166697,3015483266.1186733,-2309178686.0095277
10054,2456200.5973814605,-6229206856.015305,3014777263.6566973,-2309192232.991946
10055,2456200.8473946042,-6229149796.331213,3014063538.7868857,-2309202283.811379
10056,2456201.097408056,-6229081227.8976145,3013353166.4546876,-2309213642.5909686
10057,2456201.3474213094,-6229013237.34308,3012651220.44719,-2309228487.347009
10058,2456201.5974344206,-6228951284.869406,3011946604.352091,-2309241995.113423
10059,2456201.847447895,-6228883238.857623,3011234362.031465,-2309252029.2429094
10060,2456202.0974616716,-6228803745.457037,3010525654.7728434,-2309263430.9606667
10061,2456202.3474752456,-6228724984.379012,3009825365.003225,-2309278295.1533704
10062,2456202.5974886813,-6228652206.800332,3009122311.7701483,-2309291762.4557962
10063,2456202.8475024826,-6228573189.971957,3008411731.186918,-2309301779.6529956
10064,2456203.097516581,-6228482790.020257,3007704867.598736,-2309313223.6424108
10065,2456203.347530472,-6228393276.161965,3007006410.6439037,-2309328105.563289
10066,2456203.597544229,-6228309689.02107,3006305098.1521983,-2309341531.091849
10067,2456203.847558355,-6228219718.360956,3005596359.909823,-2309351531.056262
10068,2456204.097572772,-6228118431.832499,3004891520.00281,-2309363016.5856547
10069,2456204.347586977,-6228018184.551754,3004195073.902058,-2309377914.478395
10070,2456204.597601052,-6227923805.121849,3003495681.5596414,-2309391296.902315
10071,2456204.8476154986,-6227822899.483895,3002788967.793162,-2309401279.3139806
10072,2456205.0976302302,-6227710748.294525,3002086333.0837255,-2309412805.6232023
10073,2456205.3476447463,-6227599788.933755,3001392077.4091167,-2309427717.718634
10074,2456205.597659136,-6227494636.574461,3000694786.2032795,-2309441055.7191477
10075,2456205.8476739,-6227382817.021412,2999990280.613118,-2309451020.269299
10076,2456206.0976889436,-6227259825.350932,2999290034.144235,-2309462586.598617
10077,2456206.3477037665,-6227138177.543071,2998598150.012013,-2309477511.1421456
10078,2456206.597718468,-6227022273.990185,2997903142.513339,-2309490803.438267
10079,2456206.847733546,-6226899564.066522,2997201030.364456,-2309500749.85342
10080,2456207.097748897,-6226765758.615072,2996503356.704063,-2309512355.4664865
10081,2456207.347764024,-6226633448.525651,2995814026.7755246,-2309527290.740367
10082,2456207.5977790332,-6226506818.120836,2995121487.142965,-2309540536.110346
10083,2456207.8477944215,-6226373244.070815,2994421955.2762737,-2309550464.173036
10084,2456208.097810077,-6226228654.266977,2993727040.538446,-2309562108.377518
10085,2456208.3478255044,-6226085710.795829,2993040449.0534306,-2309577052.7218394
10086,2456208.5978408176,-6225948380.685161,2992350563.080935,-2309590250.0244756
10087,2456208.8478565128,-6225803971.650198,2991653799.974317,-2309600159.5950456
10088,2456209.0978724686,-6225648629.850205,2990961831.8969703,-2309611841.7655644
10089,2456209.347888192,-6225495084.837319,2990278164.769498,-2309626793.6028004
10090,2456209.5979038063,-6225347085.188073,2989591119.999034,-2309639941.8035707
10091,2456209.847919804,-6225191873.437538,2988897315.8973994,-2309649832.8480897
10092,2456210.0979360566,-6225025815.174159,2988208483.9900017,-2309661552.456599
10093,2456210.3479520725,-6224861703.672368,2987527928.972851,-2309676510.32481
10094,2456210.597967983,-6224703067.974511,2986843914.873059,-2309689608.5318108
10095,2456210.8479842795,-6224537089.239683,2986153261.9784513,-2309699481.16095
10096,2456211.098000825,-6224360353.59316,2985467757.721459,-2309711237.819106
10097,2456211.348017129,-6224185714.281876,2984790504.611347,-2309726200.418025
10098,2456211.5980333327,-6224016479.80947,2984109712.7826138,-2309739247.9315147
10099,2456211.848049924,-6223839773.795728,2983422405.453062,-2309749102.453515
10100,2456212.098066757,-6223652403.960148,2982740422.4850054,-2309760895.9694047
10101,2456212.348083345,-6223467279.7701845,2982066663.290622,-2309775862.2208037
10102,2456212.5980998375,-6223287488.267315,2981389287.6044226,-2309788858.5965333
10103,2456212.8481167187,-6223100099.401308,2980705522.454886,-2309798695.5831594
10104,2456213.098133836,-6222902143.4928875,2980027256.6256614,-2309810526.029784
10105,2456213.348150704,-6222706582.475662,2979357185.5626335,-2309825495.1477733
10106,2456213.5981674804,-6222516281.083738,2978683422.085708,-2309838440.2678437
10107,2456213.848184647,-6222318259.492857,2978003397.8293815,-2309848260.624878
10108,2456214.098202043,-6222109771.57442,2977329046.947963,-2309860128.4096746
10109,2456214.3482191865,-6221903827.963448,2976662860.081858,-2309875099.9679203
10110,2456214.5982362423,-6221703070.308671,2975992906.602848,-2309887994.1037364
10111,2456214.8482536897,-6221494472.919709,2975316823.4516454,-2309897799.1281834
10112,2456215.09827136,-6221275514.094463,2974646586.5535693,-2309909705.0434723
10113,2456215.348288774,-6221059249.377591,2973984480.9289804,-2309924679.0172524
10114,2456215.598306104,-6220848096.602302,2973318535.9450316,-2309937522.8608394
10115,2456215.848323827,-6220628988.109872,2972646594.4535065,-2309947314.259873
10116,2456216.0983417667,-6220399627.404991,2971980670.506399,-2309959259.488694
10117,2456216.348359445,-6220173111.102372,2971322842.721355,-2309974236.246341
10118,2456216.598377045,-6219951632.516205,2970661103.891496,-2309987030.8855915
10119,2456216.8483950384,-6219722085.885812,2969993503.3037972,-2309996810.734705
10120,2456217.098413241,-6219482400.589145,2969332089.467381,-2310008796.7921014
10121,2456217.3484311798,-6219245710.409375,2968678733.8684015,-2310023777.019598
10122,2456217.598449043,-6219013983.453213,2968021396.1674814,-2310036523.84586
10123,2456217.8484673016,-6218774079.684206,2967358332.5570235,-2310046294.47987
10124,2456218.0984857623,-6218524154.902739,2966701622.337813,-2310058323.0891747
10125,2456218.3485039547,-6218277376.099625,2966052929.2186365,-2310073307.653684
10126,2456218.598522076,-6218035485.507451,2965400183.207438,-2310086008.213866
10127,2456218.848540594,-6217785312.609963,2964741847.8453255,-2310095772.069471
10128,2456219.0985593065,-6217525240.077266,2964090029.5891113,-2310107844.9981956
10129,2456219.3485777476,-6217268464.1083145,2963446183.828929,-2310122834.780216
10130,2456219.5985961217,-6217016500.439552,2962798214.4549775,-2310135490.607546
10131,2456219.848614893,-6216756151.864539,2962144792.7868814,-2310145250.0549054
10132,2456220.0986338514,-6216486028.294621,2961498048.841914,-2310157368.9498663
10133,2456220.348652535,-6216219351.12675,2960859229.259446,-2310172364.6845083
10134,2456220.598671156,-6215957409.050538,2960216215.400834,-2310184977.1477675
10135,2456220.848690175,-6215686981.976894,2959567886.77631,-2310194734.349247
10136,2456221.0987093737,-6215406907.377529,2958926393.4013424,-2310206900.606409
10137,2456221.3487282945,-6215130427.848902,2958292772.8306174,-2310221902.765472
10138,2456221.5987471566,-6214858604.572937,2957654887.524582,-2310234472.963863
10139,2456221.848766417,-6214578198.417295,2957011825.562671,-2310244229.7820444
10140,2456222.0987858507,-6214288274.692637,2956375753.413978,-2310256444.4679146
10141,2456222.348805002,-6214002093.218118,2955747499.2954454,-2310271453.1944294
10142,2456222.5988240996,-6213720487.302752,2955114910.4148817,-2310283981.9045706
10143,2456222.8488435964,-6213430202.643966,2954477283.748861,-2310293739.8611784
10144,2456223.0988632585,-6213130532.629786,2953846798.678227,-2310306003.6831903
10145,2456223.3488826356,-6212834750.346304,2953224073.8951683,-2310321018.7721844
10146,2456223.598901963,-6212543460.956532,2952596945.00883,-2310333506.4379826
10147,2456223.8489216897,-6212243398.888171,2951964918.158148,-2310343266.7120523
10148,2456224.0989415753,-6211934085.798754,2951340182.0873065,-2310355580.024451
10149,2456224.348961172,-6211628804.100984,2950723145.8342876,-2310370600.9354334
10150,2456224.598980724,-6211327930.623834,2950101637.061151,-2310383047.6857934
10151,2456224.849000675,-6211018192.444828,2949475371.2659492,-2310392811.135954
10152,2456225.0990207777,-6210699339.629519,2948856542.9981456,-2310405173.9663615
10153,2456225.349040589,-6210384659.986555,2948245351.5667267,-2310420199.85336
10154,2456225.5990603594,-6210074301.901307,2947629620.3328786,-2310432605.534543
10155,2456225.8490805295,-6209754989.032416,2947009274.280976,-2310442372.7332954
10156,2456226.099100844,-6209426699.932873,2946396510.198688,-2310454784.8190837
10157,2456226.349120864,-6209102723.882414,2945791317.646217,-2310469814.5685806
10158,2456226.599140848,-6208782980.78739,2945181519.324412,-2310482178.782859
10159,2456226.8491612314,-6208454194.825733,2944567249.7625656,-2310491950.055803
10160,2456227.099181752,-6208116573.054972,2943960704.4126854,-2310504410.8842697
10161,2456227.349201975,-6207783402.30543,2943361663.1226945,-2310519443.1561947
10162,2456227.5992221665,-6207454374.040981,2942757951.5682507,-2310531765.30291
10163,2456227.849242758,-6207116216.900992,2942149913.8147626,-2310541540.769833
10164,2456228.099263479,-6206769366.400905,2941549740.4000435,-2310554049.6198907
10165,2456228.3492839,-6206427103.005525,2940957001.553494,-2310569082.889828
10166,2456228.5993042937,-6206088889.843883,2940359529.555135,-2310581362.2075286
10167,2456228.8493250874,-6205741463.960995,2939757877.930948,-2310591141.82443
10168,2456229.0993460035,-6205385489.219328,2939164228.7227807,-2310603697.809055
10169,2456229.3493666165,-6205034235.807061,2938577942.692762,-2310618730.4111395
10170,2456229.599387207,-6204686938.696553,2937986862.348311,-2310630966.0203123
10171,2456229.849408197,-6204330347.283067,2937391750.533699,-2310640749.6218624
10172,2456230.0994293024,-6203965353.600333,2936804777.2106857,-2310653351.7308106
10173,2456230.349450102,-6203605213.654322,2936225093.882545,-2310668381.900684
10174,2456230.599470884,-6203248934.508579,2935640556.899273,-2310680572.846319
10175,2456230.8494920656,-6202883281.851516,2935052138.2141733,-2310690360.187904
10176,2456231.0995133542,-6202509375.646538,2934471992.123205,-2310703007.3296337
10177,2456231.349534335,-6202140453.817352,2933899061.136087,-2310718033.246218
10178,2456231.5995553024,-6201775295.835025,2933321219.0514994,-2310730178.5388584
10179,2456231.8495766693,-6201400687.619818,2932739646.6555605,-2310739969.3367033
10180,2456232.099598136,-6201017976.756053,2932166478.9922743,-2310752660.3779416
10181,2456232.3496192917,-6200640379.190383,2931600449.9000964,-2310767680.202416
10182,2456232.5996404397,-6200266447.184605,2931029454.222806,-2310779778.8560023
10183,2456232.849661986,-6199882990.822827,2930454881.2368803,-2310789572.823751
10184,2456233.0996836247,-6199491584.9330015,2929888843.149565,-2310802306.6251636
10185,2456233.3497049506,-6199105419.594979,2929329865.5082254,-2310817318.5357313
10186,2456233.5997262727,-6198722820.310124,2928765867.788494,-2310829369.6010003
10187,2456233.849747993,-6198330625.249305,2928198447.349915,-2310839166.481688
10188,2456234.0997697976,-6197930636.037466,2927639689.9821615,-2310851941.928845
10189,2456234.349791288,-6197536013.003411,2927087913.3809896,-2310866944.1507215
10190,2456234.5998127786,-6197144855.401756,2926531065.2316146,-2310878946.743856
10191,2456234.8498346666,-6196744033.402485,2925970950.5065546,-2310888746.337303
10192,2456235.099856632,-6196335574.911637,2925419625.0040307,-2310901562.367287
10193,2456235.34987828,-6195932606.629467,2924875199.068814,-2310916553.198614
10194,2456235.5998999337,-6195533002.142732,2924325652.165306,-2310928506.526245
10195,2456235.8499219837,-6195123667.521959,2923772996.348135,-2310938308.713305
10196,2456236.099944103,-6194706856.370198,2923229253.860161,-2310951164.338747
10197,2456236.3499659034,-6194295657.890962,2922692328.2586155,-2310966142.1745996
10198,2456236.599987714,-6193887720.648745,2922150234.3491035,-2310978045.5576053
10199,2456236.8500099196,-6193469990.505814,2921605190.67847,-2310987850.3240404
10200,2456237.1000321875,-6193044946.112476,2921069182.382698,-2311000744.657706
10201,2456237.350054134,-6192625635.320316,2920539906.8586235,-2311015708.0155396
10202,2456237.6000760957,-6192209482.386438,2920005417.807203,-2311027560.9152412
10203,2456237.850098451,-6191783476.847818,2919468139.619197,-2311037368.379039
10204,2456238.1001208606,-6191350321.690159,2918940016.7857685,-2311050300.6628804
10205,2456238.3501429474,-6190923019.575678,2918418541.2336216,-2311065248.2134686
10206,2456238.6001650537,-6190498771.241836,2917891809.103384,-2311077050.2643366
10207,2456238.850187552,-6190064613.777877,2917362449.921784,-2311086860.7105393
10208,2456239.1002100976,-6189623473.735213,2916842364.009782,-2311099830.353209
10209,2456239.3502323185,-6189188304.772183,2916328838.574462,-2311114760.9608583
10210,2456239.6002545627,-6188756084.971103,2915810015.7260427,-2311126512.013211
10211,2456239.8502771985,-6188313902.848421,2915288729.355511,-2311136325.9393277
10212,2456240.100299873,-6187864907.697617,2914776832.09678,-2311149332.5646987
10213,2456240.350322221,-6187422000.386114,2914271407.2418375,-2311164245.338651
10214,2456240.6003445974,-6186981937.284749,2913760646.378001,-2311175945.512366
10215,2456240.850367363,-6186531862.2104025,2913247586.9174333,-2311185763.684386
10216,2456241.1003901605,-6186075146.322578,2912744030.290979,-2311198807.1899047
10217,2456241.350412629,-6185624633.939258,2912246856.7242064,-2311213701.544241
10218,2456241.6004351308,-6185176860.74108,2911744310.755315,-2311225351.2891774
10219,2456241.8504580203,-6184719029.7129545,2911239632.3924236,-2311235174.801988
10220,2456242.100480933,-6184254732.947504,2910744568.337741,-2311248255.418587
10221,2456242.350503516,-6183796754.477748,2910255796.6316433,-2311263131.1302776
10222,2456242.600526136,-6183341410.383918,2909761618.1909246,-2311274731.28067
10223,2456242.850549142,-6182875966.668531,2909265474.6017385,-2311284561.607616
10224,2456243.1005721637,-6182404235.354271,2908779054.293868,-2311297679.9435067
10225,2456243.3505948535,-6181938936.461842,2908298834.0278764,-2311312537.188501
10226,2456243.600617585,-6181476167.610753,2907813174.473681,-2311324088.98896
10227,2456243.8506407,-6181003261.631216,2907325717.68158,-2311333927.996297
10228,2456244.100663823,-6180524249.38103,2906848090.2475023,-2311347085.038807
10229,2456244.350686613,-6180051783.127268,2906376568.5847,-2311361924.37943
10230,2456244.6007094486,-6179581743.194108,2905899576.444053,-2311373429.4557395
10231,2456244.850732666,-6179101532.985369,2905420955.1421866,-2311383279.3557773
10232,2456245.100755883,-6178615400.984949,2904952265.879147,-2311396476.406696
10233,2456245.350778765,-6178135927.931535,2904489585.7008944,-2311411298.7086043
10234,2456245.6008016975,-6177658778.027188,2904021404.744391,-2311422758.965535
10235,2456245.850825009,-6177171428.916279,2903551762.3398046,-2311432622.1957026
10236,2456246.100848312,-6176678345.377125,2903092150.761192,-2311445860.7332506
10237,2456246.3508712794,-6176192032.80946,2902638448.747952,-2311460667.011897
10238,2456246.6008943007,-6175707940.476396,2902179216.1392407,-2311472084.465531
10239,2456246.8509176993,-6175213623.8583555,2901718689.005751,-2311481963.5088677
10240,2456247.100941081,-6174713762.588791,2901268287.2311673,-2311495244.9996834
10241,2456247.3509641257,-6174220782.90374,2900823692.4194064,-2311510036.227179
10242,2456247.6009872286,-6173729920.345859,2900373537.4639173,-2311521412.8095527
10243,2456247.851010706,-6173228811.784516,2899922253.904327,-2311531310.000344
10244,2456248.1010341584,-6172722350.194907,2899481185.8518515,-2311544635.7098083
10245,2456248.351057273,-6172222878.846748,2899045819.0651407,-2311559412.6332045
10246,2456248.6010804498,-6171725420.851399,2898604862.8818474,-2311570750.021293
10247,2456248.8511039983,-6171217698.011497,2898162943.0374427,-2311580667.387229
10248,2456249.101127514,-6170704815.090173,2897731324.5628033,-2311594038.236968
10249,2456249.351150691,-6170199028.641763,2897305298.7658315,-2311608801.2527165
10250,2456249.601173934,-6169695150.732436,2896873654.836103,-2311620100.760791
10251,2456249.851197547,-6169180991.654995,2896441211.408479,-2311630039.9338803
10252,2456250.1012211186,-6168661866.384218,2896019151.176312,-2311643456.4314637
10253,2456250.35124435,-6168149941.077201,2895602572.469182,-2311658205.533223
10254,2456250.6012676526,-6167639818.245259,2895180347.7266164,-2311669468.0778475
10255,2456250.851291321,-6167119400.242987,2894757487.137569,-2311679430.275894
10256,2456251.101314942,-6166594210.6576185,2894345087.827838,-2311692892.5115824
10257,2456251.351338221,-6166076321.630949,2893938056.675849,-2311707627.300345
10258,2456251.6013615755,-6165560127.7059765,2893525352.7380066,-2311718853.4219747
10259,2456251.851385293,-6165033626.874553,2893112176.345847,-2311728839.480356
10260,2456252.1014089547,-6164502549.703287,2892709535.840732,-2311742347.16779
10261,2456252.3514322746,-6163978870.752747,2892312148.219287,-2311757066.8994026
10262,2456252.6014556736,-6163456778.266557,2891909062.4801817,-2311768256.8148184
10263,2456252.8514794335,-6162924369.4387,2891505667.613282,-2311778267.2428937
10264,2456253.101503129,-6162387580.13551,2891112879.9681373,-2311791819.7786293
10265,2456253.3515264825,-6161858283.811038,2890725228.268261,-2311806523.4249935
10266,2456253.601549919,-6161330464.148605,2890331854.73682,-2311817677.0887456
10267,2456253.8515737136,-6160792321.086807,2889938335.4661493,-2311827712.131071
10268,2456254.1015974362,-6160249994.056258,2889555491.6190753,-2311841308.655478
10269,2456254.351620816,-6159715251.912294,2889177665.296596,-2311855994.9643154
10270,2456254.6016442836,-6159181875.579353,2888794095.188205,-2311867112.1264186
10271,2456254.851668106,-6158638171.253358,2888410542.865806,-2311877171.818407
10272,2456255.1016918486,-6158090480.133288,2888037731.1284084,-2311890811.269666
10273,2456255.3517152476,-6157550463.013574,2887669817.151179,-2311905478.8164983
10274,2456255.6017387393,-6157011699.91973,2887296139.2950287,-2311916559.0718503
10275,2456255.851762582,-6156462606.784539,2886922642.926452,-2311926643.286927
10276,2456256.101786338,-6155909724.7178545,2886559949.326516,-2311940324.446533
10277,2456256.35180975,-6155364603.020998,2886202032.490802,-2311954971.6784263
10278,2456256.6018332583,-6154820622.738044,2885838333.622839,-2311966014.508455
10279,2456256.851857115,-6154266312.98401,2885474980.140463,-2311976122.997966
10280,2456257.1018808763,-6153708412.861451,2885122488.6794662,-2311989844.5296
10281,2456257.3519042945,-6153158356.778077,2884774651.853731,-2312004469.8030167
10282,2456257.601927813,-6152609328.771879,2884421016.847936,-2312015474.6121325
10283,2456257.8519516764,-6152049974.551319,2884067891.332094,-2312025607.040797
10284,2456258.1019754373,-6151487229.23454,2883725684.198574,-2312039367.5254416
10285,2456258.3519988544,-6150932408.969086,2883388008.5296144,-2312053969.1409554
10286,2456258.6020223764,-6150378502.820722,2883044520.5968084,-2312064935.290574
10287,2456258.852046239,-6149814276.468536,2882701706.468304,-2312075091.27005
10288,2456259.102069992,-6149246859.011849,2882369864.2252054,-2312088889.239628
10289,2456259.352093402,-6148687445.007358,2882042429.31984,-2312103465.4756
10290,2456259.6021169205,-6148128830.641287,2881709170.1826663,-2312114392.3174453
10291,2456259.8521407763,-6147559904.906211,2881376749.371291,-2312124571.439449
10292,2456260.1021645144,-6146987988.792014,2881055351.1184907,-2312138405.4102163
10293,2456260.352187909,-6146424151.971131,2880738235.1989794,-2312152954.556289
10294,2456260.6022114176,-6145860999.901289,2880415285.2387934,-2312163841.4655867
10295,2456260.8522352595,-6145287548.196173,2880093338.3217306,-2312174043.3349185
10296,2456261.1022589756,-6144711307.589957,2879782461.82633,-2312187911.840664
10297,2456261.3522823495,-6144143219.6153965,2879475741.8514733,-2312202432.23094
10298,2456261.6023058407,-6143575701.21017,2879163180.2188587,-2312213278.6391273
10299,2456261.852329661,-6142997897.879961,2878851786.520968,-2312223502.9060397
10300,2456262.1023533493,-6142417507.901423,2878551508.3080587,-2312237404.530426
10301,2456262.352376695,-6141845341.450643,2878255260.0537105,-2312251894.5755277
10302,2456262.602400162,-6141273629.209808,2877953164.7379365,-2312262700.001685
10303,2456262.8524239548,-6140691649.809288,2877652402.390932,-2312272946.3928156
10304,2456263.102447607,-6140107286.810941,2877362797.79374,-2312286879.8000813
10305,2456263.3524709176,-6139531215.856061,2877077095.89381,-2312301338.017481
10306,2456263.6024943534,-6138955483.691141,2876785543.7543373,-2312312102.097943
10307,2456263.852518111,-6138369505.2644205,2876495489.7200985,-2312322370.4454184
10308,2456264.102541721,-6137781347.110825,2876216632.8968196,-2312336334.40936
10309,2456264.3525649896,-6137201547.198783,2875941550.8537974,-2312350759.452006
10310,2456264.6025883877,-6136621970.71358,2875660617.624419,-2312361481.96842
10311,2456264.8526121033,-6136032172.074663,2875381347.6943483,-2312371772.237722
10312,2456265.1026356635,-6135440398.424578,2875113311.6244316,-2312385765.6697125
10313,2456265.352658883,-6134857046.962711,2874848921.80259,-2312400156.354048
10314,2456265.6026822366,-6134273803.742866,2874578682.0813403,-2312410837.261264
10315,2456265.8527059024,-6133680365.769779,2874310270.8640776,-2312421149.579389
10316,2456266.102729406,-6133085158.377276,2874053127.334817,-2312435171.5572186
10317,2456266.35275257,-6132498434.944268,2873799500.945074,-2312449526.8925676
10318,2456266.602775871,-6131911704.879536,2873540028.176107,-2312460166.3484383
10319,2456266.852799481,-6131314810.849326,2873282549.076308,-2312470501.034561
10320,2456267.1028229203,-6130716353.91465,2873036368.658267,-2312484550.8343577
10321,2456267.3528460213,-6130126440.630717,2872793575.7279673,-2312498870.0558653
10322,2456267.602869263,-6129536406.306308,2872544942.1627145,-2312509468.4550266
10323,2456267.852892809,-6128936242.309182,2872298467.3315163,-2312519826.0555415
10324,2456268.102916178,-6128334722.918866,2872063319.3157754,-2312533903.188347
10325,2456268.3529392085,-6127741804.914917,2871831428.608094,-2312548185.7946715
10326,2456268.6029623835,-6127148652.11078,2871593705.20128,-2312558743.8069615
10327,2456268.8529858585,-6126545407.58007,2871358305.404195,-2312569125.1348567
10328,2456269.1030091485,-6125941016.269156,2871134257.636939,-2312583229.3870173
10329,2456269.3530321014,-6125345282.282234,2870913336.4447255,-2312597475.1809425
10330,2456269.6030552024,-6124749200.60012,2870686592.59928,-2312607993.791457
10331,2456269.8530785986,-6124143068.968105,2870462336.9049997,-2312618399.965738
10332,2456270.103101803,-6123536000.402405,2870249455.4126472,-2312632531.437358
10333,2456270.353124671,-6122937643.480599,2870039569.1106544,-2312646740.561997
10334,2456270.6031476907,-6122338827.064578,2869823872.147701,-2312657221.1037607
10335,2456270.8531710007,-6121730006.489857,2869610827.307997,-2312667653.5779996
10336,2456271.103194111,-6121120460.190956,2869409175.579875,-2312681812.70664
10337,2456271.3532168865,-6120519678.4051485,2869210386.8026276,-2312695985.6625767
10338,2456271.6032398175,-6119918326.625675,2869005801.0279813,-2312706429.825277
10339,2456271.853263033,-6119307020.632985,2868804030.4294267,-2312716890.3870125
10340,2456272.1032860423,-6118695201.557379,2868613668.2535577,-2312731077.9368815
10341,2456272.3533087177,-6118092198.501758,2868426035.6152153,-2312745215.5593033
10342,2456272.6033315514,-6117488516.35689,2868232620.926531,-2312755625.35253
10343,2456272.8533546655,-6116874934.117945,2868042183.0929284,-2312766116.071862
10344,2456273.1033775653,-6116261052.798022,2867863164.9653864,-2312780333.067391
10345,2456273.3534001326,-6115656037.5725975,2867686741.390237,-2312794436.443614
10346,2456273.6034228615,-6115050235.49339,2867504551.546964,-2312804814.0973616
10347,2456273.8534458657,-6114434591.438924,2867325498.3723836,-2312815337.210718
10348,2456274.103468648,-6113818863.390502,2867157871.7203536,-2312829584.8046365
10349,2456274.3534910996,-6113212049.797049,2866992702.684409,-2312843655.1272993
10350,2456274.6035137163,-6112604342.6282215,2866821783.598729,-2312854002.931148
10351,2456274.853536602,-6111986855.215138,2866654158.721275,-2312864560.668386
10352,2456275.10355926,-6111369499.500151,2866497962.3932157,-2312878839.9595995
10353,2456275.3535815873,-6110761104.4157295,2866344084.56172,-2312892878.338074
10354,2456275.6036040834,-6110151709.619375,2866184473.112081,-2312903198.448809
10355,2456275.8536268435,-6109532599.389257,2866028310.9303017,-2312913792.840323
10356,2456276.103649368,-6108913836.560145,2865883574.4373746,-2312928104.6841974
10357,2456276.3536715647,-6108304077.801925,2865741015.14601,-2312942111.9614305
10358,2456276.6036939323,-6107693213.278105,2865592738.906869,-2312952406.2295146
10359,2456276.853716559,-6107072700.670168,2865448064.5619674,-2312963038.9454045
10360,2456277.1037389426,-6106452750.613211,2865314808.3097835,-2312977383.808313
10361,2456277.353761,-6105841844.848544,2865183586.0348883,-2312991360.4327555
10362,2456277.6037832326,-6105229726.943896,2865046663.968577,-2313001630.293328
10363,2456277.8538057175,-6104608030.430297,2864913494.237714,-2313012302.5547814
10364,2456278.1038279533,-6103987110.652686,2864791730.5967064,-2313026680.4463496
10365,2456278.3538498646,-6103375271.857581,2864671856.1737924,-2313040626.424715
10366,2456278.6038719537,-6102762114.007692,2864546299.966407,-2313050872.8703065
10367,2456278.8538942905,-6102139448.926832,2864424644.686198,-2313061585.4417143
10368,2456279.103916371,-6101517773.584319,2864314379.473425,-2313075995.924981
10369,2456279.353938129,-6100905212.263606,2864205857.607777,-2313089910.84822
10370,2456279.603960068,-6100291224.398016,2864091673.181377,-2313100134.468559
10371,2456279.853982249,-6099667802.533272,2863981536.7387424,-2313110887.7097325
10372,2456280.1040041666,-6099045582.170202,2863882770.6675854,-2313125329.9638243
10373,2456280.3540257644,-6098432505.244296,2863785601.325032,-2313139213.077589
10374,2456280.604047546,-6097817893.802258,2863682790.1552625,-2313149414.135685
10375,2456280.8540695645,-6097193923.508681,2863584172.7225437,-2313160208.0822864
10376,2456281.104091313,-6096571365.279158,2863496902.5490794,-2313174680.9858093
10377,2456281.354112744,-6095957976.383315,2863411082.008913,-2313188531.274709
10378,2456281.6041343617,-6095342944.674115,2863319642.082586,-2313198709.7903457
10379,2456281.85415621,-6094718631.284161,2863232540.481443,-2313209544.236105
10380,2456282.104177783,-6094095939.390468,2863156759.777994,-2313224046.4475217
10381,2456282.3541990397,-6093482439.334494,2863082281.319736,-2313237862.712482
10382,2456282.604220487,-6092867188.007085,2863002207.7395296,-2313248018.5356493
10383,2456282.8542421595,-6092242734.300468,2862926615.9705577,-2313258893.1019673
10384,2456283.1042635497,-6091620110.456618,2862862315.5875816,-2313273423.125586
10385,2456283.3542846264,-6091006697.676897,2862799169.8912787,-2313287204.0456557
10386,2456283.6043058964,-6090391425.154778,2862730455.220938,-2313297336.9138093
10387,2456283.854327386,-6089767031.772085,2862666364.7615404,-2313308251.1029873
10388,2456284.104348587,-6089144675.594783,2862613533.0854983,-2313322807.3387146
10389,2456284.3543694774,-6088531546.52188,2862561708.4551306,-2313336551.5171986
10390,2456284.6043905634,-6087916449.345843,2862504342.913787,-2313346661.097622
10391,2456284.8544118637,-6087292315.10593,2862451742.889832,-2313357614.3321614
10392,2456285.1044328692,-6086670424.408346,2862410365.9977393,-2313372195.1124167
10393,2456285.3544535665,-6086057773.739054,2862369848.502238,-2313385901.111337
10394,2456285.604474463,-6085443046.81816,2862323820.095338,-2313395987.0331674
10395,2456285.8544955673,-6084819368.949366,2862282697.40638,-2313406978.6860313
10396,2456286.1045163707,-6084198139.955793,2862252759.1887927,-2313421582.3048944
10397,2456286.354536869,-6083586160.854191,2862223532.7843285,-2313435248.6729813
10398,2456286.604557569,-6082971997.654726,2862188827.4266996,-2313445310.55401
10399,2456286.8545784713,-6082348971.973645,2862159166.872267,-2313456339.9748416
10400,2456287.1045990665,-6081728599.491594,2862140649.1644583,-2313470964.714228
10401,2456287.3546193596,-6081117483.75755,2862122695.830328,-2313484590.0129647
10402,2456287.6046398575,-6080504076.469373,2862099297.4865937,-2313494627.4854584
10403,2456287.854660551,-6079881897.546804,2862081081.912099,-2313505694.026664
10404,2456288.104680932,-6079262575.135646,2862073964.645725,-2313520338.18311
10405,2456288.3547010133,-6078652513.378846,2862067264.540299,-2313533921.014015
10406,2456288.6047213026,-6078040053.095706,2862055155.383771,-2313543933.752335
10407,2456288.8547417815,-6077418914.444241,2862048365.842258,-2313555036.7974043
10408,2456289.104761942,-6076800834.612574,2862052627.209337,-2313569698.7113934
10409,2456289.354781806,-6076192016.461482,2862057158.8339624,-2313583237.7460885
10410,2456289.6048018807,-6075580693.401519,2862056319.408444,-2313593225.497209
10411,2456289.8548221383,-6074960787.707798,2862060935.31979,-2313604364.4920187
10412,2456290.1048420724,-6074344142.159071,2862076551.928201,-2313619042.580235
10413,2456290.354861713,-6073736756.520737,2862092292.276352,-2313632536.593225
10414,2456290.6048815665,-6073126760.29952,2862102701.6368866,-2313642499.209816
10415,2456290.8549015974,-6072508279.709875,2862118700.919542,-2313653673.6962194
10416,2456291.1049212986,-6071893259.641277,2862145647.914821,-2313668366.485724
10417,2456291.35494071,-6071287495.013638,2862172572.5816193,-2313681814.3887453
10418,2456291.604960337,-6070679014.968231,2862194208.3898406,-2313691751.863389
10419,2456291.8549801344,-6070062151.423131,2862221567.5418653,-2313702961.5135
10420,2456292.104999597,-6069448947.870694,2862259818.673466,-2313717667.6761327
10421,2456292.3550187727,-6068844992.69791,2862297901.905285,-2313731068.552217
10422,2456292.6050381665,-6068238218.250456,2862330740.461192,-2313740981.050875
10423,2456292.855057725,-6067623163.854981,2862369434.574641,-2313752225.700248
10424,2456293.105076943,-6067011968.071088,2862418962.19293,-2313766944.085496
10425,2456293.3550958773,-6066410011.127703,2862468176.8657007,-2313780297.2210474
10426,2456293.6051150323,-6065805132.174459,2862512193.066625,-2313790185.1142426
10427,2456293.855134345,-6065192079.591125,2862562195.7679715,-2313801464.792461
10428,2456294.1051533124,-6064583083.441661,2862622970.7464614,-2313816194.457511
10429,2456294.355172,-6063983314.2342415,2862683288.268658,-2313829499.3713813
10430,2456294.6051909095,-6063380521.550421,2862738455.4923043,-2313839363.262158
10431,2456294.8552099713,-6062769664.406675,2862799738.806222,-2313850678.2201104
10432,2456295.1052286816,-6062163060.782292,2862871730.3862395,-2313865418.4565134
10433,2456295.3552471153,-6061565669.96512,2862943120.522865,-2313878674.925559
10434,2456295.6052657743,-6060965155.624209,2863009410.4293246,-2313888515.673819
10435,2456295.855284578,-6060356688.935177,2863081944.558679,-2313899866.4072976
10436,2456296.105303026,-6059752672.178928,2863165120.1063614,-2313914616.7638516
10437,2456296.3553212006,-6059157851.987133,2863247550.7102804,-2313927824.844503
10438,2456296.6053396016,-6058559809.798529,2863324932.9452395,-2313937643.5870667
10439,2456296.855358142,-6057953930.408657,2863408685.944638,-2313949030.8557296
10440,2456297.105376321,-6057352696.762247,2863503010.5924025,-2313963791.156271
10441,2456297.35539423,-6056760641.462303,2863596447.209599,-2313976951.2003455
10442,2456297.605412368,-6056165267.423619,2863684888.9694543,-2313986749.364403
10443,2456297.8554306384,-6055562174.458483,2863779826.2672935,-2313998174.2030807
10444,2456298.105448542,-6054963922.511982,2863885262.389142,-2314012944.555393
10445,2456298.35546618,-6054374828.846233,2863989667.6821995,-2314026057.215569
10446,2456298.6054840484,-6053782321.577246,2864089133.0811453,-2314035836.5199637
10447,2456298.8555020425,-6053182216.861021,2864195216.78718,-2314047300.235768
10448,2456299.105519665,-6052587147.948539,2864311723.2433534,-2314062081.0240746
10449,2456299.3555370253,-6052001215.501847,2864427056.1690564,-2314075147.240408
10450,2456299.605554618,-6051411776.572194,2864537505.3469005,-2314084909.6751924
10451,2456299.8555723294,-6050814864.906291,2864654693.2897716,-2314096413.8199005
10452,2456300.1055896645,-6050223183.32565,2864782224.394137,-2314111205.6695633
10453,2456300.355606741,-6049640614.674738,2864908439.101214,-2314124226.6251974
10454,2456300.6056240518,-6049054448.669463,2865029827.054438,-2314133974.397248
10455,2456300.8556414745,-6048460937.800863,2865158071.5523453,-2314145520.7026978
10456,2456301.105658516,-6047872850.672912,2865296575.7906423,-2314160324.405258
10457,2456301.3556753024,-6047293851.124431,2865433620.294749,-2314173301.4402456
10458,2456301.605692325,-6046711165.247851,2865565895.52066,-2314183036.8752875
10459,2456301.8557094526,-6046121265.327894,2865705142.0110393,-2314194627.144057
10460,2456302.105726194,-6045536981.902674,2865854560.6741247,-2314209443.5372877
10461,2456302.3557426846,-6044961758.640977,2866002375.5136185,-2314222378.0183015
10462,2456302.605759413,-6044382761.701743,2866145478.7103534,-2314232103.4208436
10463,2456302.855776239,-6043796684.10846,2866295664.5184665,-2314243739.377907
10464,2456303.1057926747,-6043216414.430067,2866455930.5637937,-2314258569.191111
10465,2456303.3558088634,-6042645175.033299,2866614447.7770557,-2314271462.3521
10466,2456303.6058252915,-6042070075.823241,2866768310.9597306,-2314281179.8433285
10467,2456303.8558418103,-6041488031.419418,2866929364.576493,-2314292862.9737434
10468,2456304.105857934,-6040911984.485355,2867100402.0869336,-2314307706.667899
10469,2456304.3558738152,-6040344935.010646,2867269544.866664,-2314320559.45516
10470,2456304.605889937,-6039773940.341894,2867434091.2285933,-2314330270.8255234
10471,2456304.8559061424,-6039196137.4932375,2867605932.3868475,-2314342002.237154
10472,2456305.105921949,-6038624519.285157,2867787656.864236,-2314356859.8800693
10473,2456305.355937517,-6038061862.342863,2867967340.063832,-2314369672.8417068
10474,2456305.6059533264,-6037495175.194092,2868142484.686844,-2314379379.456497
10475,2456305.8559692134,-6036921818.014999,2868325025.2633333,-2314391159.8033013
10476,2456306.105984697,-6036354829.870102,2868517344.704615,-2314406031.0113163
10477,2456306.3559999466,-6035796763.1424,2868707476.0658116,-2314418804.257407
10478,2456306.606015439,-6035234581.34064,2868893127.274554,-2314428507.0355334
10479,2456306.856031002,-6034665868.551478,2869086272.7454753,-2314440336.514924
10480,2456307.106046158,-6034103706.204181,2869289089.172326,-2314455220.4677577
10481,2456307.3560610837,-6033550421.674258,2869489570.9002414,-2314467953.7008796
10482,2456307.6060762545,-6032992937.308872,2869685631.855649,-2314477653.1597304
10483,2456307.8560914886,-6032429061.828921,2869889282.8843246,-2314489531.5706387
10484,2456308.1061063115,-6031871915.174544,2870102493.9022617,-2314504427.0806108
10485,2456308.3561209096,-6031323599.048866,2870313224.174867,-2314517119.6735964
10486,2456308.6061357534,-6030770998.536667,2870519594.3166103,-2314526816.0134263
10487,2456308.8561506537,-6030212147.675628,2870733648.11594,-2314538742.8460584
10488,2456309.1061651395,-6029660201.072128,2870957148.1864533,-2314553648.4514227
10489,2456309.3561794045,-6029117034.175061,2871178022.3280325,-2314566299.541914
10490,2456309.6061939173,-6028569498.729252,2871394598.4447155,-2314575992.740014
10491,2456309.8562084795,-6028015854.713426,2871618949.743431,-2314587967.269005
10492,2456310.1062226235,-6027469287.550218,2871852631.047263,-2314602881.325089
10493,2456310.356236552,-6026931445.921197,2872083542.29058,-2314615489.9031353
10494,2456310.606250729,-6026389152.162697,2872310219.1851034,-2314625179.7970023
10495,2456310.8562649484,-6025840892.748821,2872544760.8031845,-2314637201.1602254
10496,2456311.106278747,-6025299880.054472,2872788513.732759,-2314652121.913725
10497,2456311.356292334,-6024767535.54154,2873029353.634964,-2314664686.8907633
10498,2456311.6063061715,-6024230656.070587,2873266024.4716945,-2314674373.241544
10499,2456311.856320044,-6023687955.090194,2873510647.6078506,-2314686440.4985867
10500,2456312.106333493,-6023152668.046835,2873764361.0031776,-2314701366.141374
10501,2456312.356346735,-6022625988.7887125,2874015019.63689,-2314713886.399115
10502,2456312.6063602283,-6022094692.631942,2874261576.09533,-2314723568.935687
10503,2456312.85637375,-6021557720.402791,2874516170.4513435,-2314735681.107936
10504,2456313.106386845,-6021028326.723389,2874779731.7016387,-2314750609.813664
10505,2456313.3563997387,-6020507477.493641,2875040097.738838,-2314763084.2371526
10506,2456313.6064128843,-6019981930.415652,2875296430.085158,-2314772762.6859136
10507,2456313.856426052,-6019450854.022604,2875560883.9310255,-2314784918.7839017
10508,2456314.106438789,-6018927518.204758,2875834179.037862,-2314799848.7334547
10509,2456314.35645133,-6018412660.641457,2876104139.8136992,-2314812276.2346067
10510,2456314.606464124,-6017893025.352094,2876370136.9683366,-2314821950.3413253
10511,2456314.8564769328,-6017368008.835111,2876644337.217442,-2314834149.385722
10512,2456315.106489309,-6016850892.334213,2876927250.8797574,-2314849078.787798
10513,2456315.356501494,-6016342185.101736,2877206692.48798,-2314861458.325473
10514,2456315.606513933,-6015828621.408749,2877482242.132667,-2314871127.8750944
10515,2456315.8565263795,-6015309825.909712,2877766074.4622793,-2314883368.916896
10516,2456316.106538391,-6014799087.284456,2878058490.210731,-2314898296.028934
10517,2456316.356550216,-6014296686.220927,2878347297.6507792,-2314910626.6304436
10518,2456316.606562297,-6013789351.181407,2878632286.3879476,-2314920291.4693103
10519,2456316.856574378,-6013276935.102543,2878925635.4112463,-2314932573.613335
10520,2456317.106586021,-6012772730.184354,2879227435.7917156,-2314947496.766473
10521,2456317.3565974836,-6012276788.484849,2879525493.161134,-2314959777.5537314
10522,2456317.6066092015,-6011775836.603483,2879819806.713455,-2314969437.6169696
10523,2456317.856620914,-6011269955.82293,2880122556.1852393,-2314981760.050918
10524,2456318.1066321856,-6010772437.951986,2880433622.9683805,-2314996677.680744
10525,2456318.356643282,-6010283106.4267,2880740813.6725583,-2315008907.902337
10526,2456318.6066546347,-6009788689.936366,2881044337.090071,-2315018563.2471666
10527,2456318.8566659745,-6009289498.112162,2881356370.109399,-2315030925.276433
10528,2456319.1066768714,-6008798818.466618,2881676584.4858003,-2315045835.959211
10529,2456319.3566875984,-6008316245.895748,2881992791.4213552,-2315058015.0275126
10530,2456319.606698582,-6007828515.136791,2882305409.2497244,-2315067665.8710694
10531,2456319.856709546,-6007336164.110036,2882626608.4109764,-2315080066.9574366
10532,2456320.106720065,-6006852472.13347,2882955851.1218343,-2315094969.4494014
10533,2456320.3567304197,-6006376805.717674,2883280956.7825966,-2315107096.979817
10534,2456320.6067410316,-6005895909.608574,2883602553.141513,-2315116743.738164
10535,2456320.8567516166,-6005410549.892495,2883932800.5834613,-2315129183.5386696
10536,2456321.106761755,-6004933993.800199,2884270951.9376655,-2315144076.8143272
10537,2456321.356771734,-6004465379.681467,2884604838.3964047,-2315156152.6623087
10538,2456321.6067819707,-6003991466.250334,2884935296.9238944,-2315165795.9859877
10539,2456321.8567921733,-6003513247.569423,2885274474.236005,-2315178274.3871384
10540,2456322.106801928,-6003043974.893218,2885621413.977021,-2315193157.671666
10541,2456322.356811528,-6002582558.70193,2885963962.710766,-2315205181.962597
10542,2456322.606821386,-6002115775.631283,2886303166.346351,-2315214822.7638597
10543,2456322.856831204,-6001644847.460534,2886651154.3104744,-2315227339.906409
10544,2456323.1068405714,-6001183005.580245,2887006761.316542,-2315242212.697611
10545,2456323.3568497896,-6000728932.955611,2887357852.8645754,-2315254185.8451953
10546,2456323.6068592663,-6000269428.0874815,2887705683.4655848,-2315263825.3128023
10547,2456323.8568686955,-5999805940.139224,2888062361.632427,-2315276381.6033263
10548,2456324.1068776725,-5999351676.749583,2888426513.4541388,-2315291243.679666
10549,2456324.3568865065,-5998905093.783788,2888786026.9167404,-2315303166.3897367
10550,2456324.6068955986,-5998453015.537472,2889142364.7195754,-2315312805.9885917
10551,2456324.856904636,-5997997118.150554,2889507610.8347116,-2315325402.0954328
10552,2456325.10691322,-5997550581.620711,2889880183.0868955,-2315340253.5080557
10553,2456325.3569216663,-5997111635.186483,2890247995.483447,-2315352126.7660027
10554,2456325.6069303704,-5996667132.850932,2890612718.4291487,-2315361768.2200165
10555,2456325.856939013,-5996218977.245932,2890986407.7281837,-2315374405.052101
10556,2456326.106947201,-5995780316.836434,2891367273.355752,-2315389246.0994816
10557,2456326.3569552563,-5995349154.763428,2891743258.86132,-2315401071.1399865
10558,2456326.6069635698,-5994912378.629453,2892116241.8040876,-2315410716.3967886
10559,2456326.8569718148,-5994472116.994078,2892498246.195203,-2315423395.0638566
10560,2456327.1069796034,-5994041482.893643,2892887274.630863,-2315438226.247404
10561,2456327.356987265,-5993618253.953224,2893271303.709588,-2315450004.504667
10562,2456327.6069951844,-5993189355.241531,2893652417.5277343,-2315459655.680274
10563,2456327.8570030285,-5992757140.598092,2894042604.6834016,-2315472377.4324265
10564,2456328.107010415,-5992334683.727554,2894439660.922613,-2315487199.3908715
10565,2456328.35701768,-5991919537.368592,2894831599.3882136,-2315498932.4271317
10566,2456328.607025203,-5991498667.89162,2895220710.03455,-2315508591.728396
10567,2456328.8570326427,-5991074653.680575,2895618942.4378366,-2315521357.8730254
10568,2456329.107039624,-5990660525.194745,2896023886.086723,-2315536171.2939515
10569,2456329.3570464896,-5990253610.959405,2896423594.1578975,-2315547860.7052135
10570,2456329.6070536124,-5989840922.446214,2896820561.730994,-2315557530.329847
10571,2456329.8570606457,-5989425261.757286,2897226695.7728677,-2315570342.1266313
10572,2456330.1070672194,-5989019612.181461,2897639380.18149,-2315585147.6370573
10573,2456330.357073683,-5988621078.7461405,2898046711.6612697,-2315596794.9394913
10574,2456330.6070804032,-5988216721.787304,2898451389.642994,-2315606476.9588103
10575,2456330.857087027,-5987809566.2109,2898865274.9317136,-2315619335.500023
10576,2456331.1070931903,-5987412544.204239,2899285546.5878944,-2315634133.5453577
10577,2456331.3570992495,-5987022538.061006,2899700348.3535237,-2315645740.053818
10578,2456331.6071055643,-5986626660.715468,2900112583.2078032,-2315655436.2921057
10579,2456331.8571117762,-5986228158.885948,2900534062.289335,-2315668342.3844
10580,2456332.107117527,-5985839909.735091,2900961760.670872,-2315683133.1141176
10581,2456332.357123179,-5985458573.650145,2901383872.665489,-2315694699.8330183
10582,2456332.6071290867,-5985071319.883892,2901803503.976462,-2315704411.7652593
10583,2456332.857134884,-5984681615.916649,2902232412.624685,-2315717365.8359427
10584,2456333.1071402207,-5984302279.991278,2902667370.6429925,-2315732149.0196013
10585,2456333.3571454636,-5983929751.498046,2903096626.4702826,-2315743676.569779
10586,2456333.607150962,-5983551259.732962,2903523487.683919,-2315753405.2607107
10587,2456333.8571563433,-5983170491.848126,2903959655.7829747,-2315766407.3101497
10588,2456334.1071612635,-5982800203.318194,2904401700.7956824,-2315781182.303468
10589,2456334.357166096,-5982436613.5436945,2904837928.848737,-2315792670.902014
10590,2456334.6071711835,-5982067015.60571,2905271848.5028477,-2315802417.0001955
10591,2456334.857176147,-5981695315.2095995,2905715101.3620663,-2315815466.610308
10592,2456335.1071806494,-5981334201.269495,2906164056.554101,-2315830232.3772697
10593,2456335.3571850704,-5980979674.306203,2906607081.442113,-2315841681.8720374
10594,2456335.6071897447,-5980619094.945915,2907047884.619038,-2315851445.656215
10595,2456335.8571942896,-5980256586.29984,2907498044.433118,-2315864542.0480638
10596,2456336.107198373,-5979904766.982726,2907953730.2653203,-2315879297.228045
10597,2456336.357202381,-5979559419.841511,2908403374.232269,-2315890707.1723433
10598,2456336.607206642,-5979207976.81589,2908850883.932122,-2315900488.6325192
10599,2456336.857210767,-5978854777.236288,2909307771.095968,-2315913630.7528634
10600,2456337.1072144303,-5978512365.721414,2909770006.549686,-2315928373.7509
10601,2456337.357218025,-5978176308.732469,2910226090.638482,-2315939743.495388
10602,2456337.6072218716,-5977834113.284331,2910680128.8561826,-2315949542.4252
10603,2456337.857225575,-5977490333.68692,2911143562.9512115,-2315962729.0387506
10604,2456338.1072288183,-5977157436.895672,2911612166.421265,-2315977458.116435
10605,2456338.357231999,-5976830774.342691,2912074511.2720613,-2315988786.897071
10606,2456338.6072354303,-5976497931.859177,2912534899.702763,-2315998602.978064
10607,2456338.8572387127,-5976163677.430312,2913004700.1135154,-2316011832.74807
10608,2456339.107241535,-5975840396.701036,2913479489.9400516,-2316026546.099864
10609,2456339.3572443,-5975523227.4898405,2913947916.241842,-2316037833.109029
10610,2456339.6072473163,-5975199838.155699,2914414476.6589093,-2316047665.9764695
10611,2456339.857250177,-5974875208.984076,2914890462.885193,-2316060937.525621
10612,2456340.1072525783,-5974561640.677855,2915371257.6067657,-2316075633.334842
10613,2456340.3572549284,-5974254058.911618,2915845586.2977657,-2316086877.7720156
10614,2456340.6072575287,-5973940218.249835,2916318140.70824,-2316096727.06052
10615,2456340.857259967,-5973625309.830953,2916800132.4838333,-2316110039.012285
10616,2456341.107261947,-5973321545.799963,2917286750.9258103,-2316124715.488348
10617,2456341.3572638826,-5973023641.210928,2917766803.2571507,-2316135916.593199
10618,2456341.6072660666,-5972719440.477259,2918245173.9473433,-2316145781.9661236
10619,2456341.8572680824,-5972414344.0724945,2918732991.2741823,-2316159132.971247
10620,2456342.1072696415,-5972120471.986549,2919225252.576277,-2316173788.373639
10621,2456342.357271162,-5971832330.2317915,2919710850.136589,-2316184945.44745
10622,2456342.60727293,-5971537856.681394,2920194859.6983438,-2316194826.6162887
10623,2456342.8572745235,-5971242659.558896,2920688322.879139,-2316208215.3709826
10624,2456343.1072756615,-5970958763.124874,2921186046.5371146,-2316222848.026508
10625,2456343.357276767,-5970680465.987339,2921677011.3050036,-2316233960.4485235
10626,2456343.607278119,-5970395803.059896,2922166482.701534,-2316243857.1887946
10627,2456343.8572792904,-5970110588.667927,2922665412.4216743,-2316257282.4508758
10628,2456344.1072800076,-5969836747.796219,2923168418.3861756,-2316271890.770321
10629,2456344.3572806986,-5969568373.347642,2923664572.8457446,-2316282958.0148244
10630,2456344.6072816346,-5969293600.829533,2924159329.5446544,-2316292870.183989
10631,2456344.8572823848,-5969018448.962236,2924663547.0236864,-2316306330.792271
10632,2456345.1072826814,-5968754739.94095,2925171655.869131,-2316320913.2913256
10633,2456345.3572829585,-5968496362.727704,2925672823.194329,-2316331934.949949
10634,2456345.6072834786,-5968231556.95208,2926172689.3665776,-2316341862.511446
10635,2456345.857283807,-5967966543.967806,2926682016.570917,-2316355357.411964
10636,2456346.107283684,-5967713039.703734,2927195049.7191973,-2316369912.73955
10637,2456346.357283547,-5967464731.012972,2927701054.004851,-2316380888.5514584
10638,2456346.6072836523,-5967209965.152898,2928205854.7604933,-2316390831.6069164
10639,2456346.8572835596,-5966955164.297405,2928720114.641392,-2316404359.887472
10640,2456347.107283017,-5966711934.672491,2929237894.597625,-2316418886.862342
10641,2456347.3572824677,-5966473762.92307,2929748561.087709,-2316429816.7524223
10642,2456347.6072821585,-5966229107.417116,2930258122.6926317,-2316439775.5815144
10643,2456347.857281645,-5965984589.285219,2930777139.3874035,-2316453336.5132313
10644,2456348.1072806837,-5965751701.655317,2931299489.920011,-2316467834.166697
10645,2456348.3572797216,-5965523732.932646,2931814645.160332,-2316478718.288842
10646,2456348.6072789985,-5965289256.053683,2932328795.156602,-2316488693.3929634
10647,2456348.8572780653,-5965055089.190536,2932852394.0721893,-2316502286.4742274
10648,2456349.107276686,-5964832609.017622,2933379140.253893,-2316516754.093594
10649,2456349.3572753123,-5964614907.732799,2933898612.0843706,-2316527592.872767
10650,2456349.607274175,-5964390676.268813,2934417179.2294245,-2316537585.015476
10651,2456349.857272823,-5964166927.868098,2934945186.925128,-2316551210.0105085
10652,2456350.1072710264,-5963954919.431289,2935476154.954785,-2316565647.174823
10653,2456350.3572692415,-5963747549.038065,2935999772.2661476,-2316576441.3389845
10654,2456350.6072676918,-5963533629.007238,2936522586.222454,-2316586451.573912
10655,2456350.8572659204,-5963320365.617848,2937054830.031776,-2316600108.5364504
10656,2456351.107263708,-5963118892.7050495,2937589846.787084,-2316614515.1349416
10657,2456351.3572615124,-5962921916.367979,2938117439.003853,-2316625265.7273636
10658,2456351.6072595506,-5962718373.654694,2938644329.7539034,-2316635295.40436
10659,2456351.857257361,-5962515661.777462,2939180637.134538,-2316648984.677634
10660,2456352.107254733,-5962324788.236222,2939719529.459828,-2316663360.90282
10661,2456352.3572521275,-5962138269.328107,2940250925.7692523,-2316674069.2676334
10662,2456352.607249754,-5961945170.119411,2940781722.791077,-2316684120.0109406
10663,2456352.8572471472,-5961753076.577273,2941321920.453739,-2316697842.1989474
10664,2456353.1072441037,-5961572866.614587,2941864514.2480826,-2316712188.5107083
10665,2456353.35724109,-5961396868.940938,2942399542.653703,-2316722856.249286
10666,2456353.607238305,-5961214279.871351,2942934073.9479365,-2316732929.9068103
10667,2456353.8572352817,-5961032871.872729,2943477986.865374,-2316746685.817347
10668,2456354.107231824,-5960863390.036413,2944024106.0807357,-2316761002.8797145
10669,2456354.3572284016,-5960697977.733548,2944562592.3966713,-2316771631.781093
10670,2456354.607225206,-5960525965.699155,2945100683.485154,-2316781730.3491626
10671,2456354.8572217673,-5960355310.569707,2945648133.9031954,-2316795520.913976
10672,2456355.1072178963,-5960196621.400454,2946197599.574349,-2316809809.511052
10673,2456355.357214066,-5960041858.509638,2946739366.4798017,-2316820401.463573
10674,2456355.6072104615,-5959880490.166116,2947280839.491327,-2316830526.9949846
10675,2456355.857206607,-5959720654.774445,2947831646.052372,-2316844353.175338
10676,2456356.107202323,-5959572822.163796,2948384275.4625793,-2316858614.1148057
10677,2456356.357198087,-5959428771.92446,2948929141.713486,-2316869171.0076056
10678,2456356.607194073,-5959278112.918453,2949473814.6464205,-2316879325.511704
10679,2456356.8571898043,-5959129162.850318,2950027791.7076964,-2316893188.197992
10680,2456357.1071851095,-5958992249.162593,2950583397.7653885,-2316907422.210666
10681,2456357.357180468,-5958858973.085265,2951131177.6320195,-2316917945.8332553
10682,2456357.607176046,-5958719087.081449,2951678863.856719,-2316928131.1761065
10683,2456357.8571713637,-5958581085.625809,2952235821.061359,-2316942031.0893726
10684,2456358.1071662586,-5958455150.648227,2952794211.9420347,-2316956238.732478
10685,2456358.3571612127,-5958332707.432394,2953344714.923676,-2316966730.6799927
10686,2456358.6071563843,-5958203655.002727,2953895222.9734387,-2316976948.4921417
10687,2456358.8571512904,-5958076662.017935,2954454965.1213627,-2316990886.095103
10688,2456359.107145776,-5957961761.809898,2955015944.2202535,-2317005067.666938
10689,2456359.3571403273,-5957850206.18127,2955568975.081154,-2317015529.258794
10690,2456359.607135094,-5957732043.635433,2956122108.774391,-2317025780.858656
10691,2456359.857129589,-5957616114.3801985,2956684436.0333867,-2317039756.2845125
10692,2456360.1071236683,-5957512300.112752,2957247802.266078,-2317053911.7590194
10693,2456360.357117818,-5957411681.677998,2957803161.4254546,-2317064343.979699
10694,2456360.607112181,-5957304459.94056,2958358720.3458133,-2317074630.321373
10695,2456360.8571062675,-5957199643.982645,2958923428.8218374,-2317088643.329307
10696,2456361.1070999415,-5957106960.888143,2959488977.2822914,-2317102772.319401
10697,2456361.3570936923,-5957017323.133511,2960046461.5563726,-2317113175.789866
10698,2456361.607087653,-5956921086.799199,2960604241.875483,-2317123497.443431
10699,2456361.8570813336,-5956827427.136556,2961171124.511933,-2317137547.4082174
10700,2456362.1070746044,-5956745913.704488,2961738647.4412866,-2317151649.164394
10701,2456362.3570679585,-5956667293.272711,2962298051.0734277,-2317162024.149564
10702,2456362.6070615198,-5956582079.970094,2962857846.634659,-2317172381.3178654
10703,2456362.8570547956,-5956499612.487559,2963426694.341142,-2317186467.2560387
10704,2456363.107047666,-5956429300.019297,2963995982.2907887,-2317200540.701089
10705,2456363.3570406255,-5956361726.364518,2964557098.137426,-2317210887.1523337
10706,2456363.60703379,-5956287566.5117655,2965118701.6542926,-2317221279.721255
10707,2456363.857026664,-5956216319.838464,2965689304.507134,-2317235400.348865
10708,2456364.107019137,-5956157232.40564,2966260147.5296125,-2317249444.1418085
10709,2456364.3570117047,-5956100727.849102,2966822768.230151,-2317259761.7658653
10710,2456364.607004475,-5956037644.801802,2967385972.4257517,-2317270189.3778024
10711,2456364.85699695,-5955977640.546343,2967958120.7683187,-2317284343.1879478
10712,2456365.1069890284,-5955929795.307587,2968530309.4695296,-2317298355.8042364
10713,2456365.3569812076,-5955884375.427406,2969094228.44251,-2317308644.1446304
10714,2456365.6069735866,-5955832385.932309,2969658826.9843254,-2317319106.2806773
10715,2456365.856965666,-5955783639.192426,2970232312.2964187,-2317333291.6260405
10716,2456366.1069573527,-5955747046.950506,2970805638.635488,-2317347271.4392185
10717,2456366.3569491464,-5955712721.176298,2971370650.806166,-2317357529.9558444
10718,2456366.6069411365,-5955671835.993385,2971936438.9612823,-2317368026.012934
10719,2456366.8569328235,-5955634355.997383,2972511054.443129,-2317382241.1804
10720,2456367.106924122,-5955609021.852481,2973085312.2458906,-2317396186.5333953
10721,2456367.3569155335,-5955585794.121695,2973651214.491004,-2317406414.6696258
10722,2456367.606907139,-5955556018.67558,2974217989.5063567,-2317416944.0234876
10723,2456367.856898437,-5955529809.423307,2974793530.399097,-2317431187.293163
10724,2456368.1068893503,-5955515733.398693,2975368515.622652,-2317445096.553003
10725,2456368.356880383,-5955503602.761427,2975935106.983464,-2317455293.7856703
10726,2456368.6068716072,-5955484937.720642,2976502668.2535906,-2317465855.8363953
10727,2456368.856862519,-5955469998.535,2977078931.967995,-2317480125.523265
10728,2456369.1068530516,-5955467176.099393,2977654442.795217,-2317493997.1187344
10729,2456369.356843709,-5955466137.209213,2978221524.5427103,-2317504162.9917026
10730,2456369.606834555,-5955458578.943984,2978789673.651975,-2317514757.193743
10731,2456369.8568250844,-5955454904.896552,2979366459.793698,-2317529051.674716
10732,2456370.10681524,-5955463327.358799,2979942296.6456695,-2317542884.120539
10733,2456370.3568055257,-5955473370.836735,2980509672.2842703,-2317553018.266076
10734,2456370.606795997,-5955476911.75315,2981078213.0071044,-2317563644.1474357
10735,2456370.856786148,-5955484493.971352,2981655323.378145,-2317577961.8790174
10736,2456371.1067759297,-5955504148.763789,2982231288.9196873,-2317591753.7921324
10737,2456371.356765848,-5955525261.459679,2982798764.199369,-2317601855.9458785
10738,2456371.606755948,-5955539890.241276,2983367502.5226946,-2317612513.1224246
10739,2456371.856745725,-5955558716.134369,2983944741.1572747,-2317626852.654992
10740,2456372.106735137,-5955589587.02736,2984520640.347432,-2317640602.7688656
10741,2456372.356724691,-5955621752.225724,2985088023.329743,-2317650672.7842774
10742,2456372.606714424,-5955647454.033659,2985656767.536522,-2317661360.9749126
10743,2456372.85670383,-5955677507.491997,2986233940.803624,-2317675720.9691668
10744,2456373.106692876,-5955719574.797009,2986809581.0165854,-2317689428.1515036
10745,2456373.35668207,-5955762772.426922,2987376682.2131505,-2317699466.0188518
10746,2456373.6066714404,-5955799529.120112,2987945243.038805,-2317710185.0663676
10747,2456373.856660479,-5955840790.750569,2988522159.8160048,-2317724564.3164535
10748,2456374.1066491636,-5955894031.575507,2989097351.029883,-2317738227.5944138
10749,2456374.3566380013,-5955948238.488926,2989663983.603358,-2317748233.4680653
10750,2456374.606627012,-5955996028.92843,2990232174.4471436,-2317758983.368892
10751,2456374.8566156877,-5956048476.389438,2990808646.339926,-2317773380.834849
10752,2456375.1066040145,-5956112865.008509,2991383201.3593454,-2317786999.429892
10753,2456375.3565925006,-5956178055.38702,2991949181.3442945,-2317796973.6652637
10754,2456375.6065811557,-5956236855.88173,2992516818.4844885,-2317807754.6087976
10755,2456375.8565694727,-5956300464.371135,2993092660.030916,-2317822169.4582486
10756,2456376.1065574456,-5956375972.757066,2993666394.67428,-2317835742.829507
10757,2456376.3565455833,-5956452118.688444,2994231541.1399484,-2317845686.0276794
10758,2456376.6065338873,-5956521903.6155815,2994798443.866104,-2317856498.442107
10759,2456376.8565218495,-5956596646.535232,2995373472.631862,-2317870930.096905
10760,2456377.1065094727,-5956683245.066831,2995946205.780782,-2317884457.987678
10761,2456377.3564972663,-5956770317.291807,2996510340.826671,-2317894371.040939
10762,2456377.606485223,-5956851059.878174,2997076331.3745213,-2317905215.637524
10763,2456377.856472834,-5956936909.645408,2997650367.820357,-2317919663.816138
10764,2456378.106460112,-5957034567.943405,2998221921.211753,-2317933146.293003
10765,2456378.356447566,-5957132536.706998,2998784869.67729,-2317943030.4195724
10766,2456378.6064351783,-5957224209.886157,2999349772.851342,-2317953908.22262
10767,2456378.8564224425,-5957321138.787691,2999922639.8646693,-2317968372.9645343
10768,2456379.1064093793,-5957429826.5546465,3000492837.527263,-2317981810.4346485
10769,2456379.3563964968,-5957538662.418975,3001054426.33103,-2317991667.187792
10770,2456379.60638377,-5957641239.603728,3001618068.7474313,-2318002579.5352798
10771,2456379.856370691,-5957749220.515709,3002189590.791192,-2318017061.192634
10772,2456380.1063572904,-5957868908.191034,3002758258.10345,-2318030454.3851204
10773,2456380.3563440754,-5957988582.611449,3003318315.2156754,-2318040285.6235003
10774,2456380.6063310127,-5958102038.178316,3003880524.1979747,-2318051234.126675
10775,2456380.8563175946,-5958221044.948837,3004450526.1400237,-2318065733.313257
10776,2456381.1063038604,-5958351703.979996,3005017488.604016,-2318079083.217119
10777,2456381.356290317,-5958482189.455751,3005575841.777666,-2318088891.0314794
10778,2456381.606276922,-5958606498.768096,3006136444.060493,-2318099877.491287
10779,2456381.856263169,-5958736506.109614,3006704749.865799,-2318114394.9898586
10780,2456382.1062491057,-5958878108.712518,3007269831.8030624,-2318127702.7525496
10781,2456382.356235238,-5959019378.414541,3007826307.2890997,-2318137489.356098
10782,2456382.6062215143,-5959154517.320049,3008385127.769724,-2318148515.646994
10783,2456382.85620743,-5959295500.182653,3008951559.3039193,-2318163052.288262
10784,2456383.1061930405,-5959448018.598508,3009514582.7243104,-2318176319.0908227
10785,2456383.3561788523,-5959600045.517968,3010069004.218365,-2318186086.691528
10786,2456383.606164804,-5959745989.39902,3010625864.9934173,-2318197154.6326327
10787,2456383.8561503924,-5959897921.935662,3011190241.159473,-2318211711.167041
10788,2456384.106135682,-5960061327.324526,3011751025.0042305,-2318224938.097652
10789,2456384.356121177,-5960224083.107058,3012303213.0010242,-2318234688.77443
10790,2456384.6061068084,-5960380805.668784,3012857932.836813,-2318245800.0096846
10791,2456384.8560920735,-5960543659.991703,3013420069.1631436,-2318260376.992853
10792,2456385.1060770457,-5960717921.170814,3013978429.0093627,-2318273564.938204
10793,2456385.3560622283,-5960891374.848069,3014528200.621178,-2318283300.5387354
10794,2456385.6060475437,-5961058846.854041,3015080594.8838544,-2318294456.441927
10795,2456385.85603249,-5961232591.786103,3015640303.5621414,-2318309054.1474147
10796,2456386.106017149,-5961417674.006589,3016196051.761719,-2318322203.7133374
10797,2456386.356002024,-5961601790.805294,3016743220.95185,-2318331925.7826576
10798,2456386.605987027,-5961779978.925365,3017293101.929868,-2318343127.3942275
10799,2456386.855971658,-5961964578.893404,3017850192.22018,-2318357745.758592
10800,2456387.1059560096,-5962160442.784264,3018403138.3797398,-2318370857.2229934
10801,2456387.355940581,-5962355183.123507,3018947516.5099335,-2318380566.964139
10802,2456387.6059252764,-5962544048.986764,3019494694.0234256,-2318391814.9596252
10803,2456387.855909598,-5962739463.133356,3020048972.919813,-2318406453.558403
10804,2456388.105893646,-5962946063.874043,3020598924.615596,-2318419526.8541865
10805,2456388.355877918,-5963151382.598657,3021140321.204179,-2318429225.117781
10806,2456388.605862311,-5963350882.087805,3021684603.4021754,-2318440519.8042707
10807,2456388.8558463277,-5963557063.628282,3022235876.4646115,-2318455177.8549967
10808,2456389.105830077,-5963774350.368987,3022782640.1035447,-2318468212.5788484
10809,2456389.355814056,-5963990196.232029,3023320863.710975,-2318477899.8774776
10810,2456389.605798151,-5964200279.027908,3023862057.97835,-2318489241.2138557
10811,2456389.855781868,-5964417174.858005,3024410130.25744,-2318503917.601925
10812,2456390.1057653246,-5964645090.390717,3024953512.0147986,-2318516913.0449915
10813,2456390.3557490143,-5964871405.786838,3025488371.1899953,-2318526589.5884123
10814,2456390.605732817,-5965092015.163492,3026026285.0994782,-2318537977.225442
10815,2456390.8557162397,-5965319565.71689,3026570962.09062,-2318552670.5488772
10816,2456391.1056994083,-5965558046.395405,3027110768.8613567,-2318565625.745323
10817,2456391.3556828154,-5965794767.341507,3027642073.085745,-2318575291.4923887
10818,2456391.605666331,-5966025840.20613,3028176515.331422,-2318586724.8283005
10819,2456391.8556494648,-5966263979.553589,3028717603.893894,-2318601433.456804
10820,2456392.105632351,-5966512955.450485,3029253644.192206,-2318614347.2453566
10821,2456392.3556154803,-5966760011.797461,3029781204.755257,-2318624001.9674644
10822,2456392.605598714,-5967001478.954196,3030311986.001025,-2318635480.213502
10823,2456392.855581565,-5967250135.117606,3030849295.175737,-2318650202.355868
10824,2456393.105564175,-5967509530.385701,3031381379.917524,-2318663073.44805
10825,2456393.3555470323,-5967766846.222566,3031905010.6604023,-2318672716.7975597
10826,2456393.6055299905,-5968018632.814983,3032431944.2427225,-2318684239.0466385
10827,2456393.855512564,-5968277728.244985,3032965285.9118414,-2318698972.8194427
10828,2456394.1054949034,-5968547461.625892,3033493229.028231,-2318711799.867389
10829,2456394.355477495,-5968814955.813472,3034012746.90933,-2318721431.4438443
10830,2456394.605460183,-5969076981.87812,3034535649.3548236,-2318732996.735282
10831,2456394.855442485,-5969346434.023746,3035064838.7112966,-2318747740.2260537
10832,2456395.10542456,-5969626419.429093,3035588457.5691643,-2318760521.8833046
10833,2456395.3554068916,-5969904006.186884,3036103683.0360546,-2318770141.2913256
10834,2456395.6053893156,-5970176187.240887,3036622374.387157,-2318781748.6660476
10835,2456395.855371352,-5970455909.134675,3037147230.2160172,-2318796499.9858174
10836,2456396.105353169,-5970746056.2250185,3037666345.8560424,-2318809234.9566665
10837,2456396.3553352463,-5971033645.699062,3038177103.0426393,-2318818841.8517933
10838,2456396.605317412,-5971315893.293369,3038691407.017861,-2318830490.395015
10839,2456396.855299189,-5971605794.088325,3039211751.8230243,-2318845247.7180285
10840,2456397.1052807537,-5971906008.791631,3039726189.055405,-2318857934.79396
10841,2456397.355262583,-5972203507.551519,3040232305.85001,-2318867528.9157343
10842,2456397.605244497,-5972495729.744758,3040742049.8890862,-2318879217.7871857
10843,2456397.855226021,-5972795715.165123,3041257709.9196086,-2318893979.3786073
10844,2456398.1052073394,-5973105900.104332,3041767297.3341627,-2318906617.463293
10845,2456398.3551889267,-5973413211.546363,3042268605.376846,-2318916198.6576705
10846,2456398.605170594,-5973715313.283675,3042773620.6301117,-2318927927.1120186
10847,2456398.855151871,-5974025285.98148,3043284425.8652964,-2318942691.346741
10848,2456399.10513295,-5974345340.81019,3043788995.814455,-2318955279.473203
10849,2456399.3551143017,-5974662365.472618,3044285330.480823,-2318964847.7082148
10850,2456399.605095729,-5974974248.882161,3044785451.797715,-2318976615.109942
10851,2456399.855076765,-5975294108.718377,3045291235.9430914,-2318991380.487071
10852,2456400.1050576107,-5975623930.389322,3045790624.546522,-2319003917.8316407
10853,2456400.3550387323,-5975950566.209713,3046281824.962825,-2319013473.211169
10854,2456400.605019926,-5976272130.851835,3046776890.920213,-2319025279.0488048
10855,2456400.8550007273,-5976601775.14166,3047277491.450493,-2319040044.2066545
10856,2456401.1049813456,-5976941258.1516695,3047771538.652614,-2319052530.104729
10857,2456401.3549622437,-5977277400.714107,3048257447.7681103,-2319062072.885181
10858,2456401.60494321,-5977608543.834184,3048747300.758625,-2319073916.7895455
10859,2456401.8549237824,-5977947867.6104555,3049242559.0219936,-2319088680.5257573
10860,2456402.10490418,-5978296904.278678,3049731108.7103057,-2319101114.493564
10861,2456402.3548848606,-5978642447.109509,3050211573.4281254,-2319110645.1074877
10862,2456402.6048656045,-5978983063.955036,3050696059.8028517,-2319122526.877688
10863,2456402.8548459555,-5979331960.311839,3051185821.173229,-2319137288.1777196
10864,2456403.104826138,-5979690441.15373,3051668721.336049,-2319149669.9429693
10865,2456403.3548066076,-5980045276.128477,3052143592.672667,-2319159189.0319057
10866,2456403.604787136,-5980395260.39226,3052622562.8992176,-2319171108.6707964
10867,2456403.8547672704,-5980753620.968663,3053106676.928072,-2319185866.7458153
10868,2456404.104747244,-5981121435.223065,3053583779.793376,-2319198196.2874074
10869,2456404.3547275085,-5981485453.137767,3054052912.998056,-2319207704.7432218
10870,2456404.6047078273,-5981844697.574905,3054526221.754679,-2319219662.500474
10871,2456404.854687752,-5982212413.2193365,3055004542.232355,-2319234416.831637
10872,2456405.1046675234,-5982589449.560008,3055475704.287103,-2319246694.4241614
10873,2456405.354647589,-5982962540.887351,3055938958.8104086,-2319256193.433198
10874,2456405.6046277042,-5983330938.113072,3056406464.895722,-2319268189.8488
10875,2456405.8546074247,-5983707899.71987,3056878849.693379,-2319282940.229202
10876,2456406.104587,-5984094047.125155,3057343931.4475017,-2319295166.481815
10877,2456406.3545668717,-5984476102.908703,3057801170.6183243,-2319304657.559721
10878,2456406.604546789,-5984853546.308043,3058262736.5340996,-2319316693.4942384
10879,2456406.854526312,-5985239645.73294,3058729047.0848913,-2319331440.053276
10880,2456407.1045056963,-5985634794.394573,3059187912.4436154,-2319343615.9263363
10881,2456407.354485381,-5986025707.135622,3059639002.7279267,-2319353100.9257717
10882,2456407.6044651065,-5986412091.712742,3060094493.8224936,-2319365177.5585303
10883,2456407.854444437,-5986807222.569094,3060554594.1492505,-2319379920.7494287
10884,2456408.104423637,-5987211264.617868,3061007109.3262258,-2319392047.529608
10885,2456408.35440314,-5987610928.911556,3061451919.130581,-2319401528.602042
10886,2456408.6043826793,-5988006151.818468,3061901202.3016944,-2319413647.379628
10887,2456408.8543618238,-5988410209.882681,3062354957.6302576,-2319428387.914249
10888,2456409.1043408443,-5988823039.654868,3062800989.6846137,-2319440467.134828
10889,2456409.3543201713,-5989231352.302478,3063239387.834062,-2319449946.6363034
10890,2456409.6042995295,-5989635312.785832,3063682329.9683905,-2319462109.164943
10891,2456409.854278493,-5990048195.771445,3064129605.1505494,-2319476847.8938293
10892,2456410.104257341,-5990469709.405266,3064569020.4158416,-2319488881.2029448
10893,2456410.354236497,-5990886568.830931,3065000874.613574,-2319498361.5517893
10894,2456410.6042156806,-5991299167.471937,3065437341.102847,-2319510569.446808
10895,2456410.8541944693,-5991720774.100907,3065877999.2132454,-2319525307.202694
10896,2456411.1041731494,-5992150868.4503565,3066310661.9971166,-2319537296.202696
10897,2456411.3541521407,-5992576173.471014,3066735837.6478853,-2319546779.716738
10898,2456411.6041311547,-5992997310.8293705,3067165691.355543,-2319559034.440387
10899,2456411.854109774,-5993427539.371914,3067599592.816555,-2319573771.8792605
10900,2456412.1040882925,-5993866110.465174,3068025364.6940455,-2319585717.972953
10901,2456412.3540671244,-5994299758.690228,3068443724.373459,-2319595206.7228384
10902,2456412.6040459746,-5994729333.669497,3068866825.284563,-2319607509.44678
10903,2456412.8540244303,-5995168080.300468,3069293827.6962514,-2319622246.921234
10904,2456413.104002793,-5995615021.7103615,3069712567.514336,-2319634151.197212
10905,2456413.3539814716,-5996056907.946643,3070123971.1405015,-2319643646.9046893
10906,2456413.6039601634,-5996494816.25326,3070540176.691174,-2319655998.4220514
10907,2456413.853938462,-5996941973.583263,3070960135.305533,-2319670735.90736
10908,2456414.103916675,-5997397175.044606,3071371699.786375,-2319682599.0799603
10909,2456414.353895206,-5997847190.010058,3071776005.336239,-2319692103.0715857
10910,2456414.603873746,-5998293322.971723,3072185171.227735,-2319704503.7641582
10911,2456414.8538518935,-5998748778.976962,3072597939.8438773,-2319719240.8381195
10912,2456415.1038299627,-5999212125.430658,3073002184.5436416,-2319731063.2387533
10913,2456415.3538083527,-5999670154.91202,3073399249.059948,-2319740576.448013
10914,2456415.603786747,-6000124398.74757,3073801230.3003674,-2319753026.2985015
10915,2456415.853764749,-6000588036.149779,3074206662.3277683,-2319767762.162469
10916,2456416.1037426814,-6001059407.227941,3074603442.7085867,-2319779543.7679753
10917,2456416.3537209365,-6001525331.664187,3074993123.3704104,-2319789066.770214
10918,2456416.603699191,-6001987567.159111,3075387775.336187,-2319801565.4032054
10919,2456416.8536770553,-6002459263.187302,3075785724.8398695,-2319816298.9279213
10920,2456417.103654857,-6002938533.054037,3076174897.2919936,-2319828039.4099126
10921,2456417.3536329838,-6003412227.448012,3076557052.4094515,-2319837572.4746475
10922,2456417.603611105,-6003882329.930144,3076944231.8103495,-2319850119.2118077
10923,2456417.8535888377,-6004361956.355098,3077334554.4438777,-2319864848.994675
10924,2456418.1035665153,-6004848993.793573,3077715977.1842256,-2319876547.7778087
10925,2456418.35354452,-6005330327.844933,3078090467.0619726,-2319886090.927754
10926,2456418.603522516,-6005808167.358471,3078470032.7703676,-2319898684.8478513
10927,2456418.853500123,-6006295590.704492,3078852586.5710506,-2319913409.273562
10928,2456419.103477684,-6006790259.36239,3079226120.403933,-2319925065.5958934
10929,2456419.353455574,-6007279097.742232,3079592808.0682473,-2319934618.666987
10930,2456419.6034334498,-6007764539.3487835,3079964621.8143907,-2319947258.6660647
10931,2456419.853410939,-6008259621.219844,3080339267.8674126,-2319961975.9666924
10932,2456420.1033883896,-6008761779.958269,3080704776.8172836,-2319973588.9390163
10933,2456420.3533661715,-6009257982.677764,3081063528.6183634,-2319983151.638977
10934,2456420.6033439348,-6009750886.843298,3081427455.563807,-2319995836.488638
10935,2456420.8533213134,-6010253484.327984,3081794058.5470157,-2320010544.80156
10936,2456421.1032986604,-6010762987.642816,3082151410.3739676,-2320022113.4642935
10937,2456421.3532763408,-6011266410.488558,3082502096.472542,-2320031685.4284205
10938,2456421.603253999,-6011766633.531676,3082858005.668989,-2320044413.831032
10939,2456421.853231273,-6012276599.664241,3083216434.2837496,-2320059111.2534146
10940,2456422.103208524,-6012793298.15839,3083565500.8853393,-2320070634.6297684
10941,2456422.3531861105,-6013303793.173287,3083907995.6256914,-2320080215.4726863
10942,2456422.6031636694,-6013811187.753504,3084255760.360136,-2320092986.1120763
10943,2456422.853140847,-6014328372.009005,3084605887.6483965,-2320107670.750455
10944,2456423.103118009,-6014852112.89259,3084946545.3477187,-2320119147.8943048
10945,2456423.3530955077,-6015369528.878256,3085280727.51713,-2320128737.255993
10946,2456423.6030729753,-6015883944.498906,3085620225.544096,-2320141548.8419943
10947,2456423.853050063,-6016408193.296052,3085961929.0936985,-2320156218.8552628
10948,2456424.103027143,-6016938820.887112,3086294058.817353,-2320167648.8920655
10949,2456424.3530045617,-6017463003.899444,3086619811.7978706,-2320177246.476622
10950,2456424.602981944,-6017984287.396737,3086950925.4671,-2320190097.782067
10951,2456424.852958949,-6018515444.579824,3087284087.5163064,-2320204751.4166365
10952,2456425.102935954,-6019052800.777314,3087607574.8761606,-2320216133.57634
10953,2456425.3529132996,-6019583594.588098,3087924786.7055264,-2320225739.1827025
10954,2456425.602890604,-6020111590.580346,3088247403.004841,-2320238629.072342
10955,2456425.8528675335,-6020649497.856232,3088571910.468798,-2320253264.6892843
10956,2456426.102844471,-6021193422.563709,3088886645.7730026,-2320264598.331387
10957,2456426.3528217496,-6021730669.069236,3089195209.142577,-2320274211.8764644
10958,2456426.6027989835,-6022265220.3504715,3089509219.6860538,-2320287139.3286853
10959,2456426.8527758443,-6022809717.668328,3089824964.1370773,-2320301755.4240584
10960,2456427.102752721,-6023360049.159687,3090130842.363569,-2320313040.0563474
10961,2456427.3527299403,-6023903588.731967,3090430654.587638,-2320322661.592455
10962,2456427.6027071103,-6024444536.609746,3090735955.5838585,-2320335625.715958
10963,2456427.8526839092,-6024995462.48767,3091042833.220306,-2320350220.9367976
10964,2456428.1026607323,-6025552037.723589,3091339753.9872103,-2320361456.2305093
10965,2456428.352637899,-6026101709.517121,3091630716.97696,-2320371085.9600797
10966,2456428.602615012,-6026648894.111959,3091927209.209147,-2320384086.008689
10967,2456428.8525917563,-6027206085.932241,3092225120.842791,-2320398659.168016
10968,2456429.1025685323,-6027768740.853354,3092512988.4030433,-2320409844.972924
10969,2456429.3525456535,-6028324383.097738,3092795008.6695232,-2320419483.264034
10970,2456429.602522716,-6028877643.638177,3093082597.5084543,-2320432518.6532755
10971,2456429.8524994124,-6029440937.949054,3093371448.5871515,-2320447068.747766
10972,2456430.102476149,-6030009507.787119,3093650171.859602,-2320458205.110726
10973,2456430.3524532304,-6030570958.1096945,3093923160.552994,-2320467852.5169096
10974,2456430.6024302496,-6031130133.270303,3094201756.0043736,-2320480922.845644
10975,2456430.852406905,-6031699366.143758,3094481456.6655607,-2320495449.07893
10976,2456431.1023836085,-6032273685.802196,3094750949.2914624,-2320506536.2686167
10977,2456431.352360658,-6032840781.633659,3095014822.258259,-2320516193.5553417
10978,2456431.6023376402,-6033405709.969378,3095284339.018272,-2320529298.634306
10979,2456431.8523142617,-6033980717.468299,3095554804.1385975,-2320543800.4473343
10980,2456432.102290938,-6034560622.024541,3095814984.5197444,-2320554838.9859037
10981,2456432.352267962,-6035133201.137773,3096069662.3244405,-2320564507.1636276
10982,2456432.602244914,-6035703721.661495,3096330019.780039,-2320577647.0500507
10983,2456432.8522215076,-6036284340.458374,3096591168.947254,-2320592124.156614
10984,2456433.1021981644,-6036869665.8236475,3096841960.1811547,-2320603114.855319
10985,2456433.3521751687,-6037447567.0330715,3097087367.997163,-2320612795.214928
10986,2456433.602152097,-6038023519.953476,3097338490.065224,-2320625970.247592
10987,2456433.8521286696,-6038609588.104866,3097590247.356365,-2320640422.667954
10988,2456434.102105313,-6039200171.830605,3097831576.9433994,-2320651366.6579914
10989,2456434.352082304,-6039783235.823591,3098067644.180356,-2320661060.7982373
10990,2456434.602059215,-6040364463.394388,3098309458.8471026,-2320674271.620916
10991,2456434.852035773,-6040955821.199645,3098551752.271134,-2320688699.699755
10992,2456435.1020124094,-6041551503.333846,3098783551.4518156,-2320699598.4429264
10993,2456435.351989393,-6042139573.510396,3099010210.9813843,-2320709308.2728133
10994,2456435.6019662926,-6042725920.838736,3099242649.412713,-2320722555.8276567
10995,2456435.851942842,-6043322411.60139,3099475409.9021463,-2320736960.216852
10996,2456436.1019194773,-6043923035.3842535,3099697612.5288086,-2320747815.4758925
10997,2456436.3518964606,-6044515958.466538,3099914799.439326,-2320757543.1716595
10998,2456436.6018733545,-6045107274.017008,3100137794.625071,-2320770828.642513
10999,2456436.8518499015,-6045708744.42429,3100360954.5786676,-2320785210.229885
11000,2456437.1018265416,-6046314156.523427,3100573495.5687313,-2320796023.981481
11001,2456437.3518035295,-6046911782.627651,3100781145.546332,-2320805771.8838763
11002,2456437.601780424,-6047507918.115403,3100994630.6304464,-2320819096.57872
11003,2456437.8517569746,-6048114217.940758,3101208122.2157254,-2320833456.356237
11004,2456438.101733626,-6048724267.95338,3101410935.8522887,-2320844230.6454506
11005,2456438.3517106245,-6049326449.885637,3101608983.508924,-2320854001.101863
11006,2456438.601687525,-6049927259.366417,3101812890.1761575,-2320867366.2851443
11007,2456438.851664085,-6050538240.360041,3102016643.804765,-2320881705.173813
11008,2456439.101640753,-6051152779.514025,3102209662.3297586,-2320892441.933693
11009,2456439.3516177684,-6051759371.296816,3102398039.9431934,-2320902237.1152816
11010,2456439.601594681,-6052364709.540413,3102592297.3323855,-2320915643.8259196
11011,2456439.8515712563,-6052980223.675888,3102786240.767871,-2320929962.497846
11012,2456440.1015479467,-6053599102.977951,3102969393.7005525,-2320940663.3783407
11013,2456440.3515249845,-6054209957.9303875,3103148030.7560773,-2320950485.118563
11014,2456440.601501915,-6054819678.466336,3103332565.2324924,-2320963934.0209074
11015,2456440.851478512,-6055439575.986216,3103516623.593192,-2320978232.764959
11016,2456441.101455231,-6056062644.299428,3103689837.9573274,-2320988899.0149646
11017,2456441.351432297,-6056677613.176244,3103858661.5893555,-2320998748.709546
11018,2456441.601409252,-6057291566.522849,3104033397.386552,-2321012240.0122476
11019,2456441.851385876,-6057915694.282989,3104207493.967978,-2321026518.671975
11020,2456442.1013626303,-6058542796.805802,3104370695.271407,-2321037151.096176
11021,2456442.3513397304,-6059161726.425724,3104529631.3763986,-2321047029.6786857
11022,2456442.601316715,-6059779758.879282,3104694491.8179283,-2321060563.1282067
11023,2456442.8512933734,-6060407959.306193,3104858549.3968544,-2321074821.1116824
11024,2456443.101270169,-6061038936.699323,3105011662.9917393,-2321085420.095055
11025,2456443.35124731,-6061661669.238506,3105160637.621089,-2321095328.074864
11026,2456443.6012243317,-6062283622.328604,3105315546.5248976,-2321108903.005398
11027,2456443.85120103,-6062915733.029389,3105469488.754975,-2321123139.3447585
11028,2456444.1011778736,-6063550421.16917,3105612441.206498,-2321133704.919644
11029,2456444.3511550613,-6064176794.045008,3105751381.894454,-2321143642.455319
11030,2456444.601132126,-6064802504.536282,3105896264.849154,-2321157257.8672295
11031,2456444.8511088714,-6065438358.405506,3106040017.47609,-2321171471.3002014
11032,2456445.101085769,-6066076588.581568,3106172737.709357,-2321182003.2291484
11033,2456445.3510630107,-6066706434.726727,3106301574.5479317,-2321191970.211887
11034,2456445.601040125,-6067335734.957018,3106436359.91454,-2321205624.855228
11035,2456445.8510169243,-6067975160.568011,3106569851.7039576,-2321219813.9075084
11036,2456446.1009938824,-6068616759.916194,3106692271.858268,-2321230311.7633605
11037,2456446.350971184,-6069249908.242387,3106810938.280843,-2321240307.8946366
11038,2456446.6009483547,-6069882626.609366,3106935557.9099016,-2321254000.344527
11039,2456446.850925214,-6070525448.717321,3107058721.301331,-2321268163.402307
11040,2456447.1009022403,-6071170240.732313,3107170777.324642,-2321278626.6371636
11041,2456447.350879609,-6071806516.646327,3107279210.6462,-2321288651.4944415
11042,2456447.600856842,-6072442478.123581,3107393600.3692904,-2321302380.214068
11043,2456447.850833769,-6073088518.179429,3107506371.9229946,-2321316515.5840707
11044,2456448.100810869,-6073736323.223276,3107608003.977783,-2321326943.5860286
11045,2456448.350788311,-6074375549.127647,3107706145.7647676,-2321336996.6766357
11046,2456448.600765614,-6075014575.757228,3107810245.7330813,-2321350760.068917
11047,2456448.850742615,-6075663652.39242,3107912566.4402347,-2321364866.0277944
11048,2456449.1007197965,-6076314288.170809,3108003719.1877546,-2321375258.167804
11049,2456449.350697318,-6076956283.930929,3108091515.5198264,-2321385338.9736676
11050,2456449.600674697,-6077598195.282418,3108185270.4466705,-2321399135.4245005
11051,2456449.8506517787,-6078250124.761592,3108277085.954049,-2321413210.2605834
11052,2456450.100629048,-6078903406.770199,3108357708.7619796,-2321423565.932399
11053,2456450.3506066566,-6079547990.154173,3108435110.4247127,-2321433673.948529
11054,2456450.6005841186,-6080192603.759648,3108518469.7651324,-2321447501.864389
11055,2456450.8505612877,-6080847200.412385,3108599730.5416684,-2321461543.914252
11056,2456451.1005386515,-6081502942.365332,3108669777.6373887,-2321471862.569649
11057,2456451.3505163533,-6082149929.468862,3108736740.263326,-2321481997.3383117
11058,2456451.6004939047,-6082797061.245435,3108809658.3439474,-2321495855.1797557
11059,2456451.850471168,-6083454137.887656,3108880319.7987165,-2321509862.8608913
11060,2456452.100448633,-6084112152.137229,3108939750.374615,-2321520144.041183
11061,2456452.3504264345,-6084761357.80087,3108996234.53663,-2321530305.182438
11062,2456452.6004040823,-6085410822.466151,3109058670.6377892,-2321544191.49401
11063,2456452.850381446,-6086070190.814512,3109118693.190164,-2321558163.3338757
11064,2456453.100359019,-6086730288.763431,3109167471.4610367,-2321568406.6977615
11065,2456453.350336927,-6087381526.981524,3109213442.717727,-2321578593.9363184
11066,2456453.600314677,-6088033138.459549,3109265361.1078873,-2321592507.372688
11067,2456453.8502921485,-6088694609.534753,3109314710.2105174,-2321606442.033916
11068,2456454.1002698354,-6089356602.03575,3109352805.4246244,-2321616647.3814387
11069,2456454.350247856,-6090009686.350844,3109388234.3206577,-2321626860.5695853
11070,2456454.6002257154,-6090663258.161717,3109429604.2474794,-2321640799.9177732
11071,2456454.850203301,-6091326642.673987,3109468250.367997,-2321654696.2194176
11072,2456455.1001811083,-6091990340.409921,3109495636.779369,-2321664863.51202
11073,2456455.3501592483,-6092645084.286632,3109520498.8101063,-2321675102.648833
11074,2456455.600137223,-6093300429.915047,3109551294.4590554,-2321689066.8468547
11075,2456455.8501149286,-6093965538.62819,3109579213.0328293,-2321702923.7822547
11076,2456456.100092863,-6094630752.471174,3109595869.848424,-2321713053.159699
11077,2456456.3500711285,-6095286969.650137,3109610145.4032226,-2321723318.407445
11078,2456456.6000492247,-6095943902.895663,3109630345.838754,-2321737306.560535
11079,2456456.850027057,-6096610546.975456,3109647517.208076,-2321751123.3131485
11080,2456457.100005125,-6097277088.333681,3109653428.5249557,-2321761215.108861
11081,2456457.3499835213,-6097934593.177282,3109657102.823724,-2321771506.808281
11082,2456457.599961746,-6098592928.501381,3109666691.926455,-2321785518.204497
11083,2456457.849939711,-6099260919.8664,3109673101.277852,-2321799294.1636076
11084,2456458.099917918,-6099928601.0398245,3109668256.0198703,-2321809348.9203696
11085,2456458.349896452,-6100587208.894041,3109661319.0495887,-2321819667.6068525
11086,2456458.5998748103,-6101246761.791035,3109660285.452817,-2321833701.734055
11087,2456458.849852914,-6101915913.495823,3109655922.7518263,-2321847436.5122757
11088,2456459.099831267,-6102584548.072981,3109640314.600498,-2321857455.000048
11089,2456459.3498099437,-6103244075.67931,3109622761.0412006,-2321867801.4222345
11090,2456459.599788442,-6103904663.106701,3109611098.050447,-2321881857.987749
11091,2456459.8497666907,-6104574789.793379,3109595957.951074,-2321895551.441208
11092,2456460.099745195,-6105244193.125333,3109569585.2409625,-2321905534.677569
11093,2456460.349724021,-6105904459.118155,3109541414.34392,-2321915909.818343
11094,2456460.599702664,-6106565900.019587,3109519119.794105,-2321929988.77051
11095,2456460.8496810636,-6107236818.46804,3109493201.469263,-2321943641.020319
11096,2456461.0996597246,-6107906808.245286,3109456066.9853797,-2321953590.2912045
11097,2456461.349638705,-6108567633.754332,3109417282.332075,-2321963995.3877616
11098,2456461.5996175,-6109229749.687246,3109384358.3022118,-2321978096.9351716
11099,2456461.8495960557,-6109901279.466551,3109347665.106356,-2321991708.3847055
11100,2456462.099574879,-6110571676.389945,3109299775.686764,-2322001625.258757
11101,2456462.3495540195,-6111232885.725323,3109250384.7248573,-2322012061.8137774
11102,2456462.5995329707,-6111895501.555047,3109206837.00059,-2322026186.4327292
11103,2456462.849511688,-6112567465.719698,3109159375.8509035,-2322039757.769919
11104,2456463.0994906793,-6113238094.188743,3109100741.6793623,-2322049644.094242
11105,2456463.349469985,-6113899515.509791,3109040754.921724,-2322060113.8645287
11106,2456463.5994490976,-6114562460.047277,3108986592.0966682,-2322074262.2798505
11107,2456463.8494279822,-6115234685.730425,3108928372.4728603,-2322087794.4486284
11108,2456464.099407146,-6115905374.375496,3108859005.975295,-2322097652.3093047
11109,2456464.349386622,-6116566840.144425,3108788435.7950597,-2322108157.2548094
11110,2456464.599365902,-6117229946.504474,3108723667.9689045,-2322122330.37702
11111,2456464.8493449586,-6117902265.163189,3108654700.5203733,-2322135824.501433
11112,2456465.0993243004,-6118572846.958683,3108574614.8907976,-2322145656.1335545
11113,2456465.3493039515,-6119234193.90336,3108493473.9807014,-2322156198.313444
11114,2456465.5992834033,-6119897299.30178,3108418111.169807,-2322170397.121419
11115,2456465.849262637,-6120569546.335256,3108338406.097554,-2322183854.375063
11116,2456466.0992421615,-6121239858.026845,3108247613.6748395,-2322193662.0192423
11117,2456466.3492219923,-6121900926.368893,3108155913.44667,-2322204243.436873
11118,2456466.5992016206,-6122563871.149326,3108069964.0359583,-2322218468.8134403
11119,2456466.8491810365,-6123235884.727069,3107979529.626408,-2322231890.247636
11120,2456467.0991607485,-6123905765.467571,3107878040.540373,-2322241675.972771
11121,2456467.349140764,-6124566397.378149,3107775789.9146085,-2322252298.395913
11122,2456467.5991205736,-6125229023.30717,3107679259.61968,-2322266550.948818
11123,2456467.8491001767,-6125900642.527701,3107578101.403669,-2322279937.317387
11124,2456468.0990800816,-6126569931.926704,3107465922.951656,-2322289702.852273
11125,2456468.3490602863,-6127229969.498575,3107353127.9689536,-2322300367.6547093
11126,2456468.5990402824,-6127892117.696074,3107246019.693743,-2322314647.5712376
11127,2456468.849020077,-6128563180.512773,3107134140.5534997,-2322327999.200659
11128,2456469.0990001797,-6129231716.593667,3107011277.5537696,-2322337745.8218904
11129,2456469.3489805786,-6129890999.864479,3106887941.9671984,-2322348453.8910546
11130,2456469.598960766,-6130552508.927652,3106770256.6209865,-2322362760.866534
11131,2456469.848940758,-6131222850.40391,3106647657.810985,-2322376077.6056705
11132,2456470.098921063,-6131890468.014783,3106514113.8023033,-2322385806.1088033
11133,2456470.3489016616,-6132548833.553656,3106380240.428648,-2322396557.838305
11134,2456470.598882046,-6133209538.335201,3106251978.3996105,-2322410891.0889797
11135,2456470.84886224,-6133878989.624157,3106118661.1102433,-2322424172.340413
11136,2456471.098842753,-6134545519.621826,3105974439.9738045,-2322433883.0880303
11137,2456471.348823556,-6135202799.915635,3105830032.3444767,-2322444678.441058
11138,2456471.5988041423,-6135862531.107212,3105691195.1520004,-2322459036.78066
11139,2456471.8487845445,-6136530919.222746,3105547162.136939,-2322472281.587488
11140,2456472.0987652703,-6137196188.416781,3105392269.6759253,-2322481974.603852
11141,2456472.3487462834,-6137852211.970769,3105237333.5507603,-2322492813.214106
11142,2456472.598727077,-6138510796.34357,3105087925.2788982,-2322507195.159154
11143,2456472.848707692,-6139177944.522847,3104933182.1959662,-2322520402.3120666
11144,2456473.098688637,-6139841776.140328,3104767627.375399,-2322530077.3900013
11145,2456473.348669865,-6140496368.02602,3104602171.8775907,-2322540958.6675344
11146,2456473.5986508713,-6141153629.045161,3104442200.2037725,-2322555362.5411286
11147,2456473.8486317056,-6141819357.41359,3104276756.537353,-2322568530.6785755
11148,2456474.098612874,-6142481571.79857,3104100552.3025637,-2322578187.4748936
11149,2456474.3485943233,-6143134554.373798,3103924590.6386085,-2322589110.6967444
11150,2456474.5985755473,-6143790312.928271,3103754067.4613533,-2322603534.714404
11151,2456474.8485566056,-6144454439.229927,3103577937.063708,-2322616662.402865
11152,2456475.098538004,-6145114854.565047,3103391100.8022327,-2322626300.5126705
11153,2456475.3485196787,-6145766048.179588,3103204650.6530485,-2322637264.891752
11154,2456475.5985011267,-6146420123.267814,3103023592.4205084,-2322651707.225367
11155,2456475.848482415,-6147082463.5276785,3102836793.7844844,-2322664793.0181932
11156,2456476.0984640475,-6147740896.469494,3102639347.5498934,-2322674412.028558
11157,2456476.348445954,-6148390120.071442,3102442431.2537026,-2322685416.7629285
11158,2456476.598427631,-6149042329.379151,3102250859.1125298,-2322699875.586325
11159,2456476.8484091545,-6149702698.453223,3102053415.491416,-2322712918.0655904
11160,2456477.098391027,-6150358964.654305,3101845386.0991073,-2322722517.593796
11161,2456477.34837317,-6151006036.285056,3101638030.728923,-2322733561.9020348
11162,2456477.5983550814,-6151656196.655907,3101435970.588025,-2322748035.4241414
11163,2456477.8483368456,-6152314408.679929,3101227910.0481787,-2322761033.231604
11164,2456478.098318964,-6152968323.216917,3101009329.1194963,-2322770612.953962
11165,2456478.3483013487,-6153613060.420376,3100791566.5222087,-2322781696.1025133
11166,2456478.5982834995,-6154260988.249825,3100579049.0892477,-2322796182.593773
11167,2456478.8482655096,-6154916857.020739,3100360404.5444756,-2322809134.456242
11168,2456479.0982478783,-6155568234.7646475,3100131308.539653,-2322818694.1323924
11169,2456479.34823051,-6156210454.948164,3099903175.369305,-2322829815.4593496
11170,2456479.598212906,-6156855966.538306,3099680236.1850615,-2322844313.2753477
11171,2456479.848195167,-6157509305.865454,3099451045.4311175,-2322857218.027945
11172,2456480.098177792,-6158157961.829915,3099211475.6832976,-2322866757.52366
11173,2456480.3481606757,-6158797482.61088,3098973013.4352736,-2322877916.461528
11174,2456480.5981433215,-6159440394.517855,3098739692.9077444,-2322892424.0659466
11175,2456480.8481258387,-6160091018.572818,3098499998.654556,-2322905280.6749377
11176,2456481.098108724,-6160736768.266391,3098250001.3989506,-2322914799.984691
11177,2456481.348091865,-6161373407.8273325,3098001256.436076,-2322925996.0830083
11178,2456481.598074766,-6162013537.220947,3097757599.862952,-2322940512.070426
11179,2456481.8480575443,-6162661260.902541,3097507449.7514577,-2322953319.6558213
11180,2456482.0980406962,-6163303920.6981945,3097247076.1350975,-2322962818.9249964
11181,2456482.3480240987,-6163937498.160431,3096988099.690444,-2322974051.8724556
11182,2456482.598007259,-6164574663.203018,3096734157.25446,-2322988574.9904485
11183,2456482.847990304,-6165219302.521581,3096473603.8425493,-2323001332.847626
11184,2456483.097973726,-6165858690.044912,3096202909.899786,-2323010812.3935
11185,2456483.347957395,-6166489025.860035,3095933758.042166,-2323022082.0386467
11186,2456483.5979408203,-6167123046.101907,3095669584.766342,-2323036611.2081695
11187,2456483.8479241366,-6167764418.578504,3095398685.4724507,-2323049318.8275056
11188,2456484.0979078338,-6168400353.1092415,3095117732.056219,-2323058779.1580396
11189,2456484.347891774,-6169027269.4620695,3094838465.609925,-2323070085.5275292
11190,2456484.5978754684,-6169657966.246646,3094564121.2660413,-2323084619.860697
11191,2456484.8478590604,-6170295891.320433,3094282938.2652445,-2323097276.94443
11192,2456485.0978430375,-6170928194.200623,3093991790.9304676,-2323106718.774144
11193,2456485.347827253,-6171551515.417861,3093702475.3470507,-2323118062.088082
11194,2456485.597811221,-6172178712.291874,3093418024.3161163,-2323132600.902972
11195,2456485.8477950934,-6172813011.732271,3093126624.388243,-2323145207.379034
11196,2456486.0977793545,-6173441506.779536,3092825353.2272406,-2323154631.6418595
11197,2456486.3477638504,-6174061059.744203,3092526058.4090643,-2323166012.3261514
11198,2456486.5977480966,-6174684582.874955,3092231569.492983,-2323180555.158696
11199,2456486.847732253,-6175315081.202567,3091930023.820917,-2323193111.1916485
11200,2456487.0977168027,-6175939595.13428,3091618703.2473335,-2323202519.050882
11201,2456487.347701582,-6176555209.713539,3091309503.3171864,-2323213937.7466884
11202,2456487.597686111,-6177174888.322223,3091005049.493151,-2323228484.359637
11203,2456487.847670556,-6177801413.248656,3090693433.3994884,-2323240990.3585644
11204,2456488.0976553983,-6178421776.127722,3090372141.8650384,-2323250383.213559
11205,2456488.3476404655,-6179033285.624808,3090053114.861726,-2323261840.783213
11206,2456488.5976252807,-6179648952.445931,3089738772.954362,-2323276391.171164
11207,2456488.8476100187,-6180271335.340925,3089417165.546149,-2323288847.7930894
11208,2456489.0975951566,-6180887381.049056,3089085985.154357,-2323298227.2807393
11209,2456489.347580516,-6181494622.681462,3088757212.6127906,-2323309724.8075776
11210,2456489.597565621,-6182106114.445606,3088433062.836896,-2323324279.1949286
11211,2456489.8475506557,-6182724190.822496,3088101546.50581,-2323336687.339857
11212,2456490.0975360936,-6183335757.544219,3087760562.465048,-2323346055.326172
11213,2456490.347521748,-6183938572.922286,3087422128.8187027,-2323357594.1027436
11214,2456490.5975071467,-6184545730.825667,3087088254.1269155,-2323372152.9280596
11215,2456490.847492481,-6185159340.796239,3086746913.8369956,-2323384513.7182813
11216,2456491.0974782226,-6185766271.451102,3086396213.6843905,-2323393872.2718415
11217,2456491.347464176,-6186364506.979313,3086048205.4231687,-2323405453.767408
11218,2456491.5974498717,-6186967177.046085,3085704690.5955524,-2323420017.6444283
11219,2456491.84743551,-6187576165.633871,3085353612.902339,-2323432332.377779
11220,2456492.0974215576,-6188178308.128272,3084993285.4523764,-2323441683.714311
11221,2456492.3474078127,-6188771815.183217,3084635790.0034103,-2323453309.5106735
11222,2456492.597393809,-6189369848.357904,3084282720.4643064,-2323467879.1551285
11223,2456492.847379754,-6189974065.492074,3083921992.2724557,-2323480149.2218266
11224,2456493.097366112,-6190571272.600182,3083552126.3235235,-2323489495.610517
11225,2456493.3473526714,-6191159907.285439,3083185230.718525,-2323501167.2981925
11226,2456493.597338971,-6191753159.050974,3082822691.1781697,-2323515743.4142904
11227,2456493.847325226,-6192352459.037098,3082452398.372434,-2323527970.173717
11228,2456494.0973118967,-6192944587.714628,3082073081.3457966,-2323537313.804692
11229,2456494.347298764,-6193528210.011485,3081696870.890118,-2323549032.8424134
11230,2456494.5972853703,-6194116539.375117,3081324944.0668178,-2323563615.975944
11231,2456494.8472719383,-6194710779.717329,3080945170.310597,-2323575800.6047745
11232,2456495.0972589245,-6195297689.763866,3080556487.1503887,-2323585143.4339423
11233,2456495.347246103,-6195876162.042954,3080171044.45072,-2323596910.9926023
11234,2456495.597233019,-6196459429.912378,3079789810.250634,-2323611501.3765955
11235,2456495.847219903,-6197048469.572642,3079400636.3390737,-2323623644.7186007
11236,2456496.097207208,-6197630021.795556,3079002669.058203,-2323632988.324162
11237,2456496.3471947,-6198203206.911748,3078608073.778598,-2323644805.1528616
11238,2456496.597181929,-6198781274.151714,3078217609.2736316,-2323659402.5857253
11239,2456496.847169132,-6199364971.6000185,3077819113.338604,-2323671505.0441523
11240,2456497.097156759,-6199941025.889895,3077411941.451739,-2323680850.5354548
11241,2456497.347144568,-6200508785.315942,3077008270.9710608,-2323692716.8887625
11242,2456497.5971321124,-6201081510.97314,3076608651.27049,-2323707320.6809826
11243,2456497.847119638,-6201659722.533286,3076200909.8495893,-2323719382.1852136
11244,2456498.09710759,-6202230136.3560095,3075784611.6187706,-2323728730.189916
11245,2456498.347095719,-6202792328.843155,3075371942.429413,-2323740645.8357086
11246,2456498.5970835825,-6203359568.994134,3074963242.204207,-2323755254.837359
11247,2456498.8470714344,-6203932147.891387,3074546331.8598256,-2323767274.888417
11248,2456499.0970597146,-6204496775.541307,3074120985.9774637,-2323776625.614715
11249,2456499.3470481667,-6205053256.579685,3073699395.4026256,-2323788589.9118257
11250,2456499.597036353,-6205614863.996192,3073281690.607559,-2323803202.6032686
11251,2456499.8470245344,-6206181660.219607,3072855689.6253157,-2323815180.37462
11252,2456500.097013146,-6206740352.865714,3072421376.863956,-2323824533.720008
11253,2456500.347001925,-6207290974.899184,3071990944.6381235,-2323836545.733311
11254,2456500.5969904372,-6207846799.41521,3071564314.005029,-2323851160.344259
11255,2456500.8469789512,-6208407660.217562,3071129303.7846293,-2323863094.802047
11256,2456501.0969678983,-6208960266.515057,3070686108.274995,-2323872450.472811
11257,2456501.3469570074,-6209504879.643982,3070246917.703324,-2323884509.091023
11258,2456501.5969458492,-6210054768.930966,3069811443.778495,-2323899123.7152133
11259,2456501.8469346995,-6210609539.6575,3069367509.7479043,-2323911013.7279463
11260,2456502.096923985,-6211155906.611276,3068915519.772183,-2323920371.342905
11261,2456502.3469134276,-6211694359.474789,3068467658.4084516,-2323932475.3762836
11262,2456502.5969026024,-6212238159.929694,3068023428.121563,-2323947088.0628033
11263,2456502.8468917925,-6212786684.899794,3067570660.2036,-2323958932.48549
11264,2456503.09688142,-6213326658.728359,3067109968.568357,-2323968291.6527166
11265,2456503.346871199,-6213858799.342221,3066653528.504425,-2323980439.903016
11266,2456503.5968607105,-6214396356.893984,3066200633.3839526,-2323995048.719829
11267,2456503.846850244,-6214938480.171425,3065739126.146044,-2324006846.450867
11268,2456504.0968402163,-6215471907.036484,3065269830.275645,-2324016206.8182373
11269,2456504.3468303354,-6215997583.48008,3064804908.1884575,-2324028398.123841
11270,2456504.596820187,-6216528744.234466,3064343444.370496,-2324043001.198094
11271,2456504.8468100666,-6217064310.230342,3063873297.0019364,-2324054751.21483
11272,2456505.0968003874,-6217591036.79775,3063395498.891328,-2324064112.5012407
11273,2456505.3467908497,-6218110097.734896,3062922195.978605,-2324076345.7649837
11274,2456505.596781044,-6218634708.458649,3062452264.1309943,-2324090941.308039
11275,2456505.8467712738,-6219163562.381645,3061973580.35928,-2324102642.689055
11276,2456506.096761946,-6219683436.239644,3061487386.4867992,-2324112004.7043667
11277,2456506.3467527544,-6220195731.308174,3061005808.380963,-2324124278.91198
11278,2456506.596743295,-6220713639.794613,3060527513.621058,-2324138865.2367544
11279,2456506.8467338774,-6221235627.995865,3060040401.6346836,-2324150517.178071
11280,2456507.096724904,-6221748497.981623,3059545922.8917785,-2324159879.8385186
11281,2456507.346716062,-6222253878.105173,3059056179.598899,-2324172194.073897
11282,2456507.596706952,-6222764933.475674,3058569631.442374,-2324186769.610252
11283,2456507.84669789,-6223279903.743137,3058074203.8487196,-2324198371.4406767
11284,2456508.0966892745,-6223785620.231858,3057571555.5069637,-2324207734.7843227
11285,2456508.346680784,-6224283937.906723,3057073761.383562,-2324220088.2456317
11286,2456508.596672026,-6224787990.899159,3056579073.730139,-2324234651.5572186
11287,2456508.8466633237,-6225295792.74999,3056075447.5480285,-2324246202.755639
11288,2456509.096655068,-6225794207.952334,3055564749.2573133,-2324255566.960206
11289,2456509.3466469324,-6226285317.552019,3055059023.013756,-2324267958.978617
11290,2456509.596638529,-6226782220.83534,3054556314.154011,-2324282508.782484
11291,2456509.846630188,-6227282705.841806,3054044610.8209367,-2324294008.9979224
11292,2456510.096622295,-6227773674.141177,3053525986.6152544,-2324303374.4012933
11293,2456510.3466145173,-6228257432.266103,3053012451.319147,-2324315804.4622483
11294,2456510.596606471,-6228747040.804268,3052501843.9331813,-2324330339.6506577
11295,2456510.8465984943,-6229240062.972083,3051982189.2959538,-2324341788.724128
11296,2456511.096590967,-6229723441.31621,3051455767.5740166,-2324351155.8462243
11297,2456511.3465835485,-6230199707.198638,3050934550.619726,-2324363623.6115637
11298,2456511.5965758627,-6230681878.669584,3050416171.7332554,-2324378143.274052
11299,2456511.846568253,-6231167294.869936,3049888695.987538,-2324389541.2599974
11300,2456512.0965610924,-6231642943.213959,3049354609.4340634,-2324398910.823566
11301,2456512.3465540363,-6232111579.17121,3048825842.444977,-2324411416.1518545
11302,2456512.5965467133,-6232586174.429984,3048299823.3107514,-2324425919.594755
11303,2456512.846539472,-6233063844.870931,3047764660.859153,-2324437266.7791843
11304,2456513.0965326815,-6233531626.654337,3047223046.2784286,-2324446639.7265296
11305,2456513.3465259895,-6233992498.569749,3046686864.9159403,-2324459182.6886067
11306,2456513.5965190306,-6234459382.132855,3046153340.797097,-2324473669.4490933
11307,2456513.8465121607,-6234929170.84505,3045610630.00507,-2324484966.361523
11308,2456514.096505742,-6235388953.475779,3045061628.0490217,-2324494343.8643656
11309,2456514.346499416,-6235841931.2796335,3044518171.7133927,-2324506924.7514844
11310,2456514.5964928237,-6236300971.802157,3043977281.556684,-2324521394.6036367
11311,2456514.846486327,-6236762747.110156,3043427164.396943,-2324532642.0204787
11312,2456515.096480281,-6237214402.427307,3042870919.18089,-2324542025.480807
11313,2456515.346474323,-6237659360.549632,3042320330.599449,-2324554644.80334
11314,2456515.596468099,-6238110431.267784,3041772216.595647,-2324569097.754407
11315,2456515.846461977,-6238564066.220533,3041214838.179856,-2324580296.6921787
11316,2456516.096456306,-6239007470.9102955,3040651496.7857904,-2324589687.7325406
11317,2456516.346450717,-6239444288.681209,3040093921.4887037,-2324602346.207808
11318,2456516.5964448634,-6239887267.796732,3039538728.5205493,-2324616782.4832764
11319,2456516.846439117,-6240332640.53439,3038974236.518264,-2324627934.1802707
11320,2456517.096433823,-6240767676.476602,3038403948.384726,-2324637334.622098
11321,2456517.346428605,-6241196238.4512005,3037839534.0663557,-2324650033.1498117
11322,2456517.5964231216,-6241631009.433925,3037277409.0406485,-2324664453.1656857
11323,2456517.846417753,-6242068003.465613,3036705952.9806004,-2324675559.0503125
11324,2456518.0964128366,-6242494557.98318,3036128869.172763,-2324684970.87828
11325,2456518.34640799,-6242914754.160107,3035557764.9309626,-2324697710.501306
11326,2456518.5964028793,-6243341205.933515,3034988855.986256,-2324712114.8209577
11327,2456518.8463978893,-6243769710.285895,3034410586.431138,-2324723176.463864
11328,2456519.096393351,-6244187676.251045,3033826858.7829533,-2324732601.773084
11329,2456519.3463888774,-6244599402.132033,3033249214.229823,-2324745383.620058
11330,2456519.59638414,-6245017429.081965,3032673669.816299,-2324759772.8919835
11331,2456519.8463795297,-6245437338.251093,3032088737.412295,-2324770791.9381495
11332,2456520.096375371,-6245846613.973134,3031498517.5483117,-2324780232.8604255
11333,2456520.3463712703,-6246249770.380505,3030914481.8085103,-2324793058.0665455
11334,2456520.5963669075,-6246659272.096867,3030332449.6667485,-2324807432.9396396
11335,2456520.8463626774,-6247070485.7070055,3029741004.107305,-2324818411.0176253
11336,2456521.0963588986,-6247470974.500583,3029144442.39873,-2324827869.624695
11337,2456521.3463551723,-6247865467.049143,3028554163.0671735,-2324840739.229635
11338,2456521.596351184,-6248266347.697024,3027965789.196816,-2324855100.2461843
11339,2456521.8463473353,-6248668769.7661085,3027367978.2124777,-2324866038.8563023
11340,2456522.096343937,-6249060379.106606,3026765222.801229,-2324875517.043785
11341,2456522.346340585,-6249446117.24773,3026168845.0163,-2324888431.8726144
11342,2456522.596336973,-6249838284.501604,3025574272.81293,-2324902779.3472896
11343,2456522.8463335056,-6250231822.267697,3024970241.386425,-2324913679.739569
11344,2456523.096330488,-6250614462.513903,3024361437.495016,-2324923179.1053143
11345,2456523.346327512,-6250991358.16265,3023759103.360401,-2324936139.6489854
11346,2456523.5963242757,-6251374721.749598,3023158473.1642494,-2324950473.553036
11347,2456523.846321191,-6251759284.143103,3022548363.2194777,-2324961336.6167707
11348,2456524.096318555,-6252132866.953569,3021933652.993501,-2324970858.357659
11349,2456524.346315955,-6252500832.868279,3021325501.5857387,-2324983864.6789947
11350,2456524.5963130957,-6252875302.932669,3020718950.861755,-2324998184.5570154
11351,2456524.846310394,-6253250798.948214,3020102901.6198463,-2325009010.749741
11352,2456525.0963081405,-6253615235.682844,3019482424.661381,-2325018555.604601
11353,2456525.3463059166,-6253974183.920922,3018868592.738887,-2325031607.2965493
11354,2456525.596303435,-6254339669.5592375,3018256256.954269,-2325045912.240628
11355,2456525.8463011174,-6254706006.891737,3017634405.9678874,-2325056701.5785465
11356,2456526.096299247,-6255061207.368933,3017008300.5125933,-2325066269.835502
11357,2456526.3462974,-6255411048.184063,3016388923.8189707,-2325079366.045615
11358,2456526.5962952976,-6255767456.498574,3015770937.851868,-2325093654.7359953
11359,2456526.8462933647,-6256124540.764687,3015143422.4957623,-2325104406.84956
11360,2456527.0962918783,-6256470412.657507,3014511826.9616184,-2325113998.415888
11361,2456527.3462904096,-6256811054.074888,3013887041.8087673,-2325127137.9294724
11362,2456527.5962886866,-6257158289.928917,3013263541.5408072,-2325141408.7288404
11363,2456527.846287139,-6257506024.59781,3012630500.589049,-2325152122.96581
11364,2456528.0962860375,-6257842473.531554,3011993555.116343,-2325161737.4782267
11365,2456528.346284948,-6258173821.602096,3011363499.8678637,-2325174918.8344646
11366,2456528.5962836053,-6258511788.01842,3010734623.5928583,-2325189169.9075627
11367,2456528.846282445,-6258850074.93836,3010096198.5371594,-2325199845.453563
11368,2456529.0962817282,-6259177005.127426,3009454046.205075,-2325209482.3982663
11369,2456529.3462810186,-6259498964.657544,3008818862.383307,-2325222704.0087404
11370,2456529.5962800574,-6259827563.624088,3008184751.798751,-2325236933.4377055
11371,2456529.846279285,-6260156303.885755,3007541087.720906,-2325247569.4265647
11372,2456530.0962789548,-6260473619.036414,3006893875.301391,-2325257228.2437243
11373,2456530.3462786255,-6260786094.514713,3006253708.2259903,-2325270488.4909015
11374,2456530.596278047,-6261105227.921543,3005614508.9602923,-2325284694.367039
11375,2456530.846277663,-6261424322.791712,3004965754.9532943,-2325295289.9649234
11376,2456531.0962777203,-6261731927.020023,3004313633.234009,-2325304970.1251783
11377,2456531.3462777724,-6262034823.510446,3003668632.2560053,-2325318267.431768
11378,2456531.596277578,-6262344394.011279,3003024494.022078,-2325332447.9178033
11379,2456531.846277583,-6262653745.75594,3002370803.271654,-2325343002.3781776
11380,2456532.0962780276,-6262951544.36697,3001713927.075447,-2325352703.4307594
11381,2456532.346278462,-6263244768.241568,3001064245.54483,-2325366036.3018923
11382,2456532.596278651,-6263544679.939387,3000415322.06411,-2325380189.668603
11383,2456532.8462790465,-6263844192.4611,2999756851.7367296,-2325390702.363445
11384,2456533.096279879,-6264132092.5374365,2999095379.782076,-2325400423.962631
11385,2456533.346280697,-6264415552.017942,2998441174.888813,-2325413791.008502
11386,2456533.5962812705,-6264705710.962702,2997787623.718916,-2325427915.654007
11387,2456533.846282056,-6264995290.2565155,2997124534.780967,-2325438386.089901
11388,2456534.096283278,-6265273201.074496,2996458629.498376,-2325448128.0086026
11389,2456534.3462844784,-6265546806.612943,2995800062.091485,-2325461527.9563947
11390,2456534.5962854377,-6265827121.151265,2995142044.4510493,-2325475622.416713
11391,2456534.8462866144,-6266106675.626734,2994474501.5016627,-2325486050.244158
11392,2456535.096288225,-6266374508.953814,2993804328.8776326,-2325495812.382542
11393,2456535.346289809,-6266638173.509919,2993141563.323063,-2325509244.085061
11394,2456535.5962911537,-6266908554.547519,2992479243.9643292,-2325523307.0428762
11395,2456535.8462927216,-6267177995.279453,2991807415.1225853,-2325533692.0651445
11396,2456536.096294722,-6267435665.61618,2991133144.602438,-2325543474.4600544
11397,2456536.3462966895,-6267689304.89498,2990466348.7024245,-2325556936.9062395
11398,2456536.59629842,-6267949666.134515,2989799895.8459983,-2325570967.202457
11399,2456536.8463003794,-6268208907.1039,2989123952.6993003,-2325581309.388023
11400,2456537.0963027687,-6268456331.930151,2988445757.148506,-2325591112.2265816
11401,2456537.34630512,-6268699864.637188,2987775102.1151824,-2325604604.556657
11402,2456537.5963072362,-6268950122.846229,2987104687.433438,-2325618601.2069254
11403,2456537.8463095874,-6269199081.222816,2986424805.027545,-2325628900.707014
11404,2456538.096312366,-6269436181.296325,2985742860.7265344,-2325638724.34542
11405,2456538.346315101,-6269669529.4548,2985068521.1796556,-2325652245.8711667
11406,2456538.596317603,-6269909604.804104,2984394319.7936974,-2325666208.0871916
11407,2456538.846320345,-6270148201.306371,2983710676.624881,-2325676465.2577386
11408,2456539.0963235125,-6270374901.044392,2983025163.2536564,-2325686310.2439895
11409,2456539.3463266306,-6270597990.399721,2982347317.1949964,-2325699860.472251
11410,2456539.596329518,-6270827806.891654,2981669507.634605,-2325713787.68557
11411,2456539.8463326516,-6271055966.238064,2980982285.590564,-2325724003.110689
11412,2456540.096336207,-6271272194.18967,2980293386.147509,-2325733870.207731
11413,2456540.3463397077,-6271484954.702243,2979612214.854815,-2325747448.8632526
11414,2456540.5963429804,-6271704440.683223,2978930978.9233317,-2325761340.7470446
11415,2456540.8463465045,-6271922092.12133,2978240363.114714,-2325771515.2591314
11416,2456541.0963504477,-6272127781.509636,2977548263.7122235,-2325781405.463288
11417,2456541.3463543304,-6272330147.907809,2976863951.49686,-2325795012.5053587
11418,2456541.5963579877,-6272539236.629407,2976179473.9875717,-2325808868.9885216
11419,2456541.846361901,-6272746314.500451,2975485652.4200845,-2325819003.6790986
11420,2456542.0963662313,-6272941403.785628,2974790541.911226,-2325828918.227692
11421,2456542.3463704954,-6273133316.123431,2974103275.698882,-2325842553.854547
11422,2456542.5963745364,-6273331946.290968,2973415743.9283667,-2325856375.1221395
11423,2456542.8463788386,-6273528390.563844,2972718906.987664,-2325866471.33767
11424,2456543.0963835544,-6273712823.956677,2972020976.4035583,-2325876411.7004037
11425,2456543.3463881984,-6273894228.102893,2971330945.125738,-2325890076.336322
11426,2456543.596392622,-6274082344.336161,2970640548.2801747,-2325903862.8117576
11427,2456543.846397312,-6274268101.03433,2969940888.0341454,-2325913922.1304097
11428,2456544.0964024123,-6274441828.884132,2969240329.8453054,-2325923889.9810443
11429,2456544.346407435,-6274612676.867886,2968547723.6632934,-2325937584.24334
11430,2456544.5964122396,-6274790230.001473,2967854651.987628,-2325951336.5502963
11431,2456544.846417316,-6274965251.453877,2967152361.3436375,-2325961360.7383523
11432,2456545.096422799,-6275128230.446128,2966449368.589755,-2325971357.9061065
11433,2456545.3464281987,-6275288480.599391,2965754378.001757,-2325985082.552144
11434,2456545.5964333834,-6275455427.768732,2965058821.887749,-2325998801.457001
11435,2456545.846438844,-6275619672.636865,2964354093.6651154,-2326008792.4064193
11436,2456546.0964447088,-6275771865.758985,2963648859.017019,-2326018820.8092065
11437,2456546.346450484,-6275921482.620772,2962951673.914627,-2326032576.6660695
11438,2456546.5964560467,-6276077787.104872,2962253822.9553657,-2326046263.0039744
11439,2456546.8464618903,-6276231220.1627,2961546848.941451,-2326056222.6546187
11440,2456547.096468134,-6276372596.420014,2960839563.7636604,-2326066284.217957
11441,2456547.346474283,-6276511550.389029,2960140372.5057116,-2326080072.098826
11442,2456547.596480222,-6276657181.200627,2959440414.5840797,-2326093726.6876135
11443,2456547.8464864464,-6276799772.861575,2958731384.6406865,-2326103656.938535
11444,2456548.096493067,-6276930306.740434,2958022238.1207094,-2326113753.5047083
11445,2456548.3464995883,-6277058573.475458,2957321226.6904144,-2326127574.116625
11446,2456548.596505902,-6277193504.699867,2956619347.167551,-2326141197.6633563
11447,2456548.846512505,-6277325230.293712,2955908448.4546075,-2326151100.2780995
11448,2456549.096519501,-6277444900.976387,2955197626.86751,-2326161233.5107465
11449,2456549.3465263913,-6277562460.5509205,2954494978.183779,-2326175087.3592396
11450,2456549.596533077,-6277686670.442523,2953791359.2617598,-2326188680.365211
11451,2456549.846540057,-6277807509.254722,2953078775.656327,-2326198556.87744
11452,2456550.096547426,-6277916299.603009,2952366461.846994,-2326208728.1684785
11453,2456550.346554684,-6278023135.437004,2951662355.317027,-2326222615.4666495
11454,2456550.59656174,-6278136605.303761,2950957175.6674333,-2326236178.13918
11455,2456550.846569095,-6278246539.416576,2950243087.473985,-2326246029.7677135
11456,2456551.0965768346,-6278344434.774497,2949529460.656463,-2326256240.1565995
11457,2456551.3465844574,-6278440532.406366,2948824072.071212,-2326270160.749577
11458,2456551.596591882,-6278543245.359831,2948117506.831583,-2326283692.9322886
11459,2456551.8465996096,-6278642258.388585,2947402090.883855,-2326293520.5180197
11460,2456552.0966077177,-6278729245.314376,2946687326.853669,-2326303770.6364765
11461,2456552.346615704,-6278814591.140845,2945980828.7144732,-2326317723.954859
11462,2456552.5966234948,-6278906530.856737,2945273049.9301963,-2326331225.090311
11463,2456552.8466315926,-6278994606.742964,2944556480.147724,-2326341029.068703
11464,2456553.0966400676,-6279070671.847359,2943840751.9523354,-2326351319.124167
11465,2456553.3466484146,-6279145252.021227,2943133314.252561,-2326365304.1790133
11466,2456553.5966565697,-6279226401.710584,2942424491.7634764,-2326378773.3150954
11467,2456553.8466650364,-6279303523.778412,2941706940.135049,-2326388553.7340894
11468,2456554.0966738756,-6279368652.877424,2940990419.14559,-2326398883.5396748
11469,2456554.346682582,-6279432452.568364,2940282210.5201974,-2326412898.9645166
11470,2456554.5966910995,-6279502794.356181,2939572513.17442,-2326426334.8075175
11471,2456554.846699933,-6279568944.815131,2938854151.0213957,-2326436091.3908567
11472,2456555.0967091345,-6279623122.561581,2938137008.2311,-2326446460.438797
11473,2456555.3467181986,-6279676125.720298,2937428197.2749715,-2326460504.5724964
11474,2456555.5967270765,-6279735640.543679,2936717794.2502685,-2326473905.57767
11475,2456555.8467362747,-6279790800.518149,2935998793.5344186,-2326483637.8216023
11476,2456556.096745837,-6279834010.557798,2935281200.8382297,-2326494045.3853583
11477,2456556.346755256,-6279876200.193613,2934571957.343551,-2326508116.378609
11478,2456556.596764493,-6279924868.193288,2933861019.328478,-2326521480.859122
11479,2456556.846774054,-6279969018.217396,2933141553.764572,-2326531188.1419997
11480,2456557.0967839747,-6280001243.775232,2932423684.9938784,-2326541633.385626
11481,2456557.346793747,-6280032602.6224,2931714180.8995686,-2326555729.309297
11482,2456557.596803341,-6280070403.876998,2931002880.9507756,-2326569055.54195
11483,2456557.8468132634,-6280103524.682644,2930283126.767098,-2326578737.2258005
11484,2456558.09682354,-6280124749.39079,2929565158.352332,-2326589219.300898
11485,2456558.3468336645,-6280145260.764375,2928855568.3091836,-2326603338.238073
11486,2456558.596843613,-6280172176.162672,2928144082.3197503,-2326616624.549463
11487,2456558.846853894,-6280194249.55568,2927424218.6322775,-2326626280.0594354
11488,2456559.0968645257,-6280204458.322333,2926706329.8883486,-2326636798.1779346
11489,2456559.3468749993,-6280214106.971645,2925996831.461871,-2326650938.290289
11490,2456559.596885301,-6280230119.043087,2925285338.287144,-2326664183.1164775
11491,2456559.846895939,-6280241128.703148,2924565547.154908,-2326673811.9935665
11492,2456560.0969069228,-6280240308.475772,2923847920.274584,-2326684365.4740133
11493,2456560.346917744,-6280239081.307589,2923138693.8847327,-2326698525.042287
11494,2456560.5969283963,-6280244174.903166,2922427375.2352476,-2326711726.963572
11495,2456560.846939389,-6280244107.019432,2921707841.513611,-2326721328.893843
11496,2456561.096950723,-6280232247.37372,2920990661.3895354,-2326731917.1858373
11497,2456561.3469618885,-6280220133.995658,2920281890.1090407,-2326746094.630226
11498,2456561.59697289,-6280214296.787126,2919570930.3308163,-2326759252.387705
11499,2456561.846984235,-6280203140.513944,2918851841.4393396,-2326768827.215369
11500,2456562.096995916,-6280180234.067643,2918135295.4259677,-2326779449.90994
11501,2456562.347007424,-6280157227.163766,2917427164.7418804,-2326793643.7984824
11502,2456562.5970187723,-6280140449.984782,2916716750.5810523,-2326806756.3006787
11503,2456562.8470304674,-6280118197.750765,2915998296.2744207,-2326816304.033167
11504,2456563.0970424926,-6280084240.443773,2915282573.969454,-2326826960.8670683
11505,2456563.347054341,-6280050336.030593,2914575271.5783296,-2326841169.9197803
11506,2456563.5970660327,-6280022613.113166,2913865591.9912214,-2326854236.2466173
11507,2456563.847078075,-6279989260.841143,2913147964.1852903,-2326863757.0586085
11508,2456564.0970904427,-6279944252.142485,2912433257.2737284,-2326874447.9190245
11509,2456564.347102628,-6279899449.7680235,2911726972.9448323,-2326888671.013693
11510,2456564.597114661,-6279860778.938237,2911018218.979549,-2326901690.4233227
11511,2456564.847127048,-6279816326.240662,2910301611.650448,-2326911184.6646075
11512,2456565.0971397543,-6279760269.346802,2909588113.821387,-2326921909.5985637
11513,2456565.3471522746,-6279704572.2965555,2908883039.3306274,-2326936145.7820435
11514,2456565.5971646453,-6279654955.192455,2908175404.0755715,-2326949117.7237186
11515,2456565.8471773737,-6279599405.603462,2907460013.220217,-2326958585.9335256
11516,2456566.0971904164,-6279532307.687234,2906747920.1380243,-2326969345.164104
11517,2456566.347203268,-6279465723.254088,2906044249.247498,-2326983593.670495
11518,2456566.5972159742,-6279405165.619657,2905337927.8150253,-2326996517.8041983
11519,2456566.8472290407,-6279338526.914424,2904623951.434957,-2327005960.732085
11520,2456567.097242417,-6279260399.471332,2903913460.720349,-2327016754.6808124
11521,2456567.3472555964,-6279182939.331443,2903211389.1527886,-2327031014.9552045
11522,2456567.597268635,-6279111451.423654,2902506578.6415286,-2327043891.176083
11523,2456567.847282036,-6279033736.0561495,2901794216.6877146,-2327053309.806625
11524,2456568.0972957416,-6278944595.372346,2901085527.840867,-2327064139.118471
11525,2456568.347309246,-6278856276.083733,2900385253.176279,-2327078410.8419695
11526,2456568.5973226135,-6278773873.200942,2899682152.534894,-2327091239.3044386
11527,2456568.8473363467,-6278685098.858974,2898971606.732676,-2327100634.879787
11528,2456569.097350378,-6278584966.589637,2898264920.9149365,-2327111500.4441314
11529,2456569.347364204,-6278485810.191341,2897566642.3242273,-2327125783.5527005
11530,2456569.5973778963,-6278392513.289084,2896865452.0310607,-2327138564.6860585
11531,2456569.8473919574,-6278292703.520399,2896156925.500886,-2327147938.717617
11532,2456570.0974063105,-6278181607.3196,2895452445.0934024,-2327158841.6758366
11533,2456570.347420454,-6278071641.959375,2894756362.8320446,-2327173136.363326
11534,2456570.5974344676,-6277967478.268882,2894057284.320426,-2327185870.869066
11535,2456570.847448853,-6277856663.081281,2893350980.9326773,-2327195225.128315
11536,2456571.097463524,-6277734637.174561,2892648908.8211784,-2327206166.8581886
11537,2456571.347477981,-6277613897.646133,2891955223.4449754,-2327220473.5540385
11538,2456571.597492312,-6277498901.167551,2891258458.250857,-2327233162.3758698
11539,2456571.847507017,-6277377117.467951,2890554581.7081895,-2327242498.8562264
11540,2456572.097522002,-6277244203.028066,2889855120.3053894,-2327253480.9260635
11541,2456572.3475367683,-6277112731.076288,2889164031.638965,-2327267800.2418656
11542,2456572.5975514124,-6276986942.806005,2888469780.3214965,-2327280444.504191
11543,2456572.847566433,-6276854234.5419855,2887768533.039236,-2327289765.3513412
11544,2456573.0975817274,-6276710479.738511,2887071883.135079,-2327300789.4430547
11545,2456573.347596798,-6276568324.01363,2886383589.1021066,-2327315122.089143
11546,2456573.5976117514,-6276431791.80028,2885692050.0633497,-2327327723.00721
11547,2456573.8476270824,-6276288209.71496,2884993631.989329,-2327337030.423167
11548,2456574.0976426816,-6276133669.367315,2884299991.5829597,-2327348098.23151
11549,2456574.3476580526,-6275980884.978294,2883614687.0615797,-2327362444.9125953
11550,2456574.59767331,-6275833662.979441,2882926055.435087,-2327375003.6850243
11551,2456574.847688948,-6275679263.974275,2882230662.981262,-2327384299.8181696
11552,2456575.0977048464,-6275513998.8253975,2881540226.2662244,-2327395412.9396353
11553,2456575.347720513,-6275350646.531801,2880858102.1367,-2327409774.2438574
11554,2456575.59773607,-6275192794.331468,2880172568.90421,-2327422291.9425125
11555,2456575.847752009,-6275027640.516261,2879480394.1386514,-2327431578.7789025
11556,2456576.097768203,-6274851716.223055,2878793350.776606,-2327442738.605599
11557,2456576.34778416,-6274677861.375706,2878114593.281268,-2327457114.9020224
11558,2456576.5978000117,-6274509442.884408,2877432344.7208285,-2327469592.3736095
11559,2456576.8478162475,-6274333600.444335,2876743574.9057546,-2327478871.6431327
11560,2456577.0978327314,-6274147086.419932,2876060109.6565337,-2327490079.2742786
11561,2456577.3478489746,-6273962797.787796,2875384900.1222734,-2327504470.630358
11562,2456577.5978651163,-6273783880.062258,2874706117.621379,-2327516908.420026
11563,2456577.8478816436,-6273597418.076627,2874020935.1152577,-2327526181.5263743
11564,2456578.097898413,-6273400386.314794,2873341227.827289,-2327537437.7051587
11565,2456578.347914937,-6273205734.922588,2872669742.742366,-2327551843.8307023
11566,2456578.5979313636,-6273016387.022752,2871994602.957432,-2327564242.1330004
11567,2456578.847948178,-6272819376.345796,2871313185.4540825,-2327573510.1117635
11568,2456579.0979652274,-6272611900.330282,2870637411.3812647,-2327584815.190949
11569,2456579.3479820285,-6272406958.40232,2869969822.787266,-2327599235.4112287
11570,2456579.5979987355,-6272207250.374444,2869298498.1065145,-2327611594.0503993
11571,2456579.848015832,-6271999762.660841,2868621019.1654077,-2327620857.556662
11572,2456580.0980331567,-6271781916.437336,2867949349.562622,-2327632211.4938807
11573,2456580.3480502293,-6271566756.521057,2867285825.7120605,-2327646644.75249
11574,2456580.5980672124,-6271356758.577094,2866618484.9706097,-2327658963.1924286
11575,2456580.8480845857,-6271138865.520036,2865945114.7853165,-2327668222.5178704
11576,2456581.0981021817,-6270910722.996522,2865277717.7271495,-2327679624.900301
11577,2456581.348119521,-6270685417.330093,2864618423.948308,-2327694069.791223
11578,2456581.598136775,-6270465199.286336,2863955233.3332343,-2327706347.174194
11579,2456581.8481544214,-6270236972.12945,2863286139.6712112,-2327715602.292345
11580,2456582.0981722833,-6269998606.664309,2862623181.021685,-2327727052.388888
11581,2456582.348189885,-6269763226.8447275,2861968280.712277,-2327741507.215209
11582,2456582.598207406,-6269532857.872264,2861309404.7726293,-2327753742.4261208
11583,2456582.84822532,-6269294367.242856,2860644753.994313,-2327762993.06178
11584,2456583.0982434433,-6269045851.5616045,2859986398.428628,-2327774489.897753
11585,2456583.3482613023,-6268800468.546136,2859336054.0727696,-2327788952.751168
11586,2456583.5982790855,-6268560017.256468,2858681656.7230387,-2327801144.500606
11587,2456583.8482972635,-6268311333.332528,2858021614.7638483,-2327810390.215632
11588,2456584.098315643,-6268052739.773424,2857368026.7222495,-2327821932.6612773
11589,2456584.3483337555,-6267797424.201504,2856722400.808946,-2327836401.512695
11590,2456584.5983517966,-6267546959.040506,2856072646.2041883,-2327848548.4282355
11591,2456584.848370233,-6267288152.010342,2855417379.399763,-2327857788.7126513
11592,2456585.098388865,-6267019553.043575,2854768723.858146,-2327869375.5738807
11593,2456585.3484072257,-6266754375.81007,2854127979.5923815,-2327883848.363229
11594,2456585.5984255197,-6266493965.678298,2853483032.774705,-2327895949.077056
11595,2456585.8484442104,-6266225106.399182,2852832708.439586,-2327905183.4336123
11596,2456586.0984630897,-6265946575.315871,2852189151.4192553,-2327916813.533415
11597,2456586.3484816947,-6265671608.28362,2851553453.161822,-2327931288.2475986
11598,2456586.598500237,-6265401323.264762,2850913480.429181,-2327943341.470078
11599,2456586.848519177,-6265122483.998515,2850268267.155293,-2327952569.482868
11600,2456587.0985382986,-6264834095.645887,2849629975.953985,-2327964241.7251015
11601,2456587.348557143,-6264549412.374802,2848999489.3878007,-2327978716.45697
11602,2456587.598575929,-6264269324.452521,2848364658.3978724,-2327990721.030281
11603,2456587.848595114,-6263980579.563254,2847724726.099918,-2327999942.412829
11604,2456588.0986144734,-6263682411.018229,2847091869.2843432,-2328011655.8252206
11605,2456588.348633552,-6263388087.411628,2846466761.3591747,-2328026128.8117266
11606,2456588.5986525775,-6263098271.085342,2845837241.0304365,-2328038083.742997
11607,2456588.8486720016,-6262799697.62086,2845202760.8086705,-2328047298.3665204
11608,2456589.098691594,-6262491828.735021,2844575508.0456376,-2328059052.124689
11609,2456589.348710902,-6262187943.548163,2843955946.7831454,-2328073521.767099
11610,2456589.5987301613,-6261888476.304761,2843331907.07813,-2328085426.244832
11611,2456589.8487498206,-6261580154.430488,2842703050.9849625,-2328094634.1511774
11612,2456590.09876964,-6261262668.226902,2842081572.797358,-2328106427.5888557
11613,2456590.3487891727,-6260949303.42916,2841467727.041217,-2328120892.4607215
11614,2456590.598808661,-6260640266.072414,2840849338.7139287,-2328132745.8605275
11615,2456590.84882855,-6260322279.369044,2840226279.502503,-2328141947.26611
11616,2456591.0988485916,-6259995262.310694,2839610747.0237336,-2328153779.8780694
11617,2456591.3488683435,-6259672503.328938,2839002786.202994,-2328168238.7274814
11618,2456591.598888056,-6259353980.200886,2838390220.572692,-2328180040.6136584
11619,2456591.8489081687,-6259026415.865902,2837773131.483372,-2328189235.910754
11620,2456592.098928428,-6258689958.041001,2837163716.2594576,-2328201107.3545456
11621,2456592.348948394,-6258357893.933419,2836561810.207526,-2328215559.1065526
11622,2456592.5989683247,-6258029973.080454,2835955238.9944763,-2328227309.235089
11623,2456592.8489886564,-6257692922.089198,2835344293.607804,-2328236498.9957094
11624,2456593.099009127,-6257347117.37094,2834741167.4685755,-2328248409.0969963
11625,2456593.3490293017,-6257005840.990481,2834145486.312412,-2328262852.8605924
11626,2456593.5990494457,-6256668614.334325,2833545081.5431404,-2328274551.1875286
11627,2456593.84906999,-6256322171.621084,2832940453.6997576,-2328283736.1733155
11628,2456594.0990906665,-6255967117.8624735,2832343788.6928625,-2328295684.9378104
11629,2456594.3491110443,-6255616726.070115,2831754502.798877,-2328310120.0198607
11630,2456594.599131396,-6255270289.642862,2831160436.7601924,-2328321766.7167807
11631,2456594.8491521482,-6254914554.359634,2830562300.519942,-2328330947.896117
11632,2456595.0991730248,-6254550353.679024,2829972268.872479,-2328342935.528652
11633,2456595.3491936,-6254190947.659812,2829389548.8064823,-2328357361.4546304
11634,2456595.5992141534,-6253835401.952528,2828801993.998139,-2328368956.9304247
11635,2456595.849235107,-6253470477.850847,2828210523.580406,-2328378135.5010796
11636,2456596.099256178,-6253097237.048244,2827627297.6224384,-2328390162.42922
11637,2456596.3492769445,-6252728922.7638,2827051314.050392,-2328404578.967302
11638,2456596.599297694,-6252364373.215106,2826470443.0556307,-2328416123.891775
11639,2456596.8493188433,-6251990369.16851,2825885812.6729918,-2328425301.3035774
11640,2456597.0993401017,-6251608200.280133,2825309564.6284547,-2328437368.199292
11641,2456597.3493610537,-6251231089.053607,2824740488.0575075,-2328451775.380175
11642,2456597.599381993,-6250857646.66085,2824166473.226107,-2328463270.7007337
11643,2456597.849403332,-6250474677.29595,2823588856.7025366,-2328472448.6685014
11644,2456598.099424772,-6250083698.238873,2823019758.2370415,-2328484556.4570155
11645,2456598.349445903,-6249697907.4066105,2822457758.486817,-2328498954.5776954
11646,2456598.599467026,-6249315689.375496,2821890771.323569,-2328510401.516586
11647,2456598.8494885475,-6248923875.7082405,2821320341.395908,-2328519582.0100284
11648,2456599.099510163,-6248524210.892055,2820758562.829157,-2328531731.8521376
11649,2456599.349531467,-6248129864.379497,2820203808.1535873,-2328546121.449767
11650,2456599.599552767,-6247738994.651111,2819644018.3488445,-2328557521.4681296
11651,2456599.849574465,-6247338464.550165,2819080945.6083055,-2328566706.665514
11652,2456600.0995962485,-6246930245.263004,2818526654.77189,-2328578899.9010777
11653,2456600.3496177183,-6246527473.880844,2817979310.6397924,-2328593281.685992
11654,2456600.599639189,-6246128083.324719,2817426884.7807326,-2328604636.405678
11655,2456600.849661056,-6245718971.588156,2816871336.326199,-2328613828.6045594
11656,2456601.0996830016,-6245302335.946382,2816324697.173258,-2328626066.653126
11657,2456601.3497046307,-6244891277.205526,2815784924.849476,-2328640441.4001
11658,2456601.5997262644,-6244483503.293005,2815240024.988709,-2328651752.485817
11659,2456601.8497482943,-6244065951.174754,2814692163.0013437,-2328660953.977048
11660,2456602.099770394,-6243641043.501421,2814153334.207351,-2328673238.205656
11661,2456602.3497921755,-6243221840.846286,2813621289.3988705,-2328687606.617117
11662,2456602.599813966,-6242805826.7431755,2813084071.7641063,-2328698875.6362715
11663,2456602.849836151,-6242379980.911698,2812544052.2993684,-2328708088.5621505
11664,2456603.0998583985,-6241946950.572067,2812013186.154745,-2328720420.144026
11665,2456603.349880325,-6241519752.107353,2811489018.018957,-2328734782.7113457
11666,2456603.5999022652,-6241095645.307202,2810959632.148919,-2328746010.9994297
11667,2456603.849924599,-6240661656.40133,2810427604.4108953,-2328755237.2247777
11668,2456604.099946987,-6240220656.29998,2809904846.242453,-2328767617.017961
11669,2456604.349969052,-6239785613.249263,2809388696.960176,-2328781973.9091535
11670,2456604.5999911344,-6239353564.01266,2808867285.4297075,-2328793162.467518
11671,2456604.850013609,-6238911585.079485,2808343391.647153,-2328802403.488471
11672,2456605.1000361303,-6238462770.1149645,2807828879.842235,-2328814831.956547
11673,2456605.3500583265,-6238020035.310126,2807320884.7832527,-2328829182.9493513
11674,2456605.600080545,-6237580195.203775,2806807583.5004854,-2328840332.390662
11675,2456605.850103154,-6237130380.299339,2806291959.34558,-2328849589.2926235
11676,2456606.1001258013,-6236673906.037932,2805785825.882019,-2328862066.475204
11677,2456606.3501481223,-6236223632.676081,2805286114.233619,-2328876410.93946
11678,2456606.60017047,-6235776153.419368,2804781053.1530356,-2328887521.4811225
11679,2456606.8501932058,-6235318656.548415,2804273828.526238,-2328896794.942842
11680,2456607.100215973,-6234854678.26008,2803776199.8174596,-2328909320.4697924
11681,2456607.350238411,-6234397019.037844,2803284895.4774413,-2328923657.3906937
11682,2456607.600260881,-6233942051.734642,2802788199.5283628,-2328934728.885916
11683,2456607.8502837373,-6233477026.177013,2802289499.512107,-2328944019.217807
11684,2456608.100306617,-6233005698.253859,2801800497.377649,-2328956592.354386
11685,2456608.3503291667,-6232540804.8753805,2801317719.933111,-2328970920.383263
11686,2456608.600351752,-6232078499.607064,2800829509.9985275,-2328981952.3762627
11687,2456608.8503747224,-6231606097.590151,2800339455.830113,-2328991259.5796504
11688,2456609.100397708,-6231127573.293941,2799859198.4583097,-2329003879.2896667
11689,2456609.350420362,-6230655596.289897,2799385064.1336684,-2329018196.810173
11690,2456609.6004430563,-6230186102.00105,2798905457.9790225,-2329029188.604315
11691,2456609.8504661336,-6229706474.646649,2798424167.957534,-2329038512.4413414
11692,2456610.1004892187,-6229220906.113131,2797952770.7892833,-2329051177.459015
11693,2456610.3505119705,-6228741994.899889,2797487393.3046355,-2329065482.6603203
11694,2456610.6005347674,-6228265459.508377,2797016506.4083295,-2329076433.391727
11695,2456610.850557945,-6227778756.989506,2796544096.696315,-2329085773.4593644
11696,2456611.100581123,-6227286295.429474,2796081673.1975837,-2329098482.3640485
11697,2456611.3506039665,-6226800598.552779,2795625164.510631,-2329112773.3158774
11698,2456611.600626859,-6226317169.233262,2795163110.773369,-2329123682.0279694
11699,2456611.850650131,-6225823541.094091,2794699696.0727777,-2329133037.831953
11700,2456612.1006733947,-6225324337.147764,2794246358.3769455,-2329145789.121882
11701,2456612.3506963234,-6224832002.670396,2793798829.2902284,-2329160063.847707
11702,2456612.6007193057,-6224341826.272633,2793345721.6050177,-2329170929.563071
11703,2456612.850742665,-6223841421.873932,2792891415.689059,-2329180300.588299
11704,2456613.1007660087,-6223335626.08135,2792447275.090397,-2329193092.7498035
11705,2456613.350789016,-6222836802.076954,2792008835.7050133,-2329207349.294671
11706,2456613.6008120817,-6222340025.640002,2791564786.3690042,-2329218171.0806823
11707,2456613.8508355217,-6221832994.689513,2791119702.45164,-2329227556.8544126
11708,2456614.1008589384,-6221320758.034395,2790684869.732891,-2329240388.423054
11709,2456614.350882018,-6220815593.142777,2790255629.7331905,-2329254624.912331
11710,2456614.6009051604,-6220312364.45778,2789820750.6883793,-2329265401.9368253
11711,2456614.850928675,-6219798857.576092,2789385001.6216874,-2329274802.081218
11712,2456615.100952158,-6219280332.0518265,2788959587.2094784,-2329287671.69141
11713,2456615.3509753034,-6218768976.0426235,2788539655.9769273,-2329301886.3773108
11714,2456615.6009985157,-6218259444.210477,2788114058.8826995,-2329312617.9515452
11715,2456615.8510220977,-6217739613.478391,2787687757.1900444,-2329322032.22301
11716,2456616.1010456416,-6217214952.622441,2787271871.1515446,-2329334938.6441164
11717,2456616.351068846,-6216697556.914832,2786861357.726635,-2329349129.938475
11718,2456616.601092122,-6216181872.84821,2786445153.888388,-2329359815.5462747
11719,2456616.851115765,-6215655872.287756,2786028411.6628885,-2329369243.8611217
11720,2456617.1011393615,-6215125231.640219,2785622163.578095,-2329382186.02008
11721,2456617.351162619,-6214601949.738547,2785221176.509137,-2329396352.5140142
11722,2456617.601185952,-6214080266.57297,2784814476.7057085,-2329406991.8282323
11723,2456617.851209649,-6213548252.53204,2784407405.4200854,-2329416434.2763214
11724,2456618.1012332924,-6213011789.993943,2784010904.1784577,-2329429411.269035
11725,2456618.351256595,-6212482777.820793,2783619551.307755,-2329443551.742104
11726,2456618.601279978,-6211955251.222365,2783222465.56941,-2329454144.631543
11727,2456618.851303723,-6211417382.656842,2782825175.849347,-2329463601.4813876
11728,2456619.101327406,-6210875258.748286,2782438529.422448,-2329476612.576604
11729,2456619.351350748,-6210340674.881125,2782056917.660599,-2329490725.999602
11730,2456619.6013741745,-6209807463.262951,2781669555.046513,-2329501272.5306425
11731,2456619.8513979595,-6209263901.933952,2781282156.454022,-2329510744.2303543
11732,2456620.101421675,-6208716279.9749155,2780905471.687832,-2329523788.870552
11733,2456620.3514450495,-6208176285.814062,2780533706.816266,-2329537874.4063745
11734,2456620.601468513,-6207637550.493656,2780156175.2276697,-2329548374.843735
11735,2456620.8514923314,-6207088461.116123,2779778776.08644,-2329557862.022177
11736,2456621.1015160726,-6206535507.369967,2779412158.5406227,-2329570939.825689
11737,2456621.351539472,-6205990267.281196,2779050345.0645466,-2329584996.8323164
11738,2456621.6015629647,-6205446172.624747,2778682751.1104107,-2329595451.642754
11739,2456621.8515868094,-6204891723.015797,2778315458.3843637,-2329604955.1144075
11740,2456622.1016105693,-6204333606.8456,2777959012.2237287,-2329618065.8819013
11741,2456622.3516339874,-6203783288.328794,2777607253.2747674,-2329632093.920322
11742,2456622.6016575024,-6203234001.934916,2777249702.1829405,-2329642503.781691
11743,2456622.851681366,-6202674363.214896,2776892621.3941197,-2329652024.557159
11744,2456623.101705137,-6202111257.305469,2776546449.311545,-2329665168.2839003
11745,2456623.3517285665,-6201556031.241503,2776204846.5720153,-2329679167.1317883
11746,2456623.601752097,-6201001724.215161,2775857442.1102047,-2329689532.9476347
11747,2456623.851775972,-6200437071.109994,2775510677.252646,-2329699072.2492557
11748,2456624.1017997474,-6199869151.801161,2775174880.3719883,-2329712249.141928
11749,2456624.3518231804,-6199309192.8187275,2774843533.9610095,-2329726218.811006
11750,2456624.6018467187,-6198750040.171942,2774506378.299226,-2329736541.727708
11751,2456624.8518705987,-6198180551.446897,2774170031.671915,-2329746101.0063767
11752,2456625.1018943703,-6197607999.200505,2773844709.3455133,-2329759311.4994507
11753,2456625.3519177996,-6197043486.17588,2773523717.5732284,-2329773252.250439
11754,2456625.6019413383,-6196479667.35699,2773196910.9862947,-2329783533.6696086
11755,2456625.851965215,-6195905526.370835,2772871082.836765,-2329793114.614253
11756,2456626.1019889754,-6195328526.34542,2772556332.2232003,-2329806359.3761225
11757,2456626.352012394,-6194759642.992025,2772245791.0944886,-2329820271.720249
11758,2456626.6020359257,-6194191342.481624,2771929431.383703,-2329830513.2942057
11759,2456626.8520597913,-6193612737.77842,2771614219.241537,-2329840117.8205485
11760,2456627.102083533,-6193031480.406224,2771310134.546129,-2329853397.7350698
11761,2456627.352106933,-6192458415.825244,2771010136.903379,-2329867282.4070864
11762,2456627.60213045,-6191885823.645642,2770704318.4379168,-2329877486.0017905
11763,2456627.852154297,-6191302949.406612,2770399816.0545835,-2329887116.204599
11764,2456628.102178012,-6190717630.772087,2770106487.370163,-2329900432.312492
11765,2456628.3522013854,-6190140579.741466,2769817121.638585,-2329914290.2003083
11766,2456628.6022248794,-6189563891.638259,2769521934.01179,-2329924457.812225
11767,2456628.8522486994,-6188976947.737945,2769228229.938874,-2329934115.8694825
11768,2456629.10227238,-6188387769.493123,2768945741.7602205,-2329947469.2604814
11769,2456629.352295719,-6187806932.2285595,2768667090.414534,-2329961301.2855473
11770,2456629.602319183,-6187226349.264143,2768382616.881822,-2329971434.9104743
11771,2456629.852342968,-6186635540.686129,2768099792.903318,-2329981122.9418793
11772,2456630.102366606,-6186042709.283232,2767828222.579321,-2329994514.6049294
11773,2456630.3523899023,-6185458290.486701,2767560360.641382,-2330008321.565913
11774,2456630.6024133274,-6184874017.90657,2767286676.689674,-2330018423.0377817
11775,2456630.8524370696,-6184279553.433759,2767014806.4910693,-2330028142.941045
11776,2456631.102460657,-6183683278.652097,2766754223.0206113,-2330041573.6010685
11777,2456631.3524839035,-6183095485.892853,2766497217.005707,-2330055356.013802
11778,2456631.602507282,-6182507731.380858,2766234389.4707646,-2330065426.850209
11779,2456631.852530973,-6181909821.748491,2765973537.946143,-2330075180.1548324
11780,2456632.102554502,-6181310314.773332,2765724001.4894614,-2330088650.137454
11781,2456632.3525776905,-6180719356.522977,2765477909.129954,-2330102408.1128
11782,2456632.6026010145,-6180128328.222324,2765225996.1350336,-2330112449.4078426
11783,2456632.852624647,-6179527184.154472,2764976219.5398674,-2330122237.1845746
11784,2456633.102648109,-6178924655.659215,2764737781.779818,-2330135746.3434124
11785,2456633.352671232,-6178330739.447996,2764502652.5828323,-2330149479.532887
11786,2456633.6026944946,-6177736644.21561,2764261704.276319,-2330159491.9212346
11787,2456633.8527180604,-6177132474.798023,2764023051.12692,-2330169314.764724
11788,2456634.1027414487,-6176527133.453745,2763795756.3096476,-2330182862.4820533
11789,2456634.3527644984,-6175930464.530767,2763571632.714917,-2330196570.0950556
11790,2456634.602787691,-6175333506.75622,2763341692.5204034,-2330206553.784432
11791,2456634.852811183,-6174726518.417849,2763114204.912643,-2330216411.8599086
11792,2456635.10283449,-6174118570.038869,2762898091.2122297,-2330229997.106005
11793,2456635.3528574593,-6173519350.679745,2762685009.979959,-2330243677.97955
11794,2456635.602880575,-6172919731.748311,2762466115.986069,-2330253632.8287787
11795,2456635.852903986,-6172310127.870395,2762249830.9696674,-2330263525.9571686
11796,2456636.102927204,-6171699775.15977,2762044931.832128,-2330277147.3810773
11797,2456636.352950086,-6171098204.537486,2761842925.342997,-2330290800.074059
11798,2456636.602973118,-6170496122.812929,2761635111.548236,-2330300725.6890097
11799,2456636.8529964397,-6169884103.809699,2761430062.3091984,-2330310653.443807
11800,2456637.1030195625,-6169271546.525556,2761236407.5676827,-2330324309.4704323
11801,2456637.3530423497,-6168667820.950644,2761045504.8667607,-2330337932.3594356
11802,2456637.603065291,-6168063472.076237,2760848802.14992,-2330347828.186349
11803,2456637.853088517,-6167449235.744915,2760655018.908191,-2330357789.9843454
11804,2456638.1031115367,-6166834671.090096,2760472635.6099606,-2330371478.9025607
11805,2456638.353134223,-6166228984.431644,2760292863.1648254,-2330385070.2666283
11806,2456638.6031570663,-6165622561.774068,2760107299.9767704,-2330394935.67287
11807,2456638.8531801896,-6165006303.754006,2759924810.6161165,-2330404930.8511596
11808,2456639.1032030997,-6164389926.845584,2759753723.5954113,-2330418650.8875604
11809,2456639.3532256777,-6163782471.007485,2759585105.815548,-2330432208.9784045
11810,2456639.6032484164,-6163174166.135282,2759410708.6486855,-2330442043.3187366
11811,2456639.8532714304,-6162556080.38501,2759239539.141178,-2330452071.197544
11812,2456640.103294224,-6161938084.7287445,2759079771.403314,-2330465820.576467
11813,2456640.353316687,-6161329050.120895,2758922330.9866676,-2330479343.6755333
11814,2456640.6033393145,-6160719053.270642,2758759124.686602,-2330489146.345996
11815,2456640.853362212,-6160099332.527721,2758599299.373092,-2330499206.2798367
11816,2456641.103384882,-6159479910.472276,2758450872.3469706,-2330512983.272393
11817,2456641.3534072237,-6158869486.459926,2758304630.5058084,-2330526469.737643
11818,2456641.6034297333,-6158257986.980036,2758152638.471685,-2330536240.2198334
11819,2456641.8534525074,-6157636823.198808,2758004180.2389145,-2330546331.639677
11820,2456642.1034750477,-6157016166.368483,2757867113.932715,-2330560134.6042404
11821,2456642.353497261,-6156404541.701034,2757732090.5280137,-2330573582.9088335
11822,2456642.603519646,-6155791728.475897,2757591334.825503,-2330583320.806455
11823,2456642.85354229,-6155169313.246147,2757454265.1989927,-2330593443.254403
11824,2456643.103564694,-6154547612.954905,2757328578.274071,-2330607270.6698112
11825,2456643.3535867725,-6153934976.175787,2757204791.8698096,-2330620679.4335585
11826,2456643.603609026,-6153321038.030272,2757075293.265325,-2330630384.5018344
11827,2456643.8536315337,-6152697562.975089,2756949632.4245677,-2330640537.658722
11828,2456644.1036537937,-6152075010.617964,2756835342.1926003,-2330654388.1503253
11829,2456644.353675731,-6151461550.44969,2756722810.0343137,-2330667756.1639447
11830,2456644.603697846,-6150846676.526113,2756604587.954665,-2330677428.331772
11831,2456644.8537202105,-6150222333.669136,2756490354.6752906,-2330687612.0374837
11832,2456645.1037423206,-6149599121.079792,2756387477.0242915,-2330701484.395874
11833,2456645.35376411,-6148985026.771632,2756286214.9489007,-2330714810.637859
11834,2456645.60378608,-6148369406.865781,2756179287.375165,-2330724450.0226064
11835,2456645.8538082945,-6147744388.9540615,2756076498.908817,-2330734664.2891574
11836,2456646.1038302477,-6147120708.7147255,2755985048.170946,-2330748557.481797
11837,2456646.3538518823,-6146506170.339865,2755895070.4629264,-2330761841.1283226
11838,2456646.6038737013,-6145889995.184009,2755799453.7757807,-2330771448.0439324
11839,2456646.8538957583,-6145264495.955962,2755708125.687014,-2330781693.0621614
11840,2456647.1039175484,-6144640541.651188,2755628114.4692817,-2330795606.23898
11841,2456647.3539390215,-6144025750.347124,2755549433.685938,-2330808846.6681986
11842,2456647.6039606826,-6143409211.836544,2755465142.4864783,-2330818421.628116
11843,2456647.8539825757,-6142783426.234492,2755385288.47156,-2330828697.769769
11844,2456648.104004196,-6142159392.651506,2755316727.4747963,-2330842630.264729
11845,2456648.354025501,-6141544540.809952,2755249354.2660155,-2330855827.0576344
11846,2456648.604046997,-6140927832.1827,2755176401.1968985,-2330865370.7749176
11847,2456648.85406872,-6140301956.523347,2755108032.908406,-2330875678.592578
11848,2456649.1040901626,-6139678039.81592,2755050930.756943,-2330889629.9237914
11849,2456649.3541112933,-6139063321.242603,2754994873.6997523,-2330902782.864204
11850,2456649.6041326174,-6138446637.236289,2754933269.284587,-2330912296.2513847
11851,2456649.8541541626,-6137820869.366117,2754876396.1767173,-2330922636.4787626
11852,2456650.104175422,-6137197267.211815,2754830759.270107,-2330936606.3494864
11853,2456650.354196371,-6136582877.28866,2754786024.7255893,-2330949715.425457
11854,2456650.604217517,-6135966414.309131,2754735777.229616,-2330959199.5962114
11855,2456650.854238878,-6135340953.781368,2754690406.4223185,-2330969573.150562
11856,2456651.1042599464,-6134717865.570357,2754656238.801983,-2330983561.4526
11857,2456651.3542807074,-6134104001.45916,2754622830.781529,-2330996626.860302
11858,2456651.6043016682,-6133487957.800345,2754583946.074434,-2331006083.1335697
11859,2456651.854322838,-6132863006.1125965,2754550082.2107444,-2331016491.120423
11860,2456652.104343709,-6132240633.205907,2754527385.408944,-2331030497.939523
11861,2456652.3543642755,-6131627494.129467,2754505305.4100556,-2331043520.0886235
11862,2456652.604385044,-6131012070.277659,2754477786.7836223,-2331052949.9934816
11863,2456652.8544060155,-6130387831.199389,2754455431.825047,-2331063393.7111807
11864,2456653.104426682,-6129766377.280771,2754444204.6331687,-2331077419.331077
11865,2456653.3544470468,-6129154164.899192,2754433451.3739595,-2331090398.847353
11866,2456653.6044676164,-6128539563.931379,2754417299.235918,-2331099804.1234
11867,2456653.8544883826,-6127916243.921436,2754406452.1099796,-2331110285.061192
11868,2456654.104508838,-6127295915.43172,2754406690.17348,-2331124329.9590073
11869,2456654.3545289943,-6126684834.2895775,2754407259.127166,-2331137267.6757545
11870,2456654.6045493577,-6126071262.326543,2754402470.468026,-2331146650.2594957
11871,2456654.854569912,-6125449070.984374,2754403126.4617367,-2331157170.0785427
11872,2456655.1045901487,-6124830077.563002,2754414821.5946445,-2331171234.899837
11873,2456655.3546100897,-6124220335.51145,2754426704.219043,-2331184131.825571
11874,2456655.6046302402,-6123608002.107582,2754433271.7519054,-2331193493.809479
11875,2456655.8546505747,-6122987152.516773,2754445421.5600677,-2331204054.2928996
11876,2456656.1046705865,-6122369707.2853565,2754468560.7013927,-2331218139.792285
11877,2456656.3546903045,-6121761515.690312,2754491743.30378,-2331230997.0407176
11878,2456656.6047102353,-6121150633.94862,2754509654.2411094,-2331240340.591589
11879,2456656.854730343,-6120531342.680921,2754533282.662692,-2331250943.5512605
11880,2456657.1047501224,-6119915662.120044,2754567846.5026875,-2331265050.487881
11881,2456657.3547696113,-6119309235.595647,2754602308.8082895,-2331277869.1618595
11882,2456657.6047893143,-6118700021.7414055,2754631543.3890038,-2331287196.3932323
11883,2456657.8548091887,-6118082508.256658,2754666627.8339906,-2331297843.5317583
11884,2456658.104828729,-6117468811.422469,2754712589.324568,-2331311972.5224295
11885,2456658.354847981,-6116864366.857804,2754758303.0157332,-2331324753.5595713
11886,2456658.60486745,-6116257039.071601,2754798833.101078,-2331334066.371409
11887,2456658.8548870836,-6115641524.358515,2754845342.2739778,-2331344759.1182923
11888,2456659.1049063774,-6115030031.339587,2754902665.430735,-2331358910.4731107
11889,2456659.354925386,-6114427786.185119,2754959593.096241,-2331371654.4835773
11890,2456659.604944614,-6113822562.736209,2755011381.2940693,-2331380954.40498
11891,2456659.8549640006,-6113209267.315983,2755069274.519594,-2331391693.767482
11892,2456660.1049830406,-6112600197.136902,2755137913.9706297,-2331405867.351938
11893,2456660.3550017998,-6112000367.241009,2755206008.8927803,-2331418574.4945474
11894,2456660.60502078,-6111397464.291341,2755269008.592929,-2331427862.576464
11895,2456660.8550399123,-6110786606.026019,2755338236.104746,-2331438649.051274
11896,2456661.105058693,-6110180174.498849,2755418137.6306324,-2331452844.2185526
11897,2456661.3550771954,-6109582972.039545,2755497344.5660567,-2331465514.1546535
11898,2456661.605095922,-6108982601.6889715,2755571500.945806,-2331474790.9460554
11899,2456661.855114793,-6108374393.970576,2755652005.0964317,-2331485624.518162
11900,2456662.1051333076,-6107770812.0552,2755743107.019031,-2331499840.1300035
11901,2456662.355151548,-6107176444.093014,2755833363.7357545,-2331512472.0647326
11902,2456662.6051700143,-6106578813.138672,2755918615.4125276,-2331521737.6728168
11903,2456662.8551886184,-6105973463.863565,2756010332.4093156,-2331532617.8932533
11904,2456663.1052068616,-6105372936.8611965,2756112567.3783298,-2331546852.4128594
11905,2456663.355224834,-6104781604.749572,2756213806.4599757,-2331559445.2000833
11906,2456663.6052430337,-6104186914.304373,2756310087.2829,-2331568699.404699
11907,2456663.8552613654,-6103584625.68752,2756412948.9410133,-2331579625.5125575
11908,2456664.1052793306,-6102987353.236271,2756526245.6254244,-2331593877.131736
11909,2456664.355297029,-6102399252.780713,2756638396.080819,-2331606429.4032593
11910,2456664.6053149574,-6101807698.575155,2756745636.642881,-2331615671.7859225
11911,2456664.8553330107,-6101208667.573516,2756859571.7895665,-2331626642.83598
11912,2456665.105350693,-6100614844.173629,2756983856.166937,-2331640909.59995
11913,2456665.3553681127,-6100030166.238811,2757106844.59968,-2331653419.8855004
11914,2456665.6053857636,-6099441939.289578,2757224973.286535,-2331662649.943288
11915,2456665.855403533,-6098846358.313986,2757349908.6921034,-2331673664.9136505
11916,2456666.105420927,-6098256174.068004,2757485104.866255,-2331687944.8221974
11917,2456666.355438062,-6097675105.332427,2757618856.1841617,-2331700411.6432433
11918,2456666.6054554307,-6097090392.698322,2757747799.782322,-2331709628.874862
11919,2456666.855472911,-6096498450.360102,2757883660.6762304,-2331720686.745891
11920,2456667.1054900116,-6095912091.702971,2758029691.3102627,-2331734977.82566
11921,2456667.355506857,-6095334815.366581,2758174129.0832634,-2331747399.760923
11922,2456667.605523938,-6094753800.827746,2758313813.071437,-2331756603.725535
11923,2456667.8555411245,-6094165682.585886,2758460523.376678,-2331767703.5328894
11924,2456668.105557926,-6093583332.899281,2758617309.878797,-2331782003.8854156
11925,2456668.355574477,-6093010029.264335,2758772356.4827313,-2331794379.6139455
11926,2456668.6055912655,-6092432893.868671,2758922705.14034,-2331803569.9696107
11927,2456668.8556081527,-6091848782.542379,2759080187.5539584,-2331814710.8389254
11928,2456669.1056246506,-6091270622.635924,2759247650.1357284,-2331829018.672226
11929,2456669.355640902,-6090701469.559159,2759413226.7921,-2331841347.0020185
11930,2456669.605657393,-6090128392.046551,2759574163.224369,-2331850523.531502
11931,2456669.8556739762,-6089548468.213708,2759742339.2323494,-2331861704.702131
11932,2456670.105690166,-6088974676.701394,2759920396.9164767,-2331876018.3529415
11933,2456670.3557061134,-6088409849.9513855,2760096423.694266,-2331888298.241579
11934,2456670.6057223016,-6087841007.093495,2760267869.8293805,-2331897460.871457
11935,2456670.855738575,-6087265449.415032,2760446659.7014904,-2331908681.7146635
11936,2456671.105754452,-6086696203.027774,2760635230.3153167,-2331922999.666
11937,2456671.3557700906,-6086135876.588108,2760821626.1223345,-2331935230.237348
11938,2456671.6057859715,-6085571443.482982,2761003502.70058,-2331944379.053866
11939,2456671.855801931,-6085000428.990505,2761192825.478095,-2331955639.0882154
11940,2456672.10581749,-6084435902.859371,2761391825.639707,-2331969959.9844847
11941,2456672.3558328147,-6083880249.20906,2761588508.2054696,-2331982140.5431895
11942,2456672.605848384,-6083320399.558624,2761780734.7578363,-2331991275.806022
11943,2456672.8558640247,-6082754103.929517,2761980508.228187,-2332002574.7107863
11944,2456673.1058792607,-6082194471.860165,2762189853.3164887,-2332016897.3708396
11945,2456673.3558942676,-6081643662.247904,2762396739.1557703,-2332029027.4146266
11946,2456673.6059095203,-6081088568.631104,2762599233.9600134,-2332038149.5683293
11947,2456673.8559248378,-6080527166.460273,2762809374.6056547,-2332049487.1943865
11948,2456674.1059397464,-6079972601.204218,2763028978.701606,-2332063810.6218715
11949,2456674.3559544305,-6079426805.919122,2763245983.046397,-2332075889.8508816
11950,2456674.605969362,-6078876640.060449,2763458663.0490465,-2332084999.5331397
11951,2456674.855984351,-6078320305.12595,2763679085.960346,-2332096375.9105134
11952,2456675.105998928,-6077770978.643947,2763908861.75073,-2332110699.300642
11953,2456675.3560132855,-6077230367.27625,2764135898.4437814,-2332122727.623009
11954,2456675.606027891,-6076685300.302104,2764358679.1433725,-2332131825.668996
11955,2456675.856042547,-6076134205.81652,2764589297.8927946,-2332143241.0103884
11956,2456676.106056788,-6075590289.525633,2764829156.53589,-2332157563.7526684
11957,2456676.3560708137,-6075055031.20929,2765066137.8872204,-2332169541.286004
11958,2456676.6060850886,-6074515233.884755,2765298933.182003,-2332178628.7286744
11959,2456676.8560994077,-6073969552.725928,2765539659.664602,-2332190083.4290843
11960,2456677.1061133076,-6073431217.72549,2765789510.624147,-2332204405.1062407
11961,2456677.356126997,-6072901481.359684,2766036347.2379723,-2332216332.175441
11962,2456677.606140937,-6072367124.304795,2766279069.2461276,-2332225410.242336
11963,2456677.8561549145,-6071827029.227321,2766529813.4945836,-2332236904.8753853
11964,2456678.106168469,-6071294446.507511,2766789564.3500485,-2332251225.2592564
11965,2456678.356181818,-6070770400.963304,2767046164.929378,-2332263102.3915124
11966,2456678.606195419,-6070241654.857581,2767298723.7878056,-2332272172.4989314
11967,2456678.8562090495,-6069707318.69619,2767559393.7661285,-2332283707.8107796
11968,2456679.1062222547,-6069180659.342558,2767828950.000994,-2332298026.8559337
11969,2456679.356235259,-6068662473.6698675,2768095221.128704,-2332309854.7735467
11970,2456679.6062485157,-6068139509.461864,2768357524.7656283,-2332318918.5185623
11971,2456679.856261796,-6067611105.344535,2768628026.1328807,-2332330495.4195504
11972,2456680.1062746467,-6067090540.756894,2768907290.887833,-2332344813.2545323
11973,2456680.356287302,-6066578384.410189,2769183136.7661567,-2332356592.8650856
11974,2456680.6063002106,-6066061373.5494585,2769455090.6243014,-2332365652.0144577
11975,2456680.856313135,-6065539075.13604,2769735326.439618,-2332377271.5671954
11976,2456681.106325628,-6065024777.274932,2770024200.1961675,-2332391588.4814925
11977,2456681.356337929,-6064518820.367106,2770309522.3042784,-2332403320.8628163
11978,2456681.606350485,-6064007935.063383,2770591028.9684973,-2332412377.3356786
11979,2456681.8563630492,-6063491916.808441,2770880899.2855663,-2332424040.7355785
11980,2456682.1063751797,-6062984058.460448,2771179279.4230285,-2332438357.157613
11981,2456682.3563871235,-6062484472.02752,2771473976.03107,-2332450043.5322256
11982,2456682.606399322,-6061979885.509625,2771764934.694855,-2332459099.370302
11983,2456682.8564115223,-6061470322.910384,2772064335.9774866,-2332470807.9116225
11984,2456683.1064232853,-6060969077.920135,2772372116.1336503,-2332485124.370162
11985,2456683.3564348673,-6060476034.130234,2772676081.6038303,-2332496766.060809
11986,2456683.606446704,-6059977920.822432,2772976387.307824,-2332505823.3773737
11987,2456683.8564585354,-6059474990.5528965,2773285211.6050277,-2332517578.395578
11988,2456684.1064699274,-6058980533.905629,2773602280.786874,-2332531895.4550533
11989,2456684.356481143,-6058494206.078303,2773915404.619384,-2332543493.81195
11990,2456684.606492614,-6058002741.54276,2774224947.2350492,-2332552554.710441
11991,2456684.8565040724,-6057506621.3063755,2774543081.107841,-2332564357.492403
11992,2456685.1065150886,-6057019128.878472,2774869322.5681257,-2332578675.654765
11993,2456685.3565259334,-6056539691.119916,2775191488.2357383,-2332590231.9487453
11994,2456685.6065370343,-6056055051.562729,2775510151.2699056,-2332599298.4072804
11995,2456685.8565481156,-6055565919.457429,2775837474.581608,-2332611150.0681148
11996,2456686.1065587522,-6055085567.231668,2776172764.612363,-2332625469.6430697
11997,2456686.3565692226,-6054613193.492358,2776503848.3761015,-2332636984.930025
11998,2456686.6065799496,-6054135554.65753,2776831507.8314123,-2332646058.661322
11999,2456686.8565906496,-6053653587.904741,2777167892.6784763,-2332657960.00185
12000,2456687.1066009025,-6053180550.53821,2777512099.6378536,-2332672280.964063
12001,2456687.3566109943,-6052715413.026922,2777851969.695068,-2332683755.944016
12002,2456687.606621343,-6052244948.467399,2778188493.365504,-2332692838.2588143
12003,2456687.8566316576,-6051770321.557242,2778533803.546542,-2332704789.636172
12004,2456688.1066415235,-6051304770.423766,2778886787.523801,-2332719111.5057893
12005,2456688.3566512335,-6050847037.573537,2779235303.887106,-2332730546.4158564
12006,2456688.6066612,-6050383916.569886,2779580551.4658523,-2332739638.130988
12007,2456688.856671126,-6049916799.166105,2779934642.8292866,-2332751639.384315
12008,2456689.1066806014,-6049458900.284057,2780296256.235974,-2332765961.171989
12009,2456689.3566899262,-6049008734.739021,2780653271.5642934,-2332777355.7520485
12010,2456689.6066995077,-6048553120.379893,2781007095.7056665,-2332786457.1780715
12011,2456689.8567090416,-6048093675.528103,2781369817.4284077,-2332798507.6388535
12012,2456690.106718123,-6047643587.928486,2781739906.4726357,-2332812827.878334
12013,2456690.35672706,-6047201145.098306,2782105267.7137213,-2332824181.424712
12014,2456690.6067362535,-6046753193.041558,2782467515.8135905,-2332833292.4397926
12015,2456690.856745392,-6046301576.152814,2782838712.2870383,-2332845391.024702
12016,2456691.106754077,-6045859451.095811,2783217118.930065,-2332859707.8820767
12017,2456691.356762623,-6045424878.608073,2783590669.3113403,-2332871019.370062
12018,2456691.606771426,-6044984736.764799,2783961185.497743,-2332880139.5533185
12019,2456691.856780167,-6044541095.522603,2784340698.2867064,-2332892284.906199
12020,2456692.1067884536,-6044107076.614929,2784727262.1407137,-2332906596.3274283
12021,2456692.3567966064,-6043680514.62491,2785108842.9793315,-2332917864.5608664
12022,2456692.6068050163,-6043248323.639422,2785487469.8135753,-2332926993.3415737
12023,2456692.8568133577,-6042812798.626916,2785875139.232588,-2332939183.98065
12024,2456693.106821243,-6042387022.573031,2786269699.000014,-2332953487.8346086
12025,2456693.3568290006,-6041968604.61409,2786659150.996692,-2332964711.582318
12026,2456693.606837015,-6041544498.788273,2787045730.6185513,-2332973848.36836
12027,2456693.8568449547,-6041117224.463855,2787441396.729882,-2332986082.8063297
12028,2456694.1068524374,-6040699822.072858,2787843791.0577245,-2333000376.995843
12029,2456694.3568597976,-6040289676.075389,2788240955.012877,-2333011555.0925827
12030,2456694.606867415,-6039873784.381962,2788635329.7273626,-2333020699.361134
12031,2456694.8568749507,-6039454890.0729065,2789038832.809551,-2333032976.186214
12032,2456695.1068820283,-6039045987.221926,2789448900.650764,-2333047258.719853
12033,2456695.35688899,-6038644236.437293,2789853617.7295494,-2333058390.1288033
12034,2456695.6068962086,-6038236683.396233,2790255630.1877794,-2333067541.4799757
12035,2456695.8569033383,-6037826294.122882,2790666810.845241,-2333079859.4018598
12036,2456696.10691001,-6037426012.527429,2791084391.508256,-2333094128.4330125
12037,2456696.356916571,-6037032776.24289,2791496503.2396603,-2333105212.2782383
12038,2456696.606923389,-6036633682.579878,2791905996.39776,-2333114370.4616623
12039,2456696.8569301115,-6036231919.659223,2792324695.4896717,-2333126728.3333945
12040,2456697.1069363747,-6035840377.425178,2792749628.545055,-2333140982.178112
12041,2456697.356942534,-6035455771.467024,2793168976.7124133,-2333152017.7586856
12042,2456697.6069489494,-6035065254.570073,2793585793.712365,-2333161182.6845512
12043,2456697.8569552633,-6034672236.029976,2794011852.230168,-2333173579.5114136
12044,2456698.1069611176,-6034289548.030717,2794443977.388873,-2333187816.655677
12045,2456698.356966873,-6033913685.108263,2794870403.9113503,-2333198803.4514008
12046,2456698.606972885,-6033531859.341749,2795294387.968706,-2333207975.195079
12047,2456698.8569787885,-6033147700.209507,2795727646.933153,-2333220410.1388354
12048,2456699.106984232,-6032773978.35419,2796166803.9541335,-2333234629.2426543
12049,2456699.356989583,-6032406968.311515,2796600150.8046026,-2333245566.9178977
12050,2456699.60699519,-6032033945.253911,2797031145.137261,-2333254745.723794
12051,2456699.8570006816,-6031658757.783766,2797471445.539115,-2333267218.107098
12052,2456700.1070057135,-6031294111.239031,2797917474.181036,-2333281418.009443
12053,2456700.357010659,-6030936061.273342,2798357583.34695,-2333292306.418321
12054,2456700.607015859,-6030571949.933825,2798795431.1444063,-2333301492.7054763
12055,2456700.857020938,-6030205843.824487,2799242613.9216704,-2333314002.018221
12056,2456701.1070255567,-6029850379.235929,2799695353.92628,-2333328181.743985
12057,2456701.357030095,-6029501394.124394,2800142067.396414,-2333339020.9375143
12058,2456701.6070348877,-6029146301.175287,2800586611.808246,-2333348215.3070006
12059,2456701.857039552,-6028789383.809335,2801040517.8355656,-2333360761.2142463
12060,2456702.107043757,-6028443205.549787,2801499808.9157524,-2333374919.9824276
12061,2456702.3570478875,-6028103387.906862,2801952968.6637897,-2333385710.2164435
12062,2456702.6070522713,-6027757417.948975,2802404052.777171,-2333394913.4590664
12063,2456702.857056521,-6027409794.66658,2802864522.83641,-2333407495.808754
12064,2456703.107060311,-6027073005.118994,2803330204.6375914,-2333421633.039802
12065,2456703.357064032,-6026742455.687414,2803789652.5716047,-2333432374.781407
12066,2456703.6070680064,-6026405711.547407,2804247119.34758,-2333441587.883319
12067,2456703.8570718393,-6026067485.949433,2804713994.050379,-2333454206.7112556
12068,2456704.1070752135,-6025740185.815652,2805185906.05778,-2333468322.031079
12069,2456704.357078525,-6025419003.779342,2805651483.910046,-2333479015.961137
12070,2456704.6070820885,-6025091586.824241,2806115176.0551996,-2333488240.104877
12071,2456704.857085504,-6024762861.087342,2806588295.696805,-2333500895.6346326
12072,2456705.1070884615,-6024445149.70347,2807066277.0705066,-2333514988.8729925
12073,2456705.357091362,-6024133433.001228,2807537826.2123528,-2333525635.8824735
12074,2456705.607094514,-6023815443.447906,2808007585.9736505,-2333534872.4414773
12075,2456705.8570975116,-6023496318.628887,2808486790.308653,-2333547565.0774097
12076,2456706.107100052,-6023188294.264209,2808970679.6398625,-2333561636.2591176
12077,2456706.357102541,-6022886139.881472,2809448040.817747,-2333572237.4379954
12078,2456706.60710528,-6022577677.079077,2809923709.6990786,-2333581487.963416
12079,2456706.8571078586,-6022268253.387367,2810408837.6396503,-2333594218.275874
12080,2456707.10710998,-6021970013.5070305,2810898472.630706,-2333608267.604104
12081,2456707.357112057,-6021677517.727566,2811381485.6273403,-2333618824.222276
12082,2456707.6071143826,-6021378680.396427,2811862904.0323524,-2333628090.4217505
12083,2456707.8571165414,-6021079057.420004,2812353793.274053,-2333640859.12417
12084,2456708.107118244,-6020790698.898515,2812849010.3469195,-2333654886.955652
12085,2456708.3571199076,-6020507957.504531,2813337513.571485,-2333665400.4356647
12086,2456708.607121819,-6020218843.921303,2813824520.3757896,-2333674684.143766
12087,2456708.8571235575,-6019929120.796803,2814321006.952294,-2333687492.061346
12088,2456709.1071248404,-6019650740.073485,2814821640.784842,-2333701498.8729377
12089,2456709.35712609,-6019377848.485119,2815315470.789219,-2333711970.7538543
12090,2456709.6071275864,-6019098556.604242,2815807902.836131,-2333721273.8933663
12091,2456709.8571289033,-6018818832.119596,2816309820.5943427,-2333734121.9221287
12092,2456710.107129766,-6018550525.281766,2816815703.573253,-2333748108.267327
12093,2456710.357130602,-6018287578.6183,2817314694.4806075,-2333758540.157959
12094,2456710.6071316823,-6018018206.107725,2817812385.984624,-2333767864.689763
12095,2456710.857132577,-6017748578.709779,2818319565.96283,-2333780753.743424
12096,2456711.107133019,-6017490441.469811,2818830527.53504,-2333794720.1958857
12097,2456711.3571334397,-6017237534.491601,2819334510.3629184,-2333805113.7141824
12098,2456711.607134104,-6016978178.633696,2819837292.2046456,-2333814461.5723786
12099,2456711.857134576,-6016718746.283278,2820349561.9005003,-2333827392.5135164
12100,2456712.1071345964,-6016470873.782988,2820865427.814686,-2333841339.593992
12101,2456712.357134602,-6016228100.638193,2821374229.690875,-2333851696.289123
12102,2456712.6071348493,-6015978858.011021,2821881928.610626,-2333861069.2982354
12103,2456712.857134898,-6015729717.79217,2822399111.1574187,-2333874042.851072
12104,2456713.1071344973,-6015492204.133783,2822919702.6276693,-2333887970.93584
12105,2456713.3571340875,-6015259657.803468,2823433145.9471135,-2333898292.192058
12106,2456713.607133917,-6015020623.632168,2823945583.704009,-2333907691.966737
12107,2456713.8571335427,-6014781871.004282,2824467497.0428495,-2333920708.613563
12108,2456714.10713272,-6014554808.399278,2824992629.9448957,-2333934617.82821
12109,2456714.3571318937,-6014332579.738514,2825510531.602129,-2333944904.756562
12110,2456714.607131306,-6014103846.825597,2826027524.257992,-2333954332.5923276
12111,2456714.857130508,-6013875574.443544,2826553980.4900227,-2333967392.4647813
12112,2456715.107129263,-6013659051.926092,2827083464.7979264,-2333981282.577379
12113,2456715.357128022,-6013447228.275368,2827605635.7245603,-2333991535.912174
12114,2456715.6071270164,-6013228885.517373,2828126993.300162,-2334000992.687012
12115,2456715.857125795,-6013011181.665416,2828657798.479472,-2334014095.474813
12116,2456716.107124129,-6012805283.459234,2829191438.210428,-2334027965.8135333
12117,2456716.357122472,-6012603946.9616,2829717683.484741,-2334038185.8405833
12118,2456716.6071210494,-6012396077.636281,2830243210.2462115,-2334047671.9558992
12119,2456716.8571194047,-6012189024.50928,2830778164.8524795,-2334060816.862358
12120,2456717.1071173176,-6011993828.329233,2831315758.7297635,-2334074666.286674
12121,2456717.3571152464,-6011803054.278194,2831845878.4295177,-2334084852.8312764
12122,2456717.607113407,-6011605734.464994,2832375373.9276476,-2334094368.2180257
12123,2456717.85711134,-6011409406.689077,2832914274.0841827,-2334107553.985031
12124,2456718.1071088333,-6011224982.388442,2833455616.920162,-2334121380.9291263
12125,2456718.3571063476,-6011044838.02451,2833989407.6521435,-2334131533.4173203
12126,2456718.607104093,-6010858135.56986,2834522668.3774447,-2334141077.614886
12127,2456718.857101605,-6010672599.353562,2835065307.6078596,-2334154302.618515
12128,2456719.107098679,-6010499008.274079,2835610192.134631,-2334168105.201538
12129,2456719.3570957812,-6010329552.34052,2836147448.9095793,-2334178222.782596
12130,2456719.607093112,-6010153526.620581,2836684270.182559,-2334187795.0718083
12131,2456719.857090204,-6009978839.722621,2837230441.2882314,-2334201057.4640684
12132,2456720.1070868615,-6009816134.860994,2837778659.9940405,-2334214833.6375604
12133,2456720.3570835525,-6009657417.956676,2838319177.995694,-2334224915.333988
12134,2456720.6070804703,-6009492120.400279,2838859355.646377,-2334234514.887692
12135,2456720.8570771446,-6009328332.804935,2839408852.2779317,-2334247812.7459044
12136,2456721.1070733867,-6009176559.620964,2839960198.854565,-2334261560.439503
12137,2456721.357069669,-6009028625.118585,2840503774.750712,-2334271605.28657
12138,2456721.6070661754,-6008874100.212016,2841047106.2864656,-2334281231.3016725
12139,2456721.857062433,-6008721255.198609,2841599723.965483,-2334294562.7523375
12140,2456722.107058262,-6008580452.728572,2842153994.18315,-2334308279.988251
12141,2456722.3570541367,-6008443337.9109,2842700426.8560295,-2334318287.1378517
12142,2456722.6070502345,-6008299624.3373575,2843246712.0540047,-2334327938.9283514
12143,2456722.857046078,-6008157759.607036,2843802248.6364365,-2334341302.229768
12144,2456723.1070414954,-6008027961.564483,2844359240.6874046,-2334354987.1949987
12145,2456723.3570369654,-6007901698.686566,2844908331.4678426,-2334364955.9773154
12146,2456723.6070326557,-6007768830.339309,2845457372.512195,-2334374633.026054
12147,2456723.857028087,-6007637978.972541,2846015628.2418365,-2334388026.611224
12148,2456724.1070230957,-6007519214.645982,2846575142.7217226,-2334401677.6922097
12149,2456724.357018163,-6007403831.769149,2847126695.3093605,-2334411607.642535
12150,2456724.6070134486,-6007281838.51948,2847678296.662654,-2334421309.621186
12151,2456724.8570084698,-6007162029.678977,2848239074.0052547,-2334434732.112143
12152,2456725.1070030713,-6007054324.572014,2848800913.71887,-2334448347.9040823
12153,2456725.3569977386,-6006949846.14288,2849354733.967887,-2334458238.767641
12154,2456725.606992621,-6006838754.360557,2849908702.1453247,-2334467965.537998
12155,2456725.8569872347,-6006730013.757766,2850471805.5589986,-2334481415.7445545
12156,2456726.1069814325,-6006633390.006979,2851035775.2921934,-2334494995.0480776
12157,2456726.356975701,-6006539837.230854,2851591670.988649,-2334504846.7749524
12158,2456726.6069701836,-6006439670.116996,2852147814.345598,-2334514598.382817
12159,2456726.8569643917,-6006342020.310271,2852713050.0826497,-2334528075.296209
12160,2456727.1069581877,-6006256496.9546385,2853278956.4201045,-2334541617.1109514
12161,2456727.356952061,-6006173888.040292,2853836737.116475,-2334551429.849622
12162,2456727.606946145,-6006084665.851407,2854394865.7016172,-2334561206.518929
12163,2456727.8569399505,-6005998126.454735,2854962041.681571,-2334574709.306998
12164,2456728.106933348,-6005923719.634225,2855529692.898781,-2334588212.8277135
12165,2456728.356926828,-6005852069.9855585,2856089169.8236384,-2334597986.922012
12166,2456728.6069205166,-6005773810.221304,2856649095.306126,-2334607789.053019
12167,2456728.856913922,-6005698398.092498,2857218021.0597563,-2334621317.059917
12168,2456729.106906922,-6005635121.240657,2857787227.081604,-2334634781.6774235
12169,2456729.356900012,-6005574443.655853,2858348213.1099415,-2334644517.668444
12170,2456729.6068933075,-6005507161.266441,2858909748.75996,-2334654345.840807
12171,2456729.856886315,-6005442890.72572,2859480235.418488,-2334667898.5914454
12172,2456730.106878922,-6005390754.80222,2860050807.813726,-2334681323.8979836
12173,2456730.356871624,-6005341059.720925,2860613117.4631205,-2334691022.5299134
12174,2456730.606864529,-6005284767.369272,2861176078.1475635,-2334700877.5091915
12175,2456730.8568571415,-6005231650.478045,2861747938.435632,-2334714454.7164426
12176,2456731.106849357,-6005190664.265298,2862319690.403253,-2334727840.512981
12177,2456731.356841674,-6005151960.082241,2862883139.8097997,-2334737502.740029
12178,2456731.606834192,-6005106668.47348,2863447341.9554524,-2334747385.484347
12179,2456731.8568264116,-6005064715.37996,2864020390.139187,-2334760987.0554233
12180,2456732.106818239,-6005034885.84447,2864593136.4376154,-2334774333.357054
12181,2456732.356810174,-6005007179.284264,2865157543.262631,-2334783960.347317
12182,2456732.606802306,-6004972897.551418,2865722804.738421,-2334793872.009825
12183,2456732.856794136,-6004942116.88581,2866296856.481429,-2334807498.0472775
12184,2456733.1067855787,-6004923449.581229,2866870413.255251,-2334820805.082055
12185,2456733.3567771334,-6004906746.10562,2867435596.4799986,-2334830398.213633
12186,2456733.6067688833,-6004883482.217264,2868001736.3587646,-2334840340.136055
12187,2456733.856760327,-6004863881.497441,2868576608.4503164,-2334853990.9288025
12188,2456734.1067513865,-6004856380.96554,2869150792.9231215,-2334867259.1255703
12189,2456734.3567425646,-6004850685.165276,2869716572.505042,-2334876819.9706845
12190,2456734.606733935,-6004838446.303811,2870283410.6837153,-2334886793.663993
12191,2456734.8567249943,-6004830032.29719,2870858920.623805,-2334900469.6647553
12192,2456735.106715674,-6004833702.41046,2871433550.648027,-2334913699.6267715
12193,2456735.3567064786,-6004839018.3240795,2871999747.0356755,-2334923229.9211206
12194,2456735.6066974713,-6004837811.176468,2872567103.7175364,-2334933237.0310807
12195,2456735.8566881493,-6004840590.1603,2873143069.168921,-2334946938.8184695
12196,2456736.106678453,-6004855434.349432,2873717962.6489415,-2334960131.2816052
12197,2456736.356668886,-6004871765.654171,2874284396.1779437,-2334969632.87838
12198,2456736.6066595046,-6004881596.56299,2874852091.244834,-2334979675.1358886
12199,2456736.856649804,-6004895574.434147,2875428329.3849173,-2334993403.3616014
12200,2456737.106639733,-6004921595.755277,2876003303.610791,-2335006559.1381407
12201,2456737.356629798,-6004948945.789184,2876569793.821816,-2335016033.9481673
12202,2456737.606620045,-6004969820.7274475,2877137646.1402926,-2335026113.106336
12203,2456737.856609969,-6004995002.929679,2877713972.9591455,-2335039868.4297957
12204,2456738.1065995274,-6005032203.943844,2878288843.898722,-2335052988.3404627
12205,2456738.3565892265,-6005070575.535754,2878855208.8261843,-2335062438.261422
12206,2456738.606579105,-6005102499.886077,2879423035.536568,-2335072556.022518
12207,2456738.856568656,-6005138891.138757,2879999265.129842,-2335086339.0361695
12208,2456739.1065578465,-6005187273.590473,2880573846.727562,-2335099423.833705
12209,2456739.3565471834,-6005236668.687065,2881139902.206491,-2335108850.6717887
12210,2456739.606536696,-6005279646.816007,2881707518.041614,-2335119008.6074557
12211,2456739.856525877,-6005327250.636237,2882283461.9446797,-2335132819.7561584
12212,2456740.106514703,-6005386814.923497,2882857565.4731827,-2335145870.0438447
12213,2456740.3565036803,-6005447234.005615,2883423124.5109706,-2335155275.4313207
12214,2456740.60649283,-6005501268.625094,2883990341.1924734,-2335165474.8996725
12215,2456740.856481645,-6005560086.634556,2884565807.805648,-2335179314.397876
12216,2456741.106470109,-6005630831.061264,2885139241.3231525,-2335192330.5469465
12217,2456741.35645873,-6005702272.340612,2885704113.593135,-2335201715.859884
12218,2456741.60644752,-6005767363.648128,2886270739.36734,-2335211957.9241533
12219,2456741.8564359713,-6005837394.658084,2886845533.540258,-2335225825.676175
12220,2456742.1064240774,-6005919314.465262,2887418101.52864,-2335238807.7480345
12221,2456742.356412346,-6006001772.862336,2887982093.067863,-2335248174.03093
12222,2456742.6064007794,-6006077917.467225,2888547932.471239,-2335258459.387371
12223,2456742.8563888706,-6006159156.357341,2889121855.344119,-2335272354.919448
12224,2456743.1063766223,-6006252242.559548,2889693358.632562,-2335285302.602452
12225,2456743.3563645417,-6006345708.50224,2890256271.8548026,-2335294650.510506
12226,2456743.606352622,-6006432898.192842,2890821125.824839,-2335304979.4373817
12227,2456743.8563403576,-6006525334.656361,2891393975.0448217,-2335318901.854349
12228,2456744.106327758,-6006629572.775265,2891964211.1369753,-2335331814.428761
12229,2456744.356315332,-6006734030.931046,2892525845.275482,-2335341144.2020497
12230,2456744.6063030637,-6006832251.417564,2893089511.7139745,-2335351516.5443144
12231,2456744.856290447,-6006935868.729558,2893661082.1219854,-2335365464.5255804
12232,2456745.1062775007,-6007051237.60279,2894229846.006134,-2335378340.871087
12233,2456745.3562647332,-6007166665.74255,2894789998.0449376,-2335387652.3541393
12234,2456745.6062521203,-6007275895.59081,2895352272.8674064,-2335398067.555955
12235,2456745.8562391554,-6007390669.628287,2895922357.660109,-2335412039.4012237
12236,2456746.1062258673,-6007517140.531456,2896489443.0740666,-2335424878.0552278
12237,2456746.3562127627,-6007643508.766185,2897047909.104065,-2335434170.7674584
12238,2456746.6061998094,-6007763718.760793,2897608587.674537,-2335444627.9548855
12239,2456746.856186501,-6007889617.503887,2898176979.902874,-2335458621.6784754
12240,2456747.106172875,-6008027153.798357,2898742180.8783474,-2335471420.940314
12241,2456747.3561594384,-6008164424.378038,2899298757.668687,-2335480694.1887217
12242,2456747.6061461493,-6008295577.4746275,2899857636.379753,-2335491192.290127
12243,2456747.856132502,-6008432561.112843,2900424130.5186496,-2335505205.747743
12244,2456748.1061185435,-6008581118.50328,2900987242.9205904,-2335517963.809523
12245,2456748.3561047795,-6008729246.218547,2901541729.4089003,-2335527216.8214846
12246,2456748.6060911594,-6008871298.080107,2902098607.106549,-2335537754.701089
12247,2456748.8560771784,-6009019319.673119,2902663000.3994513,-2335551785.722797
12248,2456749.1060628924,-6009178846.979992,2903223823.176219,-2335564500.799605
12249,2456749.3560488056,-6009337780.03047,2903776021.6130614,-2335573732.8483434
12250,2456749.6060348595,-6009490679.974959,2904330700.6280637,-2335584309.4260807
12251,2456749.8560205502,-6009649686.46387,2904892794.000111,-2335598355.929781
12252,2456750.1060059415,-6009820126.682152,2905451129.9744854,-2335611026.3653507
12253,2456750.3559915377,-6009989807.765049,2906000846.5913825,-2335620236.866668
12254,2456750.6059772708,-6010153499.867572,2906553133.287314,-2335630851.2057986
12255,2456750.855962638,-6010323433.17701,2907112731.77775,-2335644911.27577
12256,2456751.105947712,-6010504724.565255,2907668387.968629,-2335657535.611496
12257,2456751.355932996,-6010685091.938454,2908215433.196139,-2335666724.1830273
12258,2456751.605918413,-6010859516.057735,2908765138.0933867,-2335677375.5401964
12259,2456751.855903462,-6011040314.078315,2909322050.89541,-2335691447.4686027
12260,2456752.1058882247,-6011232391.090902,2909874838.4824624,-2335704024.476758
12261,2456752.3558732015,-6011423379.4489765,2910419026.84937,-2335713190.963239
12262,2456752.6058583083,-6011608472.043266,2910965964.4701767,-2335723878.8067565
12263,2456752.8558430444,-6011800069.386642,2911520004.732198,-2335737961.1058903
12264,2456753.1058275006,-6012002863.367966,2912069738.821827,-2335750489.7962666
12265,2456753.355812176,-6012204404.4751425,2912610888.6943564,-2335759634.2711716
12266,2456753.6057969774,-6012400099.175308,2913154877.2845817,-2335770358.2787013
12267,2456753.8557814057,-6012602427.691087,2913705861.822454,-2335784449.675571
12268,2456754.1057655606,-6012815867.340066,2914252361.1560807,-2335796929.287329
12269,2456754.3557499405,-6013027890.445123,2914790294.4477286,-2335806052.0425262
12270,2456754.6057344414,-6013234118.423819,2915331155.6942782,-2335816812.0894723
12271,2456754.855718568,-6013447107.528753,2915878904.7209,-2335830911.5135694
12272,2456755.105702427,-6013671119.193199,2916421991.419173,-2335843341.5025244
12273,2456755.355686516,-6013893551.292799,2916956533.3517475,-2335852443.035401
12274,2456755.605670722,-6014110241.501279,2917494092.1634684,-2335863239.182626
12275,2456755.855654552,-6014333818.395429,2918038429.091281,-2335877345.754639
12276,2456756.1056381213,-6014568326.272693,2918577928.477858,-2335889725.7828526
12277,2456756.355621924,-6014801092.300028,2919108907.4263973,-2335898806.786918
12278,2456756.605605841,-6015028171.648775,2919642991.8007827,-2335909639.2729154
12279,2456756.8555893796,-6015262261.493365,2920183743.1298404,-2335923752.298663
12280,2456757.105572664,-6015507187.809738,2920719483.638646,-2335936082.229814
12281,2456757.355556187,-6015750210.81804,2921246731.055838,-2335945143.591469
12282,2456757.60553982,-6015987604.367403,2921777172.019681,-2335956012.830924
12283,2456757.855523072,-6016232130.486825,2922314167.292609,-2335970131.8017554
12284,2456758.1055060774,-6016487395.714053,2922845980.433438,-2335982411.7028294
12285,2456758.3554893257,-6016740597.108967,2923369330.822638,-2335991454.5041475
12286,2456758.6054726797,-6016988228.319217,2923895962.4103246,-2336002361.0921245
12287,2456758.8554556514,-6017243112.471662,2924429034.1928105,-2336016485.6903358
12288,2456759.1054383833,-6017508635.619866,2924956754.529345,-2336028715.8376036
12289,2456759.355421362,-6017771935.47451,2925476045.415962,-2336037741.36254
12290,2456759.605404442,-6018029726.54325,2925998704.6312637,-2336048686.0810766
12291,2456759.855387139,-6018294889.281675,2926527688.4604173,-2336062816.1866364
12292,2456760.1053696023,-6018570588.283741,2927051153.5399065,-2336074997.071626
12293,2456760.355352317,-6018843905.744443,2927566225.377844,-2336084006.81082
12294,2456760.605335129,-6019111778.031927,2928084752.073818,-2336094990.632649
12295,2456760.855317556,-6019387139.1479845,2928609486.307624,-2336109126.325439
12296,2456761.1052997564,-6019672931.319762,2929128536.474818,-2336121258.65476
12297,2456761.355282212,-6019956185.078183,2929639232.420665,-2336130254.3023906
12298,2456761.6052647615,-6020234059.587165,2930153469.0315166,-2336141278.3849125
12299,2456761.855246924,-6020519538.595535,2930673794.5354333,-2336155419.935457
12300,2456762.105228867,-6020815341.119965,2931188272.5700984,-2336167504.61725
12301,2456762.3552110693,-6021108449.890316,2931694438.0690947,-2336176488.052725
12302,2456762.6051933607,-6021396247.730236,2932204229.1440406,-2336187553.7151265
12303,2456762.855175264,-6021691764.31461,2932719988.7720037,-2336201701.5568457
12304,2456763.105156955,-6021997494.662986,2933229739.3160067,-2336213739.6673074
12305,2456763.3551389086,-6022300377.570684,2933731221.4758506,-2336222712.9157343
12306,2456763.6051209476,-6022598020.306627,2934236413.002162,-2336233821.5937934
12307,2456763.8551025973,-6022903494.623119,2934747450.8716993,-2336247976.272207
12308,2456764.1050840407,-6023219070.806631,2935252319.658788,-2336259968.998639
12309,2456764.355065752,-6023531647.580531,2935748966.4382477,-2336268934.1675944
12310,2456764.6050475435,-6023839057.359904,2936249404.9950786,-2336280087.3449287
12311,2456764.855028944,-6024154410.094133,2936755565.6127567,-2336294249.4438868
12312,2456765.1050101463,-6024479750.647143,2937255398.571534,-2336306198.0057364
12313,2456765.3549916195,-6024801941.524191,2937747057.8682647,-2336315157.201312
12314,2456765.6049731686,-6025119040.899799,2938242589.70837,-2336326356.3214564
12315,2456765.854954326,-6025444193.007803,2938743717.0540023,-2336340526.3721714
12316,2456766.1049352917,-6025779216.646203,2939238359.4021535,-2336352431.9271708
12317,2456766.3549165325,-6026110941.946521,2939724878.165498,-2336361387.1577067
12318,2456766.604897844,-6026437653.369717,2940215348.3562155,-2336372633.526695
12319,2456766.8548787637,-6026772525.492891,2940711285.06028,-2336386811.910101
12320,2456767.1048594983,-6027117150.4544115,2941200580.525155,-2336398675.456851
12321,2456767.3548405115,-6027458329.850168,2941681804.0271463,-2336407628.536343
12322,2456767.604821591,-6027794574.873266,2942167055.7795143,-2336418923.227991
12323,2456767.854802278,-6028139086.481185,2942657642.516404,-2336433110.082884
12324,2456768.1047827867,-6028493229.615018,2943141432.796394,-2336444932.372214
12325,2456768.3547635777,-6028843781.172294,2943617204.1654043,-2336453884.835357
12326,2456768.604744431,-6029189479.449306,2944097078.444792,-2336465228.610883
12327,2456768.85472489,-6029543547.807426,2944582153.6232433,-2336479423.758726
12328,2456769.104705179,-6029907123.516016,2945060278.15885,-2336491205.223916
12329,2456769.3546857536,-6030266962.616357,2945530438.2325087,-2336500158.262087
12330,2456769.604666386,-6030622030.810878,2946004773.695173,-2336511551.5124407
12331,2456769.854646623,-6030985569.882406,2946484173.4788294,-2336525754.4063706
12332,2456770.1046266975,-6031358489.023646,2946956469.5558114,-2336537495.11881
12333,2456770.3546070606,-6031727527.27151,2947420857.0659223,-2336546449.542637
12334,2456770.604587477,-6032091877.975082,2947889490.3259506,-2336557892.258456
12335,2456770.854567499,-6032464797.357041,2948363048.981234,-2336572101.9606566
12336,2456771.1045473646,-6032846966.20362,2948829352.15686,-2336583801.6144514
12337,2456771.3545275223,-6033225110.413088,2949287804.2323575,-2336592757.8459063
12338,2456771.6045077294,-6033598651.164634,2949750570.440623,-2336604249.6175365
12339,2456771.8544875407,-6033980855.146425,2950218120.989809,-2336618464.807091
12340,2456772.104467204,-6034372174.488829,2950678265.8167415,-2336630122.7343597
12341,2456772.3544471627,-6034759325.835369,2951130618.7756543,-2336639080.8297086
12342,2456772.604427166,-6035141958.326919,2951587352.477978,-2336650620.8782682
12343,2456772.854406773,-6035533345.156659,2952048727.6203885,-2336664839.8901463
12344,2456773.1043862402,-6035933709.635713,2952502548.6259933,-2336676455.1073256
12345,2456773.3543660054,-6036329763.059074,2952948639.0082455,-2336685414.810753
12346,2456773.604345811,-6036721382.614272,2953399175.227644,-2336697002.0495024
12347,2456773.8543252214,-6037121844.059137,2953854208.4656143,-2336711222.943247
12348,2456774.1043044985,-6037531141.812762,2954301541.314081,-2336722794.226135
12349,2456774.354284077,-6037935985.753146,2954741207.0725703,-2336731755.050882
12350,2456774.6042636917,-6038336481.156462,2955185382.522338,-2336743388.172606
12351,2456774.8542429106,-6038745902.428771,2955633909.3876877,-2336757608.8252916
12352,2456775.104222005,-6039164015.116744,2956074592.10989,-2336769134.806231
12353,2456775.354201403,-6039577531.637901,2956507673.8342323,-2336778096.1353207
12354,2456775.604180833,-6039986785.355688,2956945328.1266966,-2336789773.716428
12355,2456775.854159868,-6040405045.43148,2957387187.364662,-2336803991.9292793
12356,2456776.1041387855,-6040831848.648713,2957821061.506516,-2336815471.2047644
12357,2456776.3541180105,-6041253913.940684,2958247403.5263057,-2336824432.3984876
12358,2456776.6040972625,-6041671802.707965,2958678380.2230463,-2336836153.006085
12359,2456776.85407612,-6042098774.992542,2959113414.7811365,-2336850366.610318
12360,2456777.1040548678,-6042534139.005849,2959540326.322662,-2336861797.8440013
12361,2456777.354033926,-6042964624.183273,2959959777.550487,-2336870758.339132
12362,2456777.6040130067,-6043391019.854454,2960383924.9251328,-2336882520.6261263
12363,2456777.853991694,-6043826573.076862,2960811982.6317677,-2336896727.573352
12364,2456778.103970279,-6044270363.753139,2961231782.578004,-2336908109.58065
12365,2456778.353949177,-6044709135.805858,2961644197.011522,-2336917068.9684916
12366,2456778.603928094,-6045143906.317591,2962061368.464255,-2336928871.74515
12367,2456778.853906617,-6045587905.497175,2962482302.3571005,-2336943070.17227
12368,2456779.103885046,-6046039985.2643175,2962894846.9819126,-2336954401.9779873
12369,2456779.3538637916,-6046486908.002827,2963300083.867002,-2336963360.0545764
12370,2456779.6038425504,-6046929918.296256,2963710138.012909,-2336975202.331684
12371,2456779.853820917,-6047382225.635852,2964123806.3579636,-2336989390.5972934
12372,2456780.103799198,-6047842454.340979,2964528957.158943,-2337000671.4651585
12373,2456780.3537777965,-6048297389.213593,2964926880.887194,-2337009628.254162
12374,2456780.603756405,-6048748502.006606,2965329681.4045157,-2337021509.2600923
12375,2456780.853734622,-6049208977.61834,2965735947.5021396,-2337035685.956166
12376,2456781.10371276,-6049677213.205173,2966133570.970419,-2337046915.39529
12377,2456781.3536912194,-6050140019.924954,2966524050.819905,-2337055871.149832
12378,2456781.603669684,-6050599096.288918,2966919466.1696267,-2337067790.3285937
12379,2456781.853647758,-6051067598.722704,2967318198.0592303,-2337081954.2752814
12380,2456782.103625761,-6051543697.713242,2967708165.3741755,-2337093132.031917
12381,2456782.3536040876,-6052014234.693975,2968091075.1997466,-2337102087.2239017
12382,2456782.603582415,-6052481134.4468155,2968478978.317529,-2337114044.2229185
12383,2456782.853560352,-6052957521.044859,2968870048.4754276,-2337128194.455169
12384,2456783.1035382273,-6053441338.858745,2969252235.211117,-2337139320.4982967
12385,2456783.353516428,-6053919463.5017185,2969627453.162817,-2337148275.803482
12386,2456783.6034946246,-6054394045.466283,2970007721.1931314,-2337160270.4589205
12387,2456783.8534724326,-6054878172.598333,2970391006.28434,-2337174406.212322
12388,2456784.103450186,-6055369563.768958,2970765292.179392,-2337185480.7198625
12389,2456784.3534282674,-6055855132.662932,2971132700.491489,-2337194437.004859
12390,2456784.60340634,-6056337254.855165,2971505214.597435,-2337206469.330063
12391,2456784.8533840254,-6056828978.100153,2971880595.3061104,-2337220590.0307155
12392,2456785.1033616643,-6057327796.453493,2972246864.11326,-2337231613.3805847
12393,2456785.3533396325,-6057820665.553474,2972606348.9722257,-2337240571.6953297
12394,2456785.6033175876,-6058310185.365012,2972970994.221648,-2337252641.875165
12395,2456785.8532951577,-6058809359.702016,2973338355.1534953,-2337266747.1357746
12396,2456786.103272688,-6059315458.55909,2973696494.5551867,-2337277719.9032826
12397,2456786.3532505496,-6059815483.402179,2974047946.0261884,-2337286681.479813
12398,2456786.6032283944,-6060312257.832573,2974404611.327282,-2337298789.871165
12399,2456786.853205855,-6060818737.893052,2974763840.9509497,-2337312879.4929376
12400,2456787.1031832835,-6061331970.344069,2975113742.501997,-2337323802.4534383
12401,2456787.353161046,-6061839006.346204,2975457054.4691825,-2337332768.7092566
12402,2456787.6031387863,-6062342892.323906,2975805632.505342,-2337344915.8452687
12403,2456787.8531161435,-6062856532.739036,2976156623.0772233,-2337358989.822566
12404,2456788.1030934774,-6063376752.017302,2976498182.1137958,-2337369863.9556623
12405,2456788.353071146,-6063890654.872458,2976833252.168769,-2337378836.497269
12406,2456788.6030487884,-6064401509.678899,2977173639.2624836,-2337391023.090284
12407,2456788.8530260497,-6064922165.528361,2977516286.66057,-2337405081.612269
12408,2456789.1030032947,-6065449225.481422,2977849402.0976663,-2337415908.1011586
12409,2456789.3529808763,-6065969851.651188,2978176131.295467,-2337424888.7207212
12410,2456789.6029584273,-6066487533.4253845,2978508227.1185856,-2337437115.6562066
12411,2456789.852935598,-6067015060.753589,2978842430.501794,-2337451159.097265
12412,2456790.1029127613,-6067548816.365439,2979167004.436008,-2337461939.3145113
12413,2456790.3528902624,-6068076023.599815,2979485296.8373246,-2337470929.9705353
12414,2456790.602867727,-6068600391.850907,2979809003.8901124,-2337483198.282621
12415,2456790.852844815,-6069134648.164364,2980134665.111172,-2337497227.172043
12416,2456791.102821902,-6069674956.028647,2980450602.1646266,-2337507962.642303
12417,2456791.352799328,-6070208603.804546,2980760364.110353,-2337516965.415108
12418,2456791.6027767137,-6070739519.805936,2981075586.9281797,-2337529276.2350025
12419,2456791.8527537235,-6071280364.413886,2981392609.674194,-2337543291.1979685
12420,2456792.102730741,-6071827083.010263,2981699816.071546,-2337553983.530813
12421,2456792.352708098,-6072367032.732199,2982000955.2016582,-2337563000.547188
12422,2456792.6026854105,-6072904359.636875,2982307599.32357,-2337575355.020426
12423,2456792.852662349,-6073451653.673074,2982615888.042455,-2337589356.688131
12424,2456793.1026393026,-6074004643.286817,2982914270.504324,-2337600007.4808855
12425,2456793.352616597,-6074550758.096027,2983206694.630284,-2337609040.810323
12426,2456793.602593842,-6075094360.630034,2983504665.464326,-2337621439.987761
12427,2456793.8525707154,-6075647966.627953,2983804124.2366624,-2337635428.8841553
12428,2456794.1025476106,-6076207088.804765,2984093588.87185,-2337646039.6050406
12429,2456794.3525248487,-6076759232.913025,2984377204.9048967,-2337655091.1404734
12430,2456794.602502032,-6077308976.591349,2984666406.708831,-2337667535.8584313
12431,2456794.852478846,-6077868757.58826,2984956938.295711,-2337681512.28129
12432,2456795.10245569,-6078433874.133581,2985237389.729486,-2337692084.1525083
12433,2456795.352432877,-6078991911.72605,2985512102.903013,-2337701155.496826
12434,2456795.602410005,-6079547661.670723,2985792438.1137085,-2337713646.2688055
12435,2456795.8523867656,-6080113479.955276,2986073943.4027305,-2337727610.1880665
12436,2456796.1023635636,-6080684451.625261,2986345284.346354,-2337738144.0917473
12437,2456796.3523407057,-6081248245.509079,2986610997.9152284,-2337747236.472488
12438,2456796.6023177844,-6081809865.071724,2986882366.9823527,-2337759773.413817
12439,2456796.852294498,-6082381580.797495,2987154744.956432,-2337773724.4068556
12440,2456797.102271257,-6082958265.918944,2987416876.308846,-2337784220.8313327
12441,2456797.3522483604,-6083527676.163554,2987673491.781098,-2337793335.0585175
12442,2456797.602225396,-6084095025.600697,2987935793.524701,-2337805917.8560834
12443,2456797.852202069,-6084672495.510581,2988198941.7381773,-2337819855.0891294
12444,2456798.102178795,-6085254748.765374,2988451763.1711783,-2337830314.1216593
12445,2456798.3521558656,-6085829631.555878,2988699180.9931498,-2337839450.591705
12446,2456798.6021328643,-6086402566.959923,2988952313.3795323,-2337852078.5188446
12447,2456798.852109503,-6086985643.402237,2989206128.8135934,-2337866000.7718782
12448,2456799.1020862027,-6087573314.932984,2989449539.6948175,-2337876422.132582
12449,2456799.3520632475,-6088153521.767544,2989687660.231158,-2337885580.8709607
12450,2456799.602040216,-6088731894.358273,2989931521.4002194,-2337898252.8383226
12451,2456799.852016827,-6089320424.673935,2990175901.5270996,-2337912158.562956
12452,2456800.101993507,-6089913359.565748,2990409802.0105834,-2337922541.668539
12453,2456800.3519705324,-6090498736.829473,2990638526.6527004,-2337931722.398941
12454,2456800.601947477,-6091082392.618267,2990873016.0371647,-2337944437.028793
12455,2456800.8519240674,-6091676218.893607,2991107859.9425335,-2337958324.4266067
12456,2456801.1019007345,-6092274257.011854,2991332152.086842,-2337968668.471562
12457,2456801.351877747,-6092864645.894969,2991551384.3613586,-2337977870.699723
12458,2456801.601854675,-6093453425.6803,2991776403.7814016,-2337990626.412384
12459,2456801.8518312518,-6094052384.817322,2992001613.240283,-2338004493.5230856
12460,2456802.1018079123,-6094655360.948559,2992216202.06081,-2338014797.568513
12461,2456802.3517849194,-6095250597.653374,2992425848.6551003,-2338024020.671568
12462,2456802.601761837,-6095844337.290887,2992641303.3148026,-2338036815.775485
12463,2456802.851738407,-6096448261.338125,2992856783.7555366,-2338050660.5670266
12464,2456803.1017150683,-6097056005.577884,2993061578.152365,-2338060923.6298375
12465,2456803.3516920763,-6097655921.759303,2993261549.8041987,-2338070166.9445076
12466,2456803.6016689907,-6098254452.652273,2993467349.1413455,-2338082999.723641
12467,2456803.851645561,-6098863169.342952,2993673010.4527254,-2338096820.178308
12468,2456804.1016222304,-6099475507.677798,2993867923.9719825,-2338107041.315114
12469,2456804.3515992467,-6100079931.064712,2994058136.183361,-2338116304.2191916
12470,2456804.6015761653,-6100683080.821702,2994254194.534668,-2338129173.012376
12471,2456804.851552743,-6101296414.26498,2994449951.6801486,-2338142967.2035627
12472,2456805.1015294273,-6101913169.292766,2994634903.074545,-2338153145.5840063
12473,2456805.3515064586,-6102521924.432151,2994815276.6178164,-2338162427.566112
12474,2456805.601483388,-6103129517.63126,2995001513.670324,-2338175330.8334284
12475,2456805.85145998,-6103747289.093069,2995187287.083312,-2338189096.9882736
12476,2456806.1014366862,-6104368280.815276,2995362200.650082,-2338199231.9532623
12477,2456806.3514137394,-6104981189.870346,2995532661.8489876,-2338208532.666532
12478,2456806.601390687,-6105593048.858906,2995709002.8656483,-2338221469.0387206
12479,2456806.8513673004,-6106215077.559645,2995884718.620003,-2338235205.5830355
12480,2456807.101344036,-6106840124.17184,2996049524.316711,-2338245296.6847258
12481,2456807.351321118,-6107457007.6998415,2996210005.110052,-2338254615.981931
12482,2456807.6012980896,-6108072953.356069,2996376380.944438,-2338267584.29099
12483,2456807.851274732,-6108699057.213048,2996541970.72233,-2338281289.875277
12484,2456808.1012515035,-6109327975.824057,2996696604.090173,-2338291336.8983083
12485,2456808.3512286213,-6109948653.468072,2996847041.9144893,-2338300674.848566
12486,2456808.6012056246,-6110568505.863247,2997003388.8575974,-2338313674.140455
12487,2456808.8511823025,-6111198502.122124,2997158789.763896,-2338327347.648695
12488,2456809.1011591167,-6111831109.352361,2997303191.7127333,-2338337350.6149874
12489,2456809.351136277,-6112455400.40424,2997443529.2628784,-2338346707.505079
12490,2456809.601113319,-6113078979.330225,2997589788.784443,-2338359737.0381517
12491,2456809.851090039,-6113712685.0578785,2997734943.0723104,-2338373377.583444
12492,2456810.101066903,-6114348797.497147,2997869059.593771,-2338383336.7451305
12493,2456810.3510441124,-6114976521.32003,2997999244.5280867,-2338392713.070315
12494,2456810.6010211995,-6115603646.678394,2998135362.9785266,-2338405772.3046675
12495,2456810.8509979686,-6116240879.121127,2998270217.751017,-2338419379.2171807
12496,2456811.100974889,-6116880313.657191,2998393999.622027,-2338429295.0432096
12497,2456811.350952154,-6117511289.985714,2998513984.2713537,-2338438691.49311
12498,2456811.600929293,-6118141782.062772,2998639912.5996995,-2338451780.0763526
12499,2456811.8509061174,-6118782358.899938,2998764419.5382066,-2338465352.888969
12500,2456812.100883101,-6119424932.952936,2998877822.0608754,-2338475226.0505967
12501,2456812.350860428,-6120058982.1106415,2998987563.1818914,-2338484643.4950953
12502,2456812.600837625,-6120692661.781706,2999103256.7045302,-2338497761.2491574
12503,2456812.850814512,-6121336401.320992,2999217371.852969,-2338511299.6850824
12504,2456813.100791565,-6121981933.032434,2999320354.653583,-2338521131.0441084
12505,2456813.3507689605,-6122618876.116778,2999419813.24308,-2338530570.522667
12506,2456813.6007462223,-6123255565.0312195,2999525231.4736724,-2338543717.4346604
12507,2456813.8507231777,-6123902286.397908,2999628915.082446,-2338557221.3994837
12508,2456814.1007003067,-6124550594.826453,2999721441.9673243,-2338567012.001227
12509,2456814.350677777,-6125190253.913296,2999810583.128958,-2338576474.717151
12510,2456814.6006551096,-6125829774.711317,2999905689.654754,-2338589650.9351463
12511,2456814.85063214,-6126479298.080842,2999998906.063581,-2338603120.513722
12512,2456815.100609351,-6127130203.452475,3000080944.904775,-2338612871.5845466
12513,2456815.3505869024,-6127772401.8650875,3000159737.7349133,-2338622358.903298
12514,2456815.6005643117,-6128414578.468113,3000244500.1000657,-2338635564.735606
12515,2456815.8505414235,-6129066725.380343,3000327217.6141434,-2338649000.1916738
12516,2456816.1005187226,-6129720049.426844,3000398740.2131977,-2338658713.138254
12517,2456816.350496361,-6130364612.098355,3000467157.6483445,-2338668226.5864296
12518,2456816.6004738538,-6131009270.096325,3000541547.180687,-2338681462.500234
12519,2456816.8504510527,-6131663863.868007,3000613737.870835,-2338694864.273859
12520,2456817.100428446,-6132319430.262578,3000674719.7260394,-2338704540.6785774
12521,2456817.350406178,-6132966184.191917,3000732738.2720237,-2338714081.9371
12522,2456817.600383759,-6133613151.317477,3000796729.7692075,-2338727348.5492806
12523,2456817.8503610515,-6134270017.531771,3000858369.10844,-2338740717.244287
12524,2456818.100338545,-6134927652.38839,3000908788.9952745,-2338750358.848193
12525,2456818.350316375,-6135576427.142705,3000956388.2468576,-2338759929.730535
12526,2456818.600294051,-6136225533.770523,3001009959.4308033,-2338773227.7809
12527,2456818.850271443,-6136884500.766003,3001061025.678541,-2338786564.132058
12528,2456819.1002490427,-6137544033.108104,3001100864.9593787,-2338796172.7949038
12529,2456819.350226977,-6138194661.260016,3001138026.833569,-2338805775.1997023
12530,2456819.600204753,-6138845740.802063,3001181157.5069413,-2338819105.496141
12531,2456819.8501822497,-6139506640.014795,3001221630.7883053,-2338832410.306071
12532,2456820.100159961,-6140167902.050606,3001250872.415911,-2338841987.934109
12533,2456820.350138005,-6140820219.372747,3001277580.0845833,-2338851623.764002
12534,2456820.600115887,-6141473108.379671,3001310250.999523,-2338864987.0928335
12535,2456820.850093494,-6142135774.3392515,3001340112.118069,-2338878261.1337767
12536,2456821.100071322,-6142798601.339432,3001358739.4027276,-2338887809.5728803
12537,2456821.3500494813,-6143452446.551877,3001374976.028299,-2338897480.619805
12538,2456821.600027475,-6144106984.321515,3001397167.6071105,-2338910877.6246552
12539,2456821.850005198,-6144771254.114311,3001416396.7674685,-2338924121.51191
12540,2456822.0999831483,-6145435483.724421,3001424392.12038,-2338933642.4164886
12541,2456822.349961428,-6146090697.653791,3001430139.641779,-2338943350.2278557
12542,2456822.599939538,-6146746725.239566,3001441830.8278317,-2338956781.275266
12543,2456822.8499173825,-6147412437.372348,3001450406.57261,-2338969995.3341284
12544,2456823.099895461,-6148077908.339908,3001447750.5495324,-2338979490.037189
12545,2456823.349873866,-6148734332.521698,3001442988.8536406,-2338989235.79123
12546,2456823.5998520986,-6149391691.226985,3001444156.429863,-2339002700.8536973
12547,2456823.84983007,-6150058684.033536,3001442055.1201987,-2339015885.012159
12548,2456824.0998082813,-6150725234.547809,3001428726.075912,-2339025354.429359
12549,2456824.349786818,-6151382709.5224695,3001413432.8359933,-2339035138.8523884
12550,2456824.599765178,-6152041239.1792145,3001404051.453188,-2339048637.4403563
12551,2456824.849743282,-6152709349.107969,3001391247.4869704,-2339061791.176707
12552,2456825.0997216324,-6153376815.121395,3001367221.979391,-2339071235.770296
12553,2456825.3497003056,-6154035178.813348,3001341373.238615,-2339081059.1176543
12554,2456825.599678799,-6154694716.24232,3001321416.168123,-2339094590.2774997
12555,2456825.849657041,-6155363776.419079,3001297882.8866916,-2339107712.634666
12556,2456826.0996355363,-6156031990.329034,3001263136.7196984,-2339117132.443457
12557,2456826.3496143515,-6156691076.860956,3001226708.051708,-2339126994.5445843
12558,2456826.599592984,-6157351454.830199,3001196148.44395,-2339140556.9176135
12559,2456826.8495713705,-6158021294.168557,3001161859.4664836,-2339153646.5741143
12560,2456827.0995500158,-6158690084.082376,3001116369.0781517,-2339163041.2947173
12561,2456827.3495289795,-6159349723.194435,3001069337.0091987,-2339172941.6435986
12562,2456827.5995077565,-6160010769.990883,3001028149.3306975,-2339186533.5641737
12563,2456827.8494862933,-6160681212.911466,3000983079.987328,-2339199588.9376206
12564,2456828.0994650954,-6161350402.504829,3000926823.862252,-2339208958.031487
12565,2456828.349444213,-6162010419.542121,3000869167.249287,-2339218895.896321
12566,2456828.599423141,-6162671959.078325,3000817328.615299,-2339232515.5030575
12567,2456828.849401834,-6163342825.724116,3000761457.2238865,-2339245534.861071
12568,2456829.099380798,-6164012234.552171,3000694417.105972,-2339254877.663667
12569,2456829.349360076,-6164672450.859018,3000626118.2808194,-2339264852.193955
12570,2456829.599339161,-6165334303.139974,3000563609.5279307,-2339278497.5343733
12571,2456829.849318016,-6166005409.905194,3000496918.3924427,-2339291479.09565
12572,2456830.099297149,-6166674853.98218,3000419080.2081256,-2339300794.913087
12573,2456830.349276593,-6167335087.522336,3000340125.8271027,-2339310805.2319856
12574,2456830.5992558408,-6167997069.298537,3000266932.291589,-2339324474.350821
12575,2456830.849234864,-6168668229.507728,3000189408.4109,-2339337416.368859
12576,2456831.099214172,-6169337522.0045595,3000100762.910799,-2339346704.5565495
12577,2456831.3491937877,-6169997588.070891,3000011144.533456,-2339356749.8349104
12578,2456831.5991732045,-6170659513.5563135,2999927256.5712295,-2339370440.8440537
12579,2456831.849152403,-6171330538.187343,2999838892.102977,-2339383341.672771
12580,2456832.099131891,-6171999490.155502,2999739435.272625,-2339392601.696464
12581,2456832.349111685,-6172659202.091483,2999639149.7235513,-2339402681.2097473
12582,2456832.599091277,-6173320883.681582,2999544563.0267506,-2339416392.341626
12583,2456832.8490706566,-6173991582.079175,2999445355.560705,-2339429250.4850516
12584,2456833.0990503314,-6174660003.157514,2999335088.852719,-2339438481.96662
12585,2456833.3490303094,-6175319173.055656,2999224138.415782,-2339448595.137247
12586,2456833.5990100824,-6175980422.017505,2999118854.171665,-2339462324.7841635
12587,2456833.8489896483,-6176650602.574995,2999008806.854141,-2339475138.932628
12588,2456834.098969516,-6177318301.661503,2998887737.2791986,-2339484341.682908
12589,2456834.348949684,-6177976741.023786,2998766129.7573786,-2339494488.11006
12590,2456834.598929644,-6178637368.145447,2998650154.6788883,-2339508234.8513637
12591,2456834.8489094027,-6179306838.943052,2998529276.2142262,-2339521003.905803
12592,2456835.0988894687,-6179973624.820149,2998397416.3139277,-2339530177.9458265
12593,2456835.348869832,-6180631145.168935,2998265164.975689,-2339540357.4239945
12594,2456835.5988499853,-6181290961.35617,2998138511.2228885,-2339554120.0421586
12595,2456835.8488299428,-6181959530.743051,2998006815.7701015,-2339566843.127512
12596,2456836.098810213,-6182625212.6431465,2997864183.489519,-2339575988.6990967
12597,2456836.348790778,-6183281626.068634,2997721306.9193673,-2339586201.2261715
12598,2456836.5987711293,-6183940442.874218,2997583991.93006,-2339599978.7127023
12599,2456836.8487512916,-6184607919.979509,2997441498.9141045,-2339612655.181419
12600,2456837.0987317716,-6185272308.075948,2997288117.394599,-2339621772.748179
12601,2456837.3487125435,-6185927427.705688,2997134639.270186,-2339632018.524416
12602,2456837.5986930993,-6186585057.778035,2996986685.5236883,-2339645810.077048
12603,2456837.8486734712,-6187251252.938742,2996833419.386751,-2339658439.504298
12604,2456838.098654167,-6187914158.751658,2996669316.706275,-2339667529.744877
12605,2456838.3486351506,-6188567799.133915,2996505265.530696,-2339677809.164725
12606,2456838.598615916,-6189224056.579203,2996346700.2745953,-2339691614.1781178
12607,2456838.848596504,-6189888781.681984,2996182690.198371,-2339704196.3511167
12608,2456839.0985774207,-6190550018.399382,2996007899.0907125,-2339713260.14725
12609,2456839.348558622,-6191201995.803873,2995833307.911546,-2339723573.7867236
12610,2456839.598539602,-6191856696.468598,2995664162.8828435,-2339737391.839453
12611,2456839.8485204107,-6192519765.2159605,2995489442.5124545,-2339749926.7438517
12612,2456840.0985015538,-6193179147.944039,2995304000.0949206,-2339758965.166181
12613,2456840.3484829776,-6193829280.597584,2995118906.237918,-2339769313.7687254
12614,2456840.598464178,-6194482242.292413,2994939217.404306,-2339783144.6094832
12615,2456840.848445213,-6195143470.417337,2994753824.597143,-2339795632.415602
12616,2456841.098426587,-6195800816.387033,2994557772.127028,-2339804646.709953
12617,2456841.3484082385,-6196448924.673737,2994362216.96146,-2339815031.1732965
12618,2456841.5983896647,-6197099967.370694,2994172024.2961144,-2339828874.708581
12619,2456841.8483709306,-6197759172.833741,2993976000.904853,-2339841315.7595463
12620,2456842.0983525408,-6198414301.599091,2993769383.5696354,-2339850307.335385
12621,2456842.348334425,-6199060208.261853,2993563412.3057103,-2339860728.700851
12622,2456842.598316081,-6199709154.30246,2993362759.591111,-2339874584.9852443
12623,2456842.848297583,-6200366157.509238,2993156151.2713604,-2339886979.787681
12624,2456843.0982794343,-6201018891.175225,2992939017.9977894,-2339895950.2090135
12625,2456843.348261556,-6201662421.555608,2992722679.495815,-2339906409.653015
12626,2456843.598243447,-6202309095.905609,2992511614.1306615,-2339920278.8812747
12627,2456843.8482251903,-6202963719.978342,2992294470.141562,-2339932628.0972815
12628,2456844.098207287,-6203613883.489503,2992066873.386117,-2339941579.07414
12629,2456844.3481896506,-6204254865.83381,2991840219.9339013,-2339952077.899401
12630,2456844.5981717813,-6204899096.408261,2991618792.693644,-2339965960.3972616
12631,2456844.84815377,-6205551167.530267,2991391165.6361017,-2339978264.833924
12632,2456845.098136117,-6206198589.032885,2991153161.0956416,-2339987198.209976
12633,2456845.348118727,-6206836854.87031,2990916248.0873985,-2339997737.831311
12634,2456845.598101102,-6207478472.926745,2990684512.766505,-2340011634.039137
12635,2456845.8480833406,-6208127820.74819,2990446458.1824203,-2340023894.6289897
12636,2456846.0980659425,-6208772332.0037775,2990198104.3445024,-2340032812.357997
12637,2456846.348048803,-6209407716.562403,2989950989.777816,-2340043394.2746844
12638,2456846.598031426,-6210046557.114494,2989709002.628575,-2340057304.715383
12639,2456846.8480139193,-6210693015.157206,2989460578.3757486,-2340069522.4786835
12640,2456847.0979967797,-6211334451.929141,2989201935.825105,-2340078426.5802536
12641,2456847.3479798953,-6211966794.494585,2988944679.536568,-2340089052.3251696
12642,2456847.59796277,-6212602696.633429,2988692498.431909,-2340102977.546427
12643,2456847.8479455225,-6213246102.563484,2988433763.7720575,-2340115153.525498
12644,2456848.097928646,-6213884304.827241,2988164894.204188,-2340124046.010829
12645,2456848.3479120196,-6214513448.876783,2987897556.8120785,-2340134717.0677924
12646,2456848.5978951515,-6215146255.81605,2987635240.1222506,-2340148657.551201
12647,2456848.847878166,-6215786451.386282,2987366254.5378284,-2340160792.711015
12648,2456849.0978615563,-6216421263.154322,2987087219.5253377,-2340169675.4748845
12649,2456849.347845193,-6217047056.050608,2986809861.158917,-2340180393.162945
12650,2456849.5978285847,-6217676614.678228,2986537466.4592586,-2340194349.2017584
12651,2456849.847811866,-6218313445.128143,2986258288.35648,-2340206444.3019047
12652,2456850.097795527,-6218944713.689202,2985969148.0675325,-2340215318.989926
12653,2456850.3477794295,-6219567005.753864,2985681827.124693,-2340226084.3278656
12654,2456850.5977630857,-6220193165.540014,2985399410.0170155,-2340240055.8909287
12655,2456850.8477466376,-6220826478.341352,2985110095.6352825,-2340252111.350935
12656,2456851.097730573,-6221454052.849844,2984810907.8566213,-2340260979.2284455
12657,2456851.3477147454,-6222072695.808424,2984513680.1668944,-2340271792.809869
12658,2456851.59769867,-6222695307.123697,2984221293.6066236,-2340285779.425572
12659,2456851.847682496,-6223324950.193345,2983921896.5301294,-2340297795.2200947
12660,2456852.0976667097,-6223948679.801076,2983612716.3809147,-2340306657.0808997
12661,2456852.347651156,-6224563524.861883,2983305635.136638,-2340317518.998896
12662,2456852.5976353525,-6225182437.035744,2983003329.590715,-2340331519.697569
12663,2456852.847619457,-6225808256.80696,2982693901.135515,-2340343495.3177433
12664,2456853.0976039525,-6226427988.779462,2982374781.6811213,-2340352351.465613
12665,2456853.347588677,-6227038884.827623,2982057898.271215,-2340363261.3152466
12666,2456853.59757315,-6227653944.452449,2981745722.7586694,-2340377274.6524935
12667,2456853.8475575373,-6228275784.317326,2981426313.2003694,-2340389209.149192
12668,2456854.097542319,-6228891362.637967,2981097306.8439436,-2340398059.460277
12669,2456854.347527325,-6229498155.020992,2980770672.3838353,-2340409016.419264
12670,2456854.597512078,-6230109204.934965,2980448676.115311,-2340423040.5728197
12671,2456854.847496752,-6230726904.434302,2980119336.406816,-2340434932.666999
12672,2456855.0974818245,-6231338169.20415,2979780496.6540875,-2340443776.711458
12673,2456855.347467117,-6231940699.340258,2979444163.7683783,-2340454779.671205
12674,2456855.5974521544,-6232547578.439372,2979112397.9185276,-2340468812.5788555
12675,2456855.84743712,-6233160973.26841,2978773181.4251175,-2340480660.803113
12676,2456856.097422487,-6233767760.890769,2978424564.5588717,-2340489497.9879184
12677,2456856.3474080698,-6234365866.615591,2978078588.976577,-2340500545.6961684
12678,2456856.5973933963,-6234968410.345188,2977737108.1843266,-2340514585.196273
12679,2456856.847378657,-6235577332.970554,2977388072.075956,-2340526388.0308785
12680,2456857.0973643237,-6236179476.8721695,2977029738.431767,-2340535217.7298365
12681,2456857.347350201,-6236772993.2440815,2976674180.1414204,-2340546308.9141874
12682,2456857.597335821,-6237371034.470348,2976323043.5428886,-2340560352.8621144
12683,2456857.8473213823,-6237975315.05008,2975964249.7048473,-2340572108.8431025
12684,2456858.097307352,-6238572646.63209,2975596264.462615,-2340580930.4960318
12685,2456858.347293528,-6239161406.899336,2975231188.3909483,-2340592063.9547267
12686,2456858.5972794457,-6239754776.881001,2974870460.191912,-2340606110.305492
12687,2456858.8472653115,-6240354244.230129,2974501975.697801,-2340617818.0988917
12688,2456859.097251589,-6240946593.817547,2974124409.2635536,-2340626631.277591
12689,2456859.347238068,-6241530430.344309,2973749885.5757318,-2340637805.938095
12690,2456859.597224288,-6242118959.630981,2973379635.2792015,-2340651852.7983203
12691,2456859.847210462,-6242713442.088455,2973001532.553379,-2340663511.24561
12692,2456860.0971970516,-6243300639.762002,2972614460.6645856,-2340672315.6931286
12693,2456860.3471838385,-6243879384.82352,2972230564.82121,-2340683530.6462183
12694,2456860.5971703646,-6244462904.014907,2971850867.2433004,-2340697576.303799
12695,2456860.847156852,-6245052230.16747,2971463224.040857,-2340709184.4472566
12696,2456861.097143757,-6245634106.451968,2971066727.7161956,-2340717980.0993004
12697,2456861.347130855,-6246207592.888936,2970673540.398926,-2340729234.617354
12698,2456861.5971176918,-6246785933.258265,2970284475.574662,-2340743277.5571427
12699,2456861.8471044963,-6247369932.535142,2969887374.8699636,-2340754834.6529536
12700,2456862.0970917214,-6247946318.966538,2969481540.283469,-2340763621.648624
12701,2456862.3470791345,-6248514380.726638,2969079147.258325,-2340774915.194629
12702,2456862.5970662856,-6249087374.740129,2968680800.2960773,-2340788954.1060343
12703,2456862.8470534114,-6249665877.912687,2968274330.128623,-2340800459.6303144
12704,2456863.0970409606,-6250236607.518773,2967859248.447925,-2340809238.3166413
12705,2456863.3470286927,-6250799080.120158,2967447740.397701,-2340820570.547716
12706,2456863.597016162,-6251366561.886078,2967040201.306261,-2340834604.327343
12707,2456863.8470036127,-6251939401.503934,2966624454.601481,-2340846057.977582
12708,2456864.0969914896,-6252504309.227483,2966200221.8022876,-2340854828.9098277
12709,2456864.3469795445,-6253061030.169908,2965779694.1357374,-2340866199.6767755
12710,2456864.596967336,-6253622835.839608,2965363057.6280656,-2340880227.4272194
12711,2456864.846955115,-6254189846.622147,2964938131.9943194,-2340891629.119956
12712,2456865.096943323,-6254748769.702169,2964504848.6503997,-2340900393.0581856
12713,2456865.3469317043,-6255299578.838127,2964075401.2861223,-2340911802.4013395
12714,2456865.596919821,-6255855546.968297,2963649766.557082,-2340925823.4262667
12715,2456865.846907933,-6256416566.158085,2963215764.0561104,-2340937173.2910094
12716,2456866.0968964756,-6256969344.473133,2962773535.10244,-2340945931.1928873
12717,2456866.3468851866,-6257514084.340856,2962335272.225955,-2340957379.33421
12718,2456866.596873632,-6258064056.217243,2961900742.7036285,-2340971393.129723
12719,2456866.8468620796,-6258618923.894327,2961457769.5953484,-2340982691.49916
12720,2456867.0968509605,-6259165400.266029,2961006704.066814,-2340991444.5091257
12721,2456867.3468400044,-6259703916.382262,2960559733.864782,-2341002931.840833
12722,2456867.596828782,-6260247736.3028345,2960116416.9407825,-2341016938.0834875
12723,2456867.8468175684,-6260796295.658345,2959664583.4093056,-2341028185.4805274
12724,2456868.09680679,-6261336316.114591,2959204794.163083,-2341036934.9160185
12725,2456868.34679617,-6261868457.227715,2958749228.54375,-2341048461.9864807
12726,2456868.5967852836,-6262405972.747346,2958297235.292437,-2341062460.5188847
12727,2456868.846774412,-6262948070.320368,2957836655.16358,-2341073657.641527
12728,2456869.096763978,-6263481484.323949,2957368258.595485,-2341082404.9772654
12729,2456869.346753696,-6264007102.635318,2956904212.905418,-2341093972.4753327
12730,2456869.596743148,-6264538164.782102,2956443657.8012238,-2341107963.2904096
12731,2456869.8467326215,-6265073650.671968,2955974448.2595363,-2341119110.9955087
12732,2456870.096722534,-6265600311.328884,2955497564.020789,-2341127857.8469357
12733,2456870.346712594,-6266119262.698632,2955025156.762136,-2341139466.5855308
12734,2456870.5967023866,-6266643726.179604,2954556157.3968306,-2341153449.810239
12735,2456870.846692208,-6267172454.252868,2954078438.7010684,-2341164549.096786
12736,2456871.09668247,-6267692218.520788,2953593189.4110184,-2341173297.2029324
12737,2456871.346672874,-6268204362.679089,2953112541.9512377,-2341184948.102009
12738,2456871.596663011,-6268722086.096735,2952635218.738977,-2341198923.9801974
12739,2456871.8466531825,-6269243914.209904,2952149113.919549,-2341209975.9714317
12740,2456872.096643796,-6269756643.126847,2951655624.8533654,-2341218727.1762
12741,2456872.3466345468,-6270261843.909346,2951166861.1015964,-2341230421.243542
12742,2456872.5966250296,-6270772690.005235,2950681336.9410405,-2341244390.115984
12743,2456872.846615554,-6271287480.256519,2950186971.4437265,-2341255396.0378585
12744,2456873.096606522,-6271793039.199165,2949685370.1543036,-2341264152.2666607
12745,2456873.346597621,-6272291164.810969,2949188616.158807,-2341275890.5729084
12746,2456873.596588453,-6272795000.735117,2948695016.0021243,-2341289852.850343
12747,2456873.846579332,-6273302619.736893,2948192517.2235236,-2341300814.0015874
12748,2456874.096570656,-6273800878.692115,2947682933.039408,-2341309577.228014
12749,2456874.346562106,-6274291801.974837,2947178316.44487,-2341321360.8700485
12750,2456874.5965532884,-6274788499.544858,2946676766.710271,-2341335316.992788
12751,2456874.8465445247,-6275288818.669373,2946166263.3608294,-2341346234.6997137
12752,2456875.096536207,-6275779652.458839,2945648826.6965466,-2341355006.8950186
12753,2456875.34652801,-6276263251.086824,2945136475.9999723,-2341366836.94022
12754,2456875.5965195447,-6276752686.948487,2944627103.7710137,-2341380787.3167706
12755,2456875.84651114,-6277245582.4431095,2944108725.015737,-2341391662.865335
12756,2456876.0965031823,-6277728870.781771,2943583566.4543796,-2341400445.92358
12757,2456876.346495339,-6278205027.252854,2943063610.032338,-2341412323.3283243
12758,2456876.5964872283,-6278687082.792513,2942546542.0330615,-2341426268.2472615
12759,2456876.8464791845,-6279172435.601536,2942020416.4189525,-2341437102.787884
12760,2456877.0964715886,-6279648062.815449,2941487665.599828,-2341445898.423847
12761,2456877.3464641017,-6280116664.053067,2940960230.5673776,-2341457823.9253883
12762,2456877.5964563466,-6280591224.874001,2940435592.004813,-2341471763.4419875
12763,2456877.8464486655,-6281068919.979089,2939901846.3009787,-2341482557.8715386
12764,2456878.0964414324,-6281536774.200707,2939361630.7751102,-2341491367.499102
12765,2456878.346434303,-6281997710.598326,2938826841.877734,-2341503341.4921694
12766,2456878.596426906,-6282464665.412619,2938294755.392032,-2341517275.305079
12767,2456878.8464195887,-6282934590.572606,2937753513.62038,-2341528030.1453023
12768,2456879.0964127206,-6283394562.331812,2937205957.986588,-2341536854.759818
12769,2456879.3464059504,-6283847726.204487,2936663936.867752,-2341548877.1855087
12770,2456879.5963989124,-6284306965.159876,2936124521.955163,-2341562804.534574
12771,2456879.8463919614,-6284769009.130797,2935575904.9904037,-2341573519.841186
12772,2456880.0963854594,-6285220989.489819,2935021130.6930103,-2341582359.9424233
12773,2456880.34637905,-6285666273.151301,2934471995.90753,-2341594430.2274394
12774,2456880.596372373,-6286117685.882088,2933925369.16163,-2341608349.851063
12775,2456880.8463657894,-6286571736.474782,2933369495.206561,-2341619025.1907234
12776,2456881.0963596557,-6287015615.126327,2932807621.246388,-2341627880.7810216
12777,2456881.3463536086,-6287452909.06342,2932251489.2035656,-2341639997.8580303
12778,2456881.5963472947,-6287896382.976761,2931697765.479432,-2341653908.035555
12779,2456881.8463410805,-6288342325.487433,2931134751.432033,-2341664542.5496273
12780,2456882.0963353165,-6288777989.357703,2930565895.913913,-2341673413.218494
12781,2456882.3463296336,-6289207181.030912,2930002882.578964,-2341685575.630492
12782,2456882.596323685,-6289642600.325839,2929442176.8170476,-2341699474.303972
12783,2456882.846317842,-6290080316.786854,2928872140.181768,-2341710066.8447366
12784,2456883.09631245,-6290507649.524353,2928296422.277937,-2341718951.917214
12785,2456883.3463071333,-6290928623.096109,2927726645.1529055,-2341731157.9757614
12786,2456883.5963015514,-6291355868.727318,2927159074.3427663,-2341745042.9146295
12787,2456883.846296082,-6291785238.095455,2926582135.1439424,-2341755592.2126546
12788,2456884.0962910634,-6292204120.467067,2925999676.9284797,-2341764490.916799
12789,2456884.3462861152,-6292616757.38651,2925423256.7835956,-2341776738.86759
12790,2456884.596280902,-6293035707.816292,2924848941.571302,-2341790607.829609
12791,2456884.8462758088,-6293456606.866892,2924265223.819981,-2341801112.647291
12792,2456885.0962711656,-6293866917.767607,2923676151.584403,-2341810024.2586575
12793,2456885.3462665873,-6294271097.870449,2923093213.616884,-2341822312.4162564
12794,2456885.596261746,-6294681630.23481,2922512279.304746,-2341836163.27149
12795,2456885.8462570296,-6295093934.770359,2921921911.8402376,-2341846622.5149665
12796,2456886.0962527646,-6295495552.451554,2921326356.7821803,-2341855546.4561973
12797,2456886.3462485583,-6295891155.189092,2920737031.1608887,-2341867873.2919
12798,2456886.59624409,-6296293146.511934,2920149608.1176033,-2341881704.0991545
12799,2456886.8462397535,-6296696732.547028,2919552724.8934784,-2341892116.8832736
12800,2456887.0962358676,-6297089535.759739,2918950823.291355,-2341901052.7782116
12801,2456887.3462320357,-6297476441.292021,2918355245.2339253,-2341913416.9645925
12802,2456887.596227942,-6297869769.522939,2917761468.8866324,-2341927226.007246
12803,2456887.846223987,-6298264514.262092,2917158208.8892775,-2341937591.6831617
12804,2456888.0962204826,-6298648383.171485,2916550101.959782,-2341946539.3771625
12805,2456888.346217026,-6299026473.218239,2915948411.5413246,-2341958939.80239
12806,2456888.596213309,-6299411018.021825,2915348422.1453276,-2341972725.5975685
12807,2456888.8462097375,-6299796800.588663,2914738929.132919,-2341983043.7572303
12808,2456889.0962066157,-6300171617.444818,2914124762.7479157,-2341992003.3178053
12809,2456889.3462035363,-6300540775.901897,2913517104.6039762,-2342004439.0835133
12810,2456889.596200198,-6300916419.224869,2912911046.9373627,-2342018200.37771
12811,2456889.846197011,-6301293121.183806,2912295469.1302047,-2342028470.847478
12812,2456890.0961942733,-6301658770.801433,2911675393.507302,-2342037442.556484
12813,2456890.3461915725,-6302018884.183394,2911061916.5288916,-2342049912.9692554
12814,2456890.596188614,-6302385510.665594,2910449939.594129,-2342063648.729377
12815,2456890.846185813,-6302753016.405161,2909828429.383461,-2342073871.560552
12816,2456891.096183461,-6303109386.522192,2909202598.8035326,-2342082855.904586
12817,2456891.3461811403,-6303460344.300492,2908583455.86498,-2342095360.466718
12818,2456891.5961785633,-6303817841.597297,2907965712.626647,-2342109069.8711343
12819,2456891.84617615,-6304176038.639457,2907338426.3209515,-2342119245.331082
12820,2456892.0961741847,-6304523020.215139,2906706998.8827734,-2342128242.9928684
12821,2456892.3461722448,-6304864715.107964,2906082346.6047144,-2342140781.3943577
12822,2456892.5961700496,-6305212974.175073,2905458993.7593155,-2342154463.825291
12823,2456892.8461680254,-6305561753.456383,2904826091.358562,-2342164592.389791
12824,2456893.0961664473,-6305899240.949184,2904189228.756527,-2342173604.2406693
12825,2456893.346164889,-6306231569.197884,2903559227.286638,-2342186176.3521194
12826,2456893.596163078,-6306570484.568255,2902930425.0442605,-2342199831.388573
12827,2456893.846161443,-6306909740.717252,2902292070.020034,-2342209913.7343435
12828,2456894.0961602535,-6307237632.362111,2901649937.321799,-2342218940.8265657
12829,2456894.346159078,-6307560494.008959,2901014750.1094465,-2342231546.691429
12830,2456894.5961576514,-6307889964.071927,2900380661.9636674,-2342245174.101032
12831,2456894.8461564067,-6308219595.688879,2899737021.0221877,-2342255211.0967207
12832,2456895.096155606,-6308537793.7761,2899089786.424115,-2342264254.6536903
12833,2456895.346154814,-6308851092.942192,2898449579.968278,-2342276894.478089
12834,2456895.5961537724,-6309171020.220796,2897810372.435396,-2342290494.2061315
12835,2456895.8461529184,-6309490930.15321,2897161615.2464128,-2342300486.9000835
12836,2456896.0961525077,-6309799341.300262,2896509449.79208,-2342309548.303098
12837,2456896.3461520993,-6310102986.453389,2895864393.3501487,-2342322222.441864
12838,2456896.5961514427,-6310413277.868567,2895220235.667538,-2342335794.5963025
12839,2456896.8461509803,-6310723373.470308,2894566534.551205,-2342345744.200081
12840,2456897.096150959,-6311021908.874166,2893909611.807441,-2342354824.9706774
12841,2456897.346150935,-6311315813.074413,2893259877.0613875,-2342367533.9089375
12842,2456897.596150664,-6311616380.184254,2892610940.8434258,-2342381078.7408547
12843,2456897.846150593,-6311916573.547395,2891952470.4154024,-2342390986.608192
12844,2456898.0961509617,-6312205149.207704,2891290966.1072445,-2342400088.385918
12845,2456898.3461513217,-6312489230.322239,2890636726.7895665,-2342412832.7161098
12846,2456898.5961514367,-6312779989.5293,2889983185.6442885,-2342426350.5957212
12847,2456898.8461517575,-6313070197.683354,2889320122.4222198,-2342436218.197029
12848,2456899.0961525156,-6313348734.592585,2888654214.0297837,-2342445342.712776
12849,2456899.3461532597,-6313622915.47746,2887995645.5115356,-2342458123.1072726
12850,2456899.5961537603,-6313903788.203321,2887337674.618948,-2342471614.4954844
12851,2456899.8461544723,-6314183933.282055,2886670196.5898085,-2342481443.3878884
12852,2456900.0961556206,-6314452357.583718,2886000062.904546,-2342490592.432607
12853,2456900.346156748,-6314716566.234099,2885337341.740454,-2342503409.611521
12854,2456900.596157634,-6314987479.062438,2884675117.3849626,-2342516875.026468
12855,2456900.8461587373,-6315257488.438924,2884003403.5226703,-2342526666.818461
12856,2456901.0961602745,-6315515731.553098,2883329224.1492267,-2342535842.20608
12857,2456901.3461617855,-6315769901.219082,2882662527.563048,-2342548696.8987436
12858,2456901.596163057,-6316030786.001652,2881996226.5999155,-2342562136.875407
12859,2456901.8461645506,-6316290592.382168,2881320456.3101063,-2342571893.1839075
12860,2456902.096166476,-6316538591.0843525,2880642411.088094,-2342581096.705825
12861,2456902.3461683695,-6316782660.332953,2879971916.3702364,-2342593989.6029963
12862,2456902.5961700254,-6317033454.232544,2879301715.5965004,-2342607404.6426077
12863,2456902.846171909,-6317282995.676157,2878622068.058202,-2342617127.0388227
12864,2456903.096174222,-6317520692.088205,2877940336.373832,-2342626360.406196
12865,2456903.346176497,-6317754604.761316,2877266220.16271,-2342639292.098968
12866,2456903.596178537,-6317995250.17203,2876592295.567089,-2342652682.6041784
12867,2456903.84618081,-6318234469.966257,2875908948.950531,-2342662372.5443983
12868,2456904.0961835096,-6318461811.379572,2875223708.923943,-2342671637.314573
12869,2456904.3461861657,-6318685516.357902,2874546146.365738,-2342684608.216843
12870,2456904.5961885885,-6318915960.603067,2873868672.2633896,-2342697974.4101334
12871,2456904.84619125,-6319144806.886957,2873181802.8433714,-2342707633.149814
12872,2456905.096194335,-6319361745.301661,2872493230.427498,-2342716930.6364856
12873,2456905.346197371,-6319575195.952884,2871812394.2690625,-2342729940.891976
12874,2456905.5962001756,-6319795390.635538,2871131542.3972206,-2342743282.7200155
12875,2456905.846203224,-6320013815.645235,2870441323.6620135,-2342752911.215959
12876,2456906.096206694,-6320220306.904502,2869749591.778419,-2342762242.3901925
12877,2456906.3462101086,-6320423460.1030855,2869065651.545798,-2342775291.773738
12878,2456906.596213294,-6320633360.010551,2868381590.300707,-2342788608.8102326
12879,2456906.846216729,-6320841318.868519,2867688192.264043,-2342798207.626286
12880,2456907.0962205823,-6321037321.334945,2866993470.209427,-2342807573.0269394
12881,2456907.3462243746,-6321230136.03319,2866306591.728884,-2342820660.8616567
12882,2456907.59622794,-6321429697.613715,2865619485.8195205,-2342833952.232985
12883,2456907.84623176,-6321627146.723897,2864923074.8244653,-2342843521.4760456
12884,2456908.0962359956,-6321812619.609774,2864225528.242184,-2342852921.1584044
12885,2456908.3462401647,-6321995055.124813,2863535873.79477,-2342866046.278925
12886,2456908.59624411,-6322184234.756257,2862845884.5913434,-2342879310.643366
12887,2456908.846248314,-6322371130.080512,2862146623.8595624,-2342888849.9600263
12888,2456909.096252931,-6322546031.759938,2861446415.4937296,-2342898283.511452
12889,2456909.346257475,-6322718046.1524315,2860754144.773657,-2342911444.299517
12890,2456909.596261799,-6322896798.618698,2860061431.4628325,-2342924679.9026446
12891,2456909.8462663866,-6323073094.279602,2859359482.4338284,-2342934188.5540404
12892,2456910.0962713836,-6323237381.044477,2858656773.6360044,-2342943655.188276
12893,2456910.3462763033,-6323398930.05328,2857962045.4034815,-2342956849.6855884
12894,2456910.596281004,-6323567207.679208,2857266766.760499,-2342970054.4893937
12895,2456910.8462859746,-6323732855.310369,2856562290.952628,-2342979531.4942603
12896,2456911.0962913516,-6323886480.945997,2855857243.6003456,-2342989030.206577
12897,2456911.3462966452,-6324037517.794802,2855160217.624993,-2343002256.2797694
12898,2456911.5963017233,-6324195270.483746,2854462533.9479437,-2343015428.133966
12899,2456911.846307076,-6324350219.491001,2853755694.8505263,-2343024872.4427447
12900,2456912.0963128316,-6324493135.748178,2853048473.167516,-2343034402.18443
12901,2456912.3463184987,-6324633611.812668,2852349311.950227,-2343047657.697643
12902,2456912.596323953,-6324780787.8892355,2851649386.6595273,-2343060794.507243
12903,2456912.846329687,-6324924986.444755,2850940351.190137,-2343070205.161684
12904,2456913.096335821,-6325057144.158935,2850231123.0477962,-2343079764.9900255
12905,2456913.346341861,-6325187010.185501,2849529992.957423,-2343093047.944219
12906,2456913.596347691,-6325323557.688052,2848827993.5620117,-2343106147.796606
12907,2456913.846353805,-6325456954.070076,2848116932.8609843,-2343115524.043217
12908,2456914.0963603165,-6325578304.523317,2847405870.4053445,-2343125113.221109
12909,2456914.346366728,-6325697511.991655,2846702942.14561,-2343138421.8402357
12910,2456914.596372933,-6325823380.016731,2845999040.558627,-2343151483.077928
12911,2456914.8463794277,-6325945923.918019,2845286130.164584,-2343160824.427359
12912,2456915.096386315,-6326056420.096469,2844573409.865809,-2343170442.4701796
12913,2456915.3463930977,-6326164922.415794,2843868858.4138455,-2343183775.2368336
12914,2456915.5963996765,-6326280062.245434,2843163230.7941194,-2343196796.4827476
12915,2456915.8464065497,-6326391705.825111,2842448650.4024034,-2343206102.725428
12916,2456916.096413812,-6326491303.391232,2841734452.7453957,-2343215749.4083543
12917,2456916.346420965,-6326589056.792544,2841028456.988796,-2343229105.064178
12918,2456916.596427917,-6326693422.707936,2840321283.3361373,-2343242085.21605
12919,2456916.846435168,-6326794121.327756,2839605216.363158,-2343251356.411413
12920,2456917.096442804,-6326882779.281848,2838889725.392099,-2343261031.754658
12921,2456917.346450325,-6326969743.409849,2838182467.6634536,-2343274409.2827396
12922,2456917.596457649,-6327063293.219475,2837473931.350081,-2343287347.4932585
12923,2456917.846465276,-6327153005.912822,2836756564.46743,-2343296583.948115
12924,2456918.096473285,-6327230687.007861,2836039967.328827,-2343306288.194466
12925,2456918.3464811733,-6327306825.288533,2835331632.962699,-2343319686.7968016
12926,2456918.5964888674,-6327389520.655134,2834621920.3064876,-2343332582.451137
12927,2456918.8464968693,-6327468210.41817,2833903443.032078,-2343341784.6974573
12928,2456919.096505249,-6327534881.420051,2833185929.586215,-2343351518.290948
12929,2456919.346513503,-6327600161.296249,2832476706.552313,-2343364937.368415
12930,2456919.596521566,-6327671967.953392,2831766006.470959,-2343377790.0652966
12931,2456919.846529941,-6327739601.946291,2831046610.8431277,-2343386958.842344
12932,2456920.09653869,-6327795233.823292,2830328373.3580265,-2343396722.411813
12933,2456920.346547308,-6327849626.937124,2829618451.974405,-2343410161.5493493
12934,2456920.596555738,-6327910514.868602,2828906955.7154245,-2343422971.08751
12935,2456920.8465644843,-6327967064.594151,2828186836.0371256,-2343432107.3292394
12936,2456921.0965736,-6328011632.696565,2827468068.9456167,-2343441901.6769624
12937,2456921.3465825804,-6328055115.07316,2826757641.6470304,-2343455360.6335206
12938,2456921.5965913753,-6328105058.703487,2826045542.564141,-2343468127.0024214
12939,2456921.846600491,-6328150500.204737,2825324895.1841135,-2343477231.8285756
12940,2456922.096609972,-6328183984.470042,2824605794.868066,-2343487057.921955
12941,2456922.3466193117,-6328216536.731889,2823895055.9913664,-2343500536.622791
12942,2456922.5966284703,-6328255515.150823,2823182549.3275943,-2343513259.994883
12943,2456922.8466379535,-6328289829.244894,2822461572.418001,-2343522334.7028046
12944,2456923.096647797,-6328312214.439831,2821742336.9789453,-2343532193.6659245
12945,2456923.346657494,-6328333822.057545,2821031482.524916,-2343545692.1938963
12946,2456923.5966670136,-6328361819.279276,2820318765.1625338,-2343558372.914977
12947,2456923.8466768614,-6328384991.822775,2819597658.454399,-2343567418.9686084
12948,2456924.0966870654,-6328396267.813072,2818878487.433418,-2343577312.070151
12949,2456924.3466971177,-6328406921.378759,2818167714.7700143,-2343590830.652543
12950,2456924.5967069953,-6328423926.617718,2817454984.9148283,-2343603469.226858
12951,2456924.846717206,-6328435948.7821455,2816733949.3615336,-2343612488.239733
12952,2456925.096727767,-6328436110.804763,2816015043.3818164,-2343622416.8741403
12953,2456925.3467381718,-6328435806.299866,2815304550.865682,-2343635955.862162
12954,2456925.5967484056,-6328441814.232673,2814592007.646189,-2343648552.929643
12955,2456925.846758975,-6328442682.757155,2813871244.9994435,-2343657546.6394863
12956,2456926.096769891,-6328431731.660929,2813152805.3200593,-2343667512.299405
12957,2456926.3467806457,-6328420470.683647,2812442791.82887,-2343681072.138633
12958,2456926.5967912325,-6328415481.661638,2811730634.806787,-2343693628.442848
12959,2456926.8468021587,-6328405199.047576,2811010347.105653,-2343702598.676803
12960,2456927.0968134264,-6328383141.467503,2810292575.090761,-2343712602.9160337
12961,2456927.3468245273,-6328360931.38584,2809583239.474218,-2343726184.1074524
12962,2456927.5968354642,-6328344951.5658455,2808871668.077643,-2343738700.45432
12963,2456927.846846744,-6328323526.182972,2808152057.0645385,-2343747649.0850725
12964,2456928.09685836,-6328290374.619564,2807435153.5844736,-2343757693.472639
12965,2456928.3468698044,-6328257228.623779,2806726694.052403,-2343771296.5250964
12966,2456928.596881088,-6328230269.993294,2806015906.95134,-2343783773.733357
12967,2456928.846892718,-6328197716.075521,2805297173.435824,-2343792702.627338
12968,2456929.096904679,-6328153488.859908,2804581338.221399,-2343802788.6940084
12969,2456929.346916463,-6328109425.897113,2803873951.690206,-2343816414.0694227
12970,2456929.596928091,-6328071506.1780815,2803164146.135397,-2343828852.91418
12971,2456929.8469400676,-6328027843.694693,2802446489.3260427,-2343837763.873243
12972,2456930.09695237,-6327972564.825769,2801731920.295311,-2343847893.05172
12973,2456930.3469644906,-6327917609.402992,2801025801.711097,-2343861541.1041956
12974,2456930.596976458,-6327868751.820209,2800317172.853506,-2343873942.2546873
12975,2456930.846988778,-6327814006.207216,2799600789.674203,-2343882836.9521956
12976,2456931.097001418,-6327747705.04379,2798887682.2476635,-2343893010.5119305
12977,2456931.3470138717,-6327681886.880166,2798183023.9019794,-2343906681.4216795
12978,2456931.5970261754,-6327622119.771968,2797475764.109513,-2343919045.374021
12979,2456931.847038835,-6327556321.497913,2796760848.5184374,-2343927925.2862134
12980,2456932.097051809,-6327479032.276563,2796049394.9434104,-2343938144.263814
12981,2456932.3470645915,-6327402385.771546,2795346385.806108,-2343951837.9670086
12982,2456932.597077228,-6327331742.00603,2794640684.0070715,-2343964164.9734073
12983,2456932.8470902233,-6327254925.932245,2793927426.354199,-2343973031.308012
12984,2456933.0971035273,-6327166687.06826,2793217815.08201,-2343983296.435812
12985,2456933.347116635,-6327079250.541643,2792516640.2039857,-2343997012.553691
12986,2456933.597129601,-6326997766.693966,2791812681.320706,-2344009302.5523577
12987,2456933.847142928,-6326909971.18635,2791101267.818985,-2344018156.1797194
12988,2456934.097156558,-6326810824.318487,2790393683.022839,-2344028467.8190293
12989,2456934.3471699874,-6326712638.98912,2789694523.110024,-2344042205.5941887
12990,2456934.5971832783,-6326620354.255761,2788992487.697547,-2344054458.1492863
12991,2456934.8471969333,-6326521620.036049,2788283100.1361594,-2344063299.5468802
12992,2456935.097210886,-6326411608.818461,2787577721.5107327,-2344073657.6384473
12993,2456935.3472246327,-6326302717.543918,2786880752.8213563,-2344087415.8923707
12994,2456935.597238245,-6326199672.438429,2786180817.072048,-2344099630.159449
12995,2456935.8472522246,-6326090041.244803,2785473632.938127,-2344108459.3864784
12996,2456936.097266495,-6325969209.984296,2784770635.9488196,-2344118863.4358068
12997,2456936.3472805563,-6325849655.889994,2784076030.678637,-2344132640.565974
12998,2456936.597294486,-6325735890.880363,2783378366.9486823,-2344144815.3014746
12999,2456936.847308786,-6325615404.129884,2782673560.098715,-2344153632.02173
13000,2456937.0973233716,-6325483796.492035,2781973116.8003182,-2344164081.1364985
13001,2456937.347337743,-6325353621.742175,2781281044.047526,-2344177875.1687956
13002,2456937.597351987,-6325229176.107523,2780585821.9624357,-2344190008.797088
13003,2456937.847366604,-6325097873.857629,2779883563.8597636,-2344198812.360507
13004,2456938.0973815005,-6324955531.952156,2779185844.255326,-2344209305.346875
13005,2456938.347396178,-6324814776.977897,2778496471.4863243,-2344223114.045957
13006,2456938.5974107333,-6324679688.195486,2777803859.494661,-2344235204.7819295
13007,2456938.8474256634,-6324537608.701617,2777104320.830122,-2344243994.357883
13008,2456939.097440867,-6324384572.819728,2776409494.5365567,-2344254529.863513
13009,2456939.347455848,-6324233276.243186,2775722989.2723775,-2344268350.8837156
13010,2456939.5974707105,-6324087580.101106,2775033156.3268857,-2344280396.888725
13011,2456939.84748595,-6323934760.114524,2774336508.669132,-2344289171.624502
13012,2456940.0975014577,-6323771069.20506,2773644746.5130754,-2344299748.2978725
13013,2456940.3475167383,-6323609268.484428,2772961277.8479786,-2344313579.341339
13014,2456940.5975319045,-6323452999.882093,2772274394.825206,-2344325578.8772836
13015,2456940.8475474506,-6323289475.587856,2771580811.923036,-2344334338.045669
13016,2456941.0975632584,-6323115168.313061,2770892287.1119423,-2344344954.675811
13017,2456941.347578835,-6322942900.89619,2770212026.7422643,-2344358793.6231294
13018,2456941.5975943017,-6322776095.074264,2769528267.320595,-2344370745.1721926
13019,2456941.8476101505,-6322601903.374116,2768837925.8259397,-2344379488.2789083
13020,2456942.097626255,-6322417019.423197,2768152814.5167036,-2344390143.8902555
13021,2456942.347642124,-6322234324.072154,2767475937.1583853,-2344403988.882713
13022,2456942.5976578877,-6322057017.92909,2766795478.089259,-2344415891.2165813
13023,2456942.847674035,-6321872197.731427,2766108557.690236,-2344424618.056361
13024,2456943.0976904323,-6321676779.068376,2765427038.9956584,-2344435311.9524837
13025,2456943.3477065903,-6321483697.053442,2764753722.2762856,-2344449161.424334
13026,2456943.597722647,-6321295930.275626,2764076743.1737022,-2344461013.6255035
13027,2456943.8477390897,-6321100523.55268,2763393426.2949796,-2344469724.293248
13028,2456944.097755776,-6320894615.394812,2762715681.909848,-2344480456.059173
13029,2456944.3477722183,-6320691191.392227,2762046105.9342237,-2344494308.7323084
13030,2456944.5977885644,-6320493007.269839,2761372788.7917414,-2344506110.1819696
13031,2456944.847805298,-6320287059.791188,2760693260.0749583,-2344514805.0548162
13032,2456945.0978222685,-6320070711.261974,2760019473.732254,-2344525574.534596
13033,2456945.3478389923,-6319856993.930461,2759353820.5249085,-2344539429.392743
13034,2456945.5978556233,-6319648439.862421,2758684349.152455,-2344551179.7421756
13035,2456945.847872644,-6319432001.632249,2758008794.8948812,-2344559859.448877
13036,2456946.097889895,-6319205266.136285,2757339151.814028,-2344570666.714069
13037,2456946.3479068954,-6318981308.4369,2756677604.782872,-2344584522.9710383
13038,2456946.5979238073,-6318762436.202054,2756012164.289111,-2344596222.109848
13039,2456946.8479411104,-6318535561.686764,2755340771.947862,-2344604887.4994736
13040,2456947.097958638,-6318298497.099848,2754675458.3643975,-2344615732.8191357
13041,2456947.34797591,-6318064356.455793,2754018201.8575497,-2344629589.8903947
13042,2456947.5979930987,-6317835222.348288,2753356978.233553,-2344641237.9194794
13043,2456947.84801068,-6317597970.591877,2752689936.036117,-2344649890.0360084
13044,2456948.0980284787,-6317350639.361344,2752029138.839545,-2344660773.853396
13045,2456948.3480460187,-6317106377.74908,2751376357.809772,-2344674631.334963
13046,2456948.5980634796,-6316867042.66504,2750719537.6175833,-2344686228.547207
13047,2456948.848081334,-6316619477.374129,2750057034.2722716,-2344694868.6118846
13048,2456949.0980993994,-6316361946.6055565,2749400940.7372904,-2344705791.5288854
13049,2456949.3481172025,-6316107630.647585,2748752820.4917426,-2344719649.18373
13050,2456949.5981349307,-6315858160.186856,2748100590.628762,-2344731196.051708
13051,2456949.848153054,-6315600349.842615,2747442815.1006646,-2344739825.4519186
13052,2456950.098171381,-6315332691.423754,2746791612.6726255,-2344750788.2193446
13053,2456950.348189442,-6315068392.527228,2746148338.6646595,-2344764645.9688325
13054,2456950.598207433,-6314808857.14795,2745500886.1574445,-2344776143.136673
13055,2456950.8482258194,-6314540875.176172,2744848027.460616,-2344784763.417957
13056,2456951.098244403,-6314263165.962708,2744201903.543653,-2344795766.927901
13057,2456951.3482627175,-6313988960.521941,2743563661.1535964,-2344809624.8441916
13058,2456951.5982809654,-6313719435.759395,2742921172.9267526,-2344821073.1191983
13059,2456951.8482996104,-6313441360.763643,2742273419.8776484,-2344829685.9757495
13060,2456952.0983184455,-6313153682.825107,2741632561.570399,-2344840731.2511597
13061,2456952.3483370077,-6312869652.479625,2740999535.8205323,-2344854589.545531
13062,2456952.5983555084,-6312590219.214428,2740362198.386903,-2344865989.8843923
13063,2456952.8483744063,-6312302135.250569,2739719739.2669206,-2344874597.142837
13064,2456953.0983934873,-6312004576.148208,2739084332.995942,-2344885685.319113
13065,2456953.348412292,-6311710808.061811,2738456708.152676,-2344899544.321058
13066,2456953.5984310396,-6311421552.796519,2737824707.181465,-2344910897.8056326
13067,2456953.8484501853,-6311123549.641804,2737187729.2695675,-2344919501.3972917
13068,2456954.0984695065,-6310816202.685905,2736557960.2865396,-2344930633.691337
13069,2456954.3484885483,-6310512789.789005,2735935919.3217645,-2344944493.814276
13070,2456954.598507537,-6310213804.870956,2735309439.06314,-2344955801.6132827
13071,2456954.8485269244,-6309905978.221681,2734678128.024308,-2344964403.531687
13072,2456955.0985464803,-6309588942.639379,2734054179.7605305,-2344975581.1958165
13073,2456955.3485657535,-6309275983.763511,2733437903.674041,-2344989442.887482
13074,2456955.598584978,-6308967367.481902,2732817126.250824,-2345000706.202878
13075,2456955.8486046013,-6308649819.007669,2732191665.399837,-2345009308.4461713
13076,2456956.098624386,-6308323199.950469,2731573718.706557,-2345020532.7072716
13077,2456956.3486438845,-6308000799.786908,2730963385.74691,-2345034396.3860083
13078,2456956.5986633385,-6307682656.279487,2730348490.3592224,-2345045616.386161
13079,2456956.848683192,-6307355493.474403,2729729059.8537397,-2345054220.887351
13080,2456957.098703199,-6307019401.811846,2729117292.189724,-2345065492.875109
13081,2456957.348722917,-6306687670.647474,2728513077.0414186,-2345079358.8566327
13082,2456957.5987425945,-6306360109.577954,2727904239.157708,-2345090536.601562
13083,2456957.848762672,-6306023445.378151,2727291015.1984925,-2345099145.152558
13084,2456958.0987828956,-6305677997.255777,2726685599.8457494,-2345110465.8232303
13085,2456958.348802827,-6305337050.473618,2726087672.8656006,-2345124334.244756
13086,2456958.5988227217,-6305000186.476163,2725485063.483504,-2345135470.6106763
13087,2456958.8488430167,-6304654138.648914,2724878217.604532,-2345144084.787564
13088,2456959.098863451,-6304299454.824298,2724279322.993226,-2345155454.850832
13089,2456959.348883589,-6303949412.19016,2723687849.574074,-2345169325.6000605
13090,2456959.5989036956,-6303603364.109418,2723091634.625627,-2345180421.210566
13091,2456959.848924202,-6303248054.448494,2722491333.144312,-2345189042.3073077
13092,2456960.0989448396,-6302884259.445041,2721899122.352207,-2345200462.1631603
13093,2456960.3489651787,-6302525244.224098,2721314262.4744167,-2345214334.818743
13094,2456960.5989854904,-6302170134.197849,2720724602.431073,-2345225389.988904
13095,2456960.8490062016,-6301805687.574283,2720131006.1092615,-2345234018.9653454
13096,2456961.0990270367,-6301432908.703464,2719545636.582148,-2345245488.656575
13097,2456961.3490475705,-6301065046.658454,2718967544.5955606,-2345259362.445381
13098,2456961.5990680815,-6300700999.094964,2718384594.312654,-2345270377.143772
13099,2456961.8490889915,-6300327542.415805,2717797858.2658205,-2345279014.5927815
13100,2456962.0991100175,-6299945908.720906,2717219481.794752,-2345290533.777828
13101,2456962.34913074,-6299569327.0457325,2716648306.466184,-2345304407.553672
13102,2456962.5991514437,-6299196467.55116,2716072215.3018503,-2345315381.3869953
13103,2456962.849172546,-6298814128.683885,2715492489.1917095,-2345324027.525477
13104,2456963.0991937574,-6298423769.86623,2714921252.1827044,-2345335595.476476
13105,2456963.3492146623,-6298038596.120485,2714357137.044929,-2345349467.725382
13106,2456963.599235553,-6297657050.447505,2713788049.2891607,-2345360399.9509106
13107,2456963.8492568415,-6297265957.187974,2713215477.834487,-2345369054.6399517
13108,2456964.0992782316,-6296867002.601559,2712651521.903448,-2345380670.2713795
13109,2456964.3492993126,-6296473363.74082,2712094605.934649,-2345394539.148699
13110,2456964.5993203837,-6296083256.862693,2711532661.5720005,-2345405428.719601
13111,2456964.849341853,-6295683536.060788,2710967385.393569,-2345414091.518491
13112,2456965.0993634155,-6295276113.899004,2710410848.29218,-2345425753.4504447
13113,2456965.349384667,-6294874135.533303,2709861266.919137,-2345439616.853094
13114,2456965.599405913,-6294475590.983504,2709306602.7033505,-2345450462.49892
13115,2456965.8494275566,-6294067367.97222,2708748759.4636974,-2345459132.7538195
13116,2456966.099449286,-6293651604.795509,2708199776.2773333,-2345470839.409056
13117,2456966.3494707015,-6293241410.824886,2707657662.6220775,-2345484695.0801916
13118,2456966.5994921173,-6292834550.447651,2707110413.359713,-2345495495.4177814
13119,2456966.849513929,-6292417948.913386,2706560139.0716805,-2345504172.3781047
13120,2456967.099535819,-6291993969.643766,2706018843.540618,-2345515922.1035457
13121,2456967.3495573937,-6291575682.380664,2705484329.740034,-2345529767.7579365
13122,2456967.5995789724,-6291160626.581641,2704944629.5928507,-2345540521.4187274
13123,2456967.8496009465,-6290735768.940394,2704402059.8900623,-2345549204.365039
13124,2456968.099622992,-6290303697.359607,2703868585.634191,-2345560995.5595555
13125,2456968.3496447196,-6289877438.144223,2703341804.0045047,-2345574829.0098553
13126,2456968.5996664558,-6289454306.614785,2702809787.5794163,-2345585534.762577
13127,2456968.849688587,-6289021314.834403,2702275058.719762,-2345594223.124325
13128,2456969.099710781,-6288581274.49263,2701749540.1460347,-2345606054.3507795
13129,2456969.3497326556,-6288147164.676249,2701230623.9853396,-2345619873.612876
13130,2456969.599754544,-6287716077.437314,2700706427.024243,-2345630530.460681
13131,2456969.8497768254,-6287275074.125861,2700179676.462698,-2345639223.904112
13132,2456970.099799163,-6286827189.4598255,2699662249.2197485,-2345651093.96795
13133,2456970.349821179,-6286385351.53888,2699151333.1439896,-2345664897.3298454
13134,2456970.5998432133,-6285946430.076221,2698635092.7420664,-2345675504.5688
13135,2456970.8498656396,-6285497539.603666,2698116459.235627,-2345684203.0449643
13136,2456971.0998881147,-6285041937.03234,2697607260.2121043,-2345696111.0321975
13137,2456971.3499102658,-6284592495.70794,2697104480.0537887,-2345709897.0823216
13138,2456971.59993244,-6284145863.985386,2696596334.466006,-2345720454.3201795
13139,2456971.849955005,-6283689213.441198,2696085957.7976203,-2345729158.074722
13140,2456972.099977611,-6283226022.261389,2695585124.7747383,-2345741103.3537345
13141,2456972.3499998916,-6282769105.269173,2695090617.174281,-2345754870.975517
13142,2456972.6000221996,-6282314890.489275,2694590705.354879,-2345765378.119552
13143,2456972.8500448973,-6281850610.370906,2694088725.8317003,-2345774087.674734
13144,2456973.1000676276,-6281379963.373621,2693596396.9514055,-2345786069.8736844
13145,2456973.3500900315,-6280915702.03014,2693110298.8043537,-2345799818.2190557
13146,2456973.600112467,-6280454035.112338,2692618759.8407755,-2345810275.44618
13147,2456973.850135291,-6279982259.737172,2692125317.723092,-2345818991.568544
13148,2456974.1001581396,-6279504293.557502,2691641630.920135,-2345831010.541637
13149,2456974.3501806604,-6279032823.053657,2691164078.8183713,-2345844738.9964213
13150,2456974.6002032175,-6278563838.875906,2690681051.385851,-2345855146.71796
13151,2456974.8502261606,-6278084706.575288,2690196286.359693,-2345863870.383228
13152,2456975.1002491214,-6277599561.844646,2689721378.856888,-2345875926.1765547
13153,2456975.3502717526,-6277121021.362781,2689252508.6088614,-2345889634.3274236
13154,2456975.600294424,-6276644858.84872,2688778130.5165577,-2345899993.157163
13155,2456975.85031748,-6276158512.029532,2688302181.2672167,-2345908725.5198617
13156,2456976.100340546,-6275666333.417348,2687836189.177766,-2345920818.3431535
13157,2456976.350363281,-6275180866.159162,2687376135.4393167,-2345934505.9514737
13158,2456976.600386061,-6274697668.2967205,2686910543.2878957,-2345944816.681263
13159,2456976.850409223,-6274204253.454138,2686443547.183376,-2345953559.0523057
13160,2456977.1004323876,-6273705189.679234,2685986605.219673,-2345965689.2589536
13161,2456977.3504552194,-6273212942.880844,2685535501.225814,-2345979356.2429137
13162,2456977.600478101,-6272722856.744113,2685078830.1588254,-2345989619.826385
13163,2456977.8505013627,-6272222524.492271,2684620923.0184727,-2345998373.6584706
13164,2456978.1005246183,-6271716728.365554,2684173164.2760367,-2346010541.732853
13165,2456978.3505475405,-6271217853.35573,2683731141.636652,-2346024188.1563225
13166,2456978.6005705167,-6270721030.180363,2683283525.14353,-2346034405.6985493
13167,2456978.8505938705,-6270213935.345467,2682834841.0449758,-2346043172.5765896
13168,2456979.100617211,-6269701563.8823,2682396396.8105035,-2346055379.125426
13169,2456979.350640216,-6269196216.215957,2681963585.315232,-2346069005.1896877
13170,2456979.6006632796,-6268692811.553736,2681525155.02787,-2346079177.9384885
13171,2456979.8506867187,-6268179113.34842,2681085826.091464,-2346087959.5703444
13172,2456980.1007101364,-6267660327.96263,2680656825.611838,-2346100205.3129673
13173,2456980.350733218,-6267148667.634364,2680233352.978856,-2346113811.345823
13174,2456980.600756362,-6266638841.583966,2679804238.394993,-2346123940.6788397
13175,2456980.850779879,-6266118703.851989,2679374394.478049,-2346132738.8802176
13176,2456981.100803367,-6265593670.612081,2678954964.6222377,-2346145024.631305
13177,2456981.350826517,-6265075862.321416,2678540956.1236095,-2346158611.066995
13178,2456981.6008497346,-6264559779.798136,2678121284.1911135,-2346168698.4678707
13179,2456981.850873322,-6264033371.28278,2677701052.4283166,-2346177515.134561
13180,2456982.1008968726,-6263502261.174072,2677291317.18219,-2346189841.7725935
13181,2456982.350920085,-6262978474.576519,2676886895.0905538,-2346203409.1159267
13182,2456982.600943368,-6262456305.545418,2676476789.603618,-2346213456.1332417
13183,2456982.8509670184,-6261923800.096766,2676066293.752442,-2346222293.19481
13184,2456983.100990624,-6261386789.195997,2675666373.5145345,-2346234661.6108766
13185,2456983.3510138905,-6260857199.038567,2675271656.3500466,-2346248210.380879
13186,2456983.6010372317,-6260329118.602853,2674871237.1486106,-2346258218.566105
13187,2456983.851060938,-6259790695.210398,2674470596.7449803,-2346267077.918353
13188,2456984.101084591,-6259247964.655639,2674080607.443821,-2346279488.9438457
13189,2456984.3511079038,-6258712750.67811,2673695709.0583053,-2346293019.5968695
13190,2456984.6011312963,-6258178938.9048605,2673305091.084873,-2346302990.422759
13191,2456984.85115505,-6257634781.440928,2672914420.4809923,-2346311873.8420134
13192,2456985.1011787425,-6257086517.088508,2672534472.6037035,-2346324328.1599836
13193,2456985.3512020945,-6256545863.591366,2672159501.209143,-2346337840.9987917
13194,2456985.60122553,-6256006504.987584,2671778793.5465555,-2346347775.766517
13195,2456985.851249323,-6255456801.589583,2671398200.969371,-2346356684.815821
13196,2456986.1012730477,-6254903193.303681,2671028398.6528454,-2346369182.8676233
13197,2456986.3512964314,-6254357288.348259,2670663455.9558234,-2346382677.949463
13198,2456986.601319902,-6253812570.974786,2670292761.014877,-2346392577.6988025
13199,2456986.8513437277,-6253257513.077124,2669922347.817837,-2346401513.6412697
13200,2456987.1013674764,-6252698753.686977,2669562788.1752644,-2346414055.544461
13201,2456987.3513908833,-6252147787.986931,2669207968.786341,-2346427532.6044273
13202,2456987.6014143815,-6251597902.292819,2668847381.8045926,-2346437398.04321
13203,2456987.8514382318,-6251037683.413245,2668487242.0626426,-2346446361.7784595
13204,2456988.101461997,-6250473967.462745,2668138014.880435,-2346458947.271161
13205,2456988.3514854196,-6249918133.109158,2667793406.115737,-2346472405.6749887
13206,2456988.6015089382,-6249363270.643116,2667443015.064449,-2346482237.140563
13207,2456988.851532805,-6248798085.090816,2667093235.587028,-2346491229.175341
13208,2456989.1015565787,-6248229607.554768,2666754423.443689,-2346503857.5964065
13209,2456989.3515800103,-6247669096.752144,2666420105.546616,-2346517296.330066
13210,2456989.6016035415,-6247109448.927517,2666079991.4504952,-2346527093.788063
13211,2456989.851627417,-6246539490.605016,2665740652.195105,-2346536114.2442718
13212,2456990.101651192,-6245966445.73666,2665412330.9640756,-2346548784.550557
13213,2456990.3516746247,-6245401449.704045,2665088377.6906476,-2346562202.2460423
13214,2456990.601698161,-6244837206.758961,2664758615.2881165,-2346571965.324069
13215,2456990.8517220384,-6244262668.185334,2664429790.08916,-2346581013.980304
13216,2456991.101745807,-6243685248.60738,2664112029.7301755,-2346593724.795803
13217,2456991.3517692336,-6243115956.741456,2663798509.1953826,-2346607119.7869077
13218,2456991.6017927676,-6242547306.9756,2663479167.8321834,-2346616847.8361125
13219,2456991.8518166393,-6241968378.597794,2663160925.3358197,-2346625924.194996
13220,2456992.1018403945,-6241386774.690147,2662853790.865562,-2346638673.883752
13221,2456992.351863808,-6240813374.031013,2662550766.5433173,-2346652044.283587
13222,2456992.601887333,-6240240503.34925,2662241911.1952057,-2346661736.4598927
13223,2456992.8519111914,-6239657373.16265,2661934315.8998823,-2346670839.833001
13224,2456993.1019349266,-6239071772.760584,2661637868.4460707,-2346683626.58774
13225,2456993.3519583195,-6238494447.768243,2661345400.231291,-2346696970.3801622
13226,2456993.6019818285,-6237917539.534469,2661047092.5684557,-2346706625.7375703
13227,2456993.852005667,-6237330393.012822,2660750205.887413,-2346715755.3405995
13228,2456994.1020293743,-6236740981.413096,2660464503.7452874,-2346728577.2798324
13229,2456994.3520527403,-6236159914.050117,2660182648.998979,-2346741892.417676
13230,2456994.6020762264,-6235579149.244972,2659894948.4139853,-2346751510.006618
13231,2456994.852100038,-6234988169.571221,2659608829.6814094,-2346760665.057681
13232,2456995.1021237113,-6234395129.835202,2659333929.293688,-2346773520.324036
13233,2456995.352147043,-6233810499.94133,2659062743.7908134,-2346786804.8266845
13234,2456995.602170499,-6233226057.605529,2658785708.3080335,-2346796383.789706
13235,2456995.852194277,-6232631426.179956,2658510415.645278,-2346805563.6028433
13236,2456996.102217909,-6232034939.704075,2658246372.42058,-2346818450.454407
13237,2456996.3522412004,-6231446925.6259985,2657985911.114624,-2346831702.4961624
13238,2456996.6022646194,-6230858983.543889,2657719598.095213,-2346841242.152224
13239,2456996.8522883565,-6230260880.715462,2657455189.0522394,-2346850446.2173033
13240,2456997.1023119404,-6229661128.005117,2657202057.9395576,-2346863363.1030703
13241,2456997.352335185,-6229069907.407368,2656952375.465792,-2346876581.0835056
13242,2456997.6023585605,-6228478642.947309,2656696842.0360126,-2346886080.992381
13243,2456997.85238225,-6227877248.875201,2656443373.943347,-2346895309.033253
13244,2456998.1024057795,-6227274410.420534,2656201209.7072,-2346908254.645127
13245,2456998.3524289695,-6226680161.168632,2655962360.579977,-2346921437.234594
13246,2456998.6024522954,-6226085752.165037,2655717663.750426,-2346930897.2353635
13247,2456998.8524759305,-6225481247.691049,2655475193.7625456,-2346940149.2413926
13248,2456999.102499398,-6224875504.823015,2655244050.9538174,-2346953122.539078
13249,2456999.352522527,-6224278405.817148,2655016089.4674764,-2346966268.696935
13250,2456999.602545796,-6223681031.374573,2654782285.967306,-2346975688.9194307
13251,2456999.8525693696,-6223073598.790899,2654550870.8357253,-2346984965.1505823
13252,2457000.1025927686,-6222465134.408377,2654330803.5099454,-2346997965.3609333
13253,2457000.35261583,-6221865366.266498,2654113783.407466,-2347011074.329339
13254,2457000.6026390353,-6221265207.394526,2653890929.308756,-2347020455.182574
13255,2457000.8526625405,-6220655031.026938,2653670624.9693985,-2347029756.1532354
13256,2457001.1026858636,-6220044030.127398,2653461686.244567,-2347042782.7502127
13257,2457001.352708851,-6219441775.66341,2653255660.251576,-2347055854.0304494
13258,2457001.602731985,-6218839015.7014885,2653043810.4851513,-2347065196.175687
13259,2457001.8527554153,-6218226282.28085,2652834671.5629025,-2347074522.6253376
13260,2457002.1027786555,-6217612932.280842,2652636913.119368,-2347087575.299029
13261,2457002.3528015614,-6217008376.777012,2652441932.444026,-2347100608.6190867
13262,2457002.6028246176,-6216403201.620728,2652241140.3034244,-2347109912.9362364
13263,2457002.852847965,-6215788100.465384,2652043219.6252956,-2347119265.7954807
13264,2457003.102871116,-6215172591.343408,2651856691.2327795,-2347132344.4184294
13265,2457003.3528939327,-6214565922.65841,2651672805.1091914,-2347145339.6996503
13266,2457003.6029169043,-6213958520.835953,2651483121.812353,-2347154607.254317
13267,2457003.852940162,-6213341243.900036,2651296469.990224,-2347163987.6129966
13268,2457004.1029632157,-6212723768.221743,2651121219.113926,-2347177092.2098994
13269,2457004.352985937,-6212115176.797901,2650948474.4318576,-2347190049.5380583
13270,2457004.6030088165,-6211505739.462727,2650769948.774105,-2347199281.553894
13271,2457004.853031977,-6210886481.317598,2650594613.8817124,-2347208690.6352286
13272,2457005.1030549267,-6210267234.210978,2650430685.383478,-2347221821.359196
13273,2457005.3530775453,-6209656913.047734,2650269126.4119625,-2347234740.9624853
13274,2457005.6031003254,-6209045633.953176,2650101804.509981,-2347243938.8005857
13275,2457005.8531233817,-6208424591.765858,2649937831.8461947,-2347253377.9423437
13276,2457006.1031462196,-6207803770.907431,2649785267.7656755,-2347266535.0580235
13277,2457006.3531687283,-6207191915.559084,2649634935.9488616,-2347279417.291594
13278,2457006.603191402,-6206578991.069393,2649478861.047675,-2347288582.4359922
13279,2457006.8532143463,-6205956364.628382,2649326292.952192,-2347298053.0770926
13280,2457007.1032370655,-6205334170.286565,2649185132.328657,-2347311236.948503
13281,2457007.353259457,-6204720978.925599,2649046066.109329,-2347324082.2828503
13282,2457007.6032820162,-6204106608.099605,2648901278.402828,-2347333216.328778
13283,2457007.8533048416,-6203482599.918774,2648760154.0703835,-2347342719.9975486
13284,2457008.103327435,-6202859235.0792675,2648630432.7469316,-2347355931.0762844
13285,2457008.3533497015,-6202244908.643777,2648502667.3553796,-2347368740.0845737
13286,2457008.60337214,-6201629293.402613,2648369203.7545123,-2347377844.7241645
13287,2457008.8533948385,-6201004108.907215,2648239558.978418,-2347387383.0224295
13288,2457009.103417298,-6200379779.476249,2648121309.3166165,-2347400621.8299937
13289,2457009.3534394326,-6199764521.888331,2648004876.4506707,-2347413395.1676884
13290,2457009.603461742,-6199147867.244668,2647882770.22355,-2347422472.1661105
13291,2457009.8534843065,-6198521715.006507,2647764636.992045,-2347432046.741742
13292,2457010.1035066247,-6197896630.047693,2647657887.42085,-2347445313.8383927
13293,2457010.35352862,-6197280648.446952,2647552814.742721,-2347458052.2075386
13294,2457010.6035507936,-6196663162.7274885,2647442094.955323,-2347467103.361836
13295,2457010.853573216,-6196036254.668013,2647335500.8342557,-2347476715.8621364
13296,2457011.1035953853,-6195410626.578596,2647240275.173532,-2347490011.7948804
13297,2457011.353617234,-6194794131.463108,2647146585.572611,-2347502715.8860407
13298,2457011.6036392637,-6194176026.403667,2647047276.2907047,-2347511742.960404
13299,2457011.8536615367,-6193548577.832294,2646952243.567277,-2347521394.9609957
13300,2457012.10368355,-6192922622.315102,2646868560.117323,-2347534720.1865363
13301,2457012.353705244,-6192305827.437131,2646786270.749703,-2347547390.5956535
13302,2457012.603727122,-6191687317.990905,2646698390.0346975,-2347556395.232136
13303,2457012.853749238,-6191059547.315263,2646614934.6791916,-2347566088.1423163
13304,2457013.1037710872,-6190433482.982878,2646542805.159515,-2347579442.9281807
13305,2457013.35379262,-6189816604.840012,2646471926.37535,-2347592080.054124
13306,2457013.603814339,-6189197908.548573,2646395485.2136006,-2347601063.6672297
13307,2457013.85383629,-6188570036.520443,2646323615.827058,-2347610798.6230574
13308,2457014.103857968,-6187944084.0150585,2646263044.3597593,-2347624182.9409356
13309,2457014.3538793307,-6187327340.8453245,2646203578.738811,-2347636786.880407
13310,2457014.6039008833,-6186708676.711394,2646138580.146522,-2347645750.5548964
13311,2457014.8539226623,-6186080925.182693,2646078297.1537027,-2347655528.321721
13312,2457015.1039441614,-6185455305.825577,2646029279.5621195,-2347668941.756654
13313,2457015.3539653476,-6184838916.163031,2645981221.332866,-2347681512.221518
13314,2457015.6039867266,-6184220503.12593,2645927659.9091578,-2347690456.639256
13315,2457015.8540083254,-6183593093.46052,2645878955.2583685,-2347700277.5497313
13316,2457016.104029638,-6182968027.620123,2645841478.923397,-2347713719.2506003
13317,2457016.354050641,-6182352208.640311,2645804813.981056,-2347726255.531658
13318,2457016.6040718383,-6181734263.919151,2645762676.0898466,-2347735180.949415
13319,2457016.8540932504,-6181107415.354676,2645725533.5990615,-2347745044.8960185
13320,2457017.10411437,-6180483120.849234,2645699577.966324,-2347758513.5830016
13321,2457017.3541351818,-6179868086.833433,2645674284.532975,-2347771014.571926
13322,2457017.6041561915,-6179250824.470583,2645643549.1052904,-2347779920.8573346
13323,2457017.8541774093,-6178624752.757152,2645617945.3949566,-2347789827.342136
13324,2457018.1041983287,-6178001443.6038685,2645603483.0238853,-2347803321.3693347
13325,2457018.3542189426,-6177387404.810724,2645589532.7964554,-2347815785.6324663
13326,2457018.6042397576,-6176771034.673395,2645570172.5593076,-2347824672.347724
13327,2457018.854260775,-6176145951.210285,2645556078.344921,-2347834620.5751214
13328,2457019.1042814874,-6175523836.900856,2645553076.2476177,-2347848138.0309052
13329,2457019.3543018973,-6174910998.981362,2645550435.7647867,-2347860563.9151483
13330,2457019.604322511,-6174295726.312764,2645542418.6188884,-2347869430.4267864
13331,2457019.8543433207,-6173671837.830507,2645539800.0850463,-2347879419.416356
13332,2457020.10436382,-6173051123.138851,2645548221.083509,-2347892958.2381806
13333,2457020.3543840195,-6172439687.062555,2645556853.053121,-2347905343.9858503
13334,2457020.6044044257,-6171825712.516646,2645560143.3598037,-2347914189.5783243
13335,2457020.854425022,-6171203221.210389,2645568963.3991156,-2347924218.27685
13336,2457021.1044453015,-6170584106.415875,2645588767.309806,-2347937776.361131
13337,2457021.3544652844,-6169974268.774529,2645608631.7333417,-2347950120.216438
13338,2457021.604485477,-6169361788.789454,2645623191.3751135,-2347958944.19437
13339,2457021.854505853,-6168740892.752509,2645643410.5835233,-2347969011.5739517
13340,2457022.104525907,-6168123574.125847,2645674555.1470532,-2347982586.8701396
13341,2457022.354545668,-6167515527.664301,2645705610.1828756,-2347994887.168536
13342,2457022.60456564,-6166904735.030158,2645731399.3605413,-2348003688.9407926
13343,2457022.85458579,-6166285628.851528,2645762976.7706323,-2348013794.078113
13344,2457023.104605613,-6165670299.277469,2645805418.3235035,-2348027384.66356
13345,2457023.354625145,-6165064233.537219,2645847620.8981323,-2348039639.901813
13346,2457023.6046448913,-6164455318.055088,2645884598.6832843,-2348048419.046484
13347,2457023.85466481,-6163838193.489779,2645927492.2611475,-2348058561.183177
13348,2457024.1046843952,-6163225043.146657,2645981186.1795235,-2348072165.3193583
13349,2457024.354703693,-6162621145.15239,2646034492.37922,-2348084374.2073507
13350,2457024.604723208,-6162014294.324422,2646082617.0550346,-2348093130.518891
13351,2457024.854742889,-6161399340.984435,2646136783.992883,-2348103309.1044364
13352,2457025.1047622305,-6160788558.035099,2646201684.9388137,-2348116925.2759867
13353,2457025.354781289,-6160187012.984146,2646266050.2096605,-2348129086.7716174
13354,2457025.6048005666,-6159582412.698602,2646325279.425535,-2348137820.291412
13355,2457025.8548200037,-6158969818.731211,2646390676.252945,-2348148035.009711
13356,2457026.104839097,-6158361589.993695,2646466738.2435484,-2348161661.9472365
13357,2457026.3548579095,-6157762581.917519,2646542117.418485,-2348173775.275267
13358,2457026.604876944,-6157160417.097919,2646612408.1755586,-2348182486.306323
13359,2457026.8548961314,-6156550369.819931,2646688990.7055426,-2348192737.086567
13360,2457027.10491497,-6155944881.385614,2646776167.021306,-2348206373.7739334
13361,2457027.354933532,-6155348593.750093,2646862514.191061,-2348218438.429457
13362,2457027.6049523177,-6154749048.934444,2646943822.6768627,-2348227127.536012
13363,2457027.85497125,-6154141735.387602,2647031545.8071094,-2348237414.5488076
13364,2457028.104989828,-6153539173.151797,2647129788.762212,-2348251060.216063
13365,2457028.355008133,-6152945789.361546,2647227057.0159297,-2348263075.954056
13366,2457028.605026664,-6152349049.177391,2647319338.3174067,-2348271743.947812
13367,2457028.855045336,-6151744656.57226,2647418155.719488,-2348282067.5886965
13368,2457029.105063648,-6151145206.646758,2647527416.330461,-2348295721.693128
13369,2457029.3550816905,-6150554910.425622,2647635557.405788,-2348307688.506901
13370,2457029.6050999616,-6149961159.936753,2647738765.14362,-2348316336.4231195
13371,2457029.8551183664,-6149359875.964921,2647848628.88573,-2348326697.286916
13372,2457030.1051364066,-6148763724.956729,2647968856.4862757,-2348340359.486024
13373,2457030.355154182,-6148176700.593893,2648087820.3784924,-2348352277.5787053
13374,2457030.6051721866,-6147586125.513449,2648201906.313202,-2348360906.646384
13375,2457030.855190319,-6146988138.528235,2648322766.4672985,-2348371305.4968376
13376,2457031.105208082,-6146395473.690489,2648453908.319697,-2348384975.617758
13377,2457031.3552255835,-6145811906.163628,2648583642.898983,-2348396845.371295
13378,2457031.605243317,-6145224692.950349,2648708556.5561047,-2348405456.981962
13379,2457031.855261171,-6144630192.038121,2648840360.8341312,-2348415894.721029
13380,2457032.1052786508,-6144041201.319985,2648982361.7786593,-2348429572.7305946
13381,2457032.3552958732,-6143461276.32674,2649122812.45316,-2348441394.67628
13382,2457032.6053133295,-6142877612.199638,2649258500.80082,-2348449990.3550854
13383,2457032.8553308994,-6142286787.180213,2649401194.248594,-2348460467.99524
13384,2457033.1053480906,-6141701659.217127,2649553996.414467,-2348474153.973658
13385,2457033.355365028,-6141125563.158412,2649705105.8573976,-2348485928.7667384
13386,2457033.6053822013,-6140545636.074964,2649851513.048977,-2348494510.1479774
13387,2457033.8553994815,-6139958677.477328,2650005037.8047996,-2348505028.7891607
13388,2457034.105416379,-6139377601.56814,2650168580.383968,-2348518722.9084454
13389,2457034.355433026,-6138805521.529654,2650330288.320251,-2348530451.307468
13390,2457034.6054499107,-6138229520.173164,2650487355.4919653,-2348539020.1146626
13391,2457034.8554668953,-6137646619.230762,2650651650.5940175,-2348549580.9254937
13392,2457035.105483493,-6137069785.344186,2650825869.65633,-2348563283.431739
13393,2457035.355499844,-6136501909.116268,2650998112.6818953,-2348574966.2812047
13394,2457035.6055164346,-6135930022.929663,2651165777.772874,-2348583524.3097863
13395,2457035.855533118,-6135351371.629075,2651340778.977831,-2348594128.5105133
13396,2457036.10554941,-6134778970.469337,2651525607.284892,-2348607839.706999
13397,2457036.35556546,-6134215486.630477,2651708318.670918,-2348619477.9197526
13398,2457036.60558175,-6133647905.916591,2651886516.2135024,-2348628027.0182395
13399,2457036.855598127,-6133073697.113932,2652072155.769538,-2348638675.86089
13400,2457037.105614108,-6132505920.25346,2652267522.5262055,-2348652396.0869055
13401,2457037.355629851,-6131947018.317925,2652460631.943424,-2348663990.6206746
13402,2457037.605645836,-6131383934.398663,2652649292.7553377,-2348672532.6643367
13403,2457037.8556619002,-6130814361.987051,2652845499.058508,-2348683227.403572
13404,2457038.1056775646,-6130251402.039605,2653051329.528898,-2348696957.0021296
13405,2457038.3556929952,-6129697272.631759,2653254762.6177106,-2348708508.8230596
13406,2457038.6057086694,-6129138878.016871,2653453813.321929,-2348717045.672676
13407,2457038.8557244157,-6128574137.08295,2653660510.3829665,-2348727787.5198174
13408,2457039.105739758,-6128016187.841515,2653876725.301162,-2348741526.78668
13409,2457039.3557548705,-6127467022.806809,2654090403.0228148,-2348753036.812519
13410,2457039.6057702284,-6126913511.267512,2654299765.33762,-2348761570.2511826
13411,2457039.855785651,-6126353798.117163,2654516872.0116496,-2348772360.304908
13412,2457040.1058006654,-6125801054.52191,2654743386.7523875,-2348786109.4132953
13413,2457040.355815455,-6125257046.825748,2654967224.5024285,-2348797578.4316564
13414,2457040.6058304906,-6124708613.211299,2655186814.3021946,-2348806110.0765386
13415,2457040.855845584,-6124154125.09179,2655414243.3047214,-2348816949.2289352
13416,2457041.105860266,-6123606782.847143,2655650966.8637123,-2348830708.130661
13417,2457041.3558747265,-6123068126.075962,2655884873.426872,-2348842136.6956124
13418,2457041.6058894345,-6122524965.687699,2656114599.6851153,-2348850667.8907924
13419,2457041.8559041936,-6121975900.026038,2656352256.5403814,-2348861556.717978
13420,2457042.105918537,-6121434154.698314,2656599090.506263,-2348875325.0335236
13421,2457042.355932664,-6120901042.013088,2656842967.070963,-2348886713.3565454
13422,2457042.6059470396,-6120363349.412153,2657082730.938883,-2348895245.0665417
13423,2457042.8559614588,-6119819902.480031,2657330513.146115,-2348906183.727032
13424,2457043.105975459,-6119283948.027709,2657587350.977409,-2348919960.6510015
13425,2457043.355989247,-6118756570.570774,2657841090.5447454,-2348931308.515479
13426,2457043.606003285,-6118224537.875607,2658090784.9133387,-2348939841.250898
13427,2457043.856017359,-6117686902.996664,2658348581.6823716,-2348950829.424689
13428,2457044.106031011,-6117156929.91154,2658615308.6330953,-2348964613.6801534
13429,2457044.356044456,-6116635474.907964,2658878796.1438966,-2348975920.4123926
13430,2457044.606058151,-6116109289.883367,2659138305.9805565,-2348984454.2190237
13431,2457044.8560718754,-6115577655.540141,2659405998.782556,-2348995491.1159167
13432,2457045.1060851747,-6115053849.004369,2659682492.665398,-2349009280.98225
13433,2457045.3560982714,-6114538497.999676,2659955605.9675555,-2349020545.4984384
13434,2457045.6061116196,-6114018342.40316,2660224809.4751396,-2349029080.023103
13435,2457045.8561249906,-6113492890.718824,2660502273.377289,-2349040164.466943
13436,2457046.1061379323,-6112975429.246444,2660788406.0525527,-2349053957.8807325
13437,2457046.3561506774,-6112466356.927055,2661071017.5182986,-2349065178.8022118
13438,2457046.606163674,-6111952405.521571,2661349787.853104,-2349073713.4205594
13439,2457046.856176687,-6111433311.474272,2661636893.309141,-2349084843.987787
13440,2457047.106189268,-6110922366.332542,2661932532.5184064,-2349098638.6894717
13441,2457047.356201657,-6110419740.153485,2662224510.890952,-2349109814.494226
13442,2457047.606214299,-6109912160.534786,2662512717.9943113,-2349118348.464632
13443,2457047.8562269495,-6109399591.974865,2662809332.6365085,-2349129523.6389346
13444,2457048.106239166,-6108895327.379393,2663114343.7322106,-2349143317.3258643
13445,2457048.3562511955,-6108399307.921126,2663415555.772397,-2349154446.4971924
13446,2457048.6062634788,-6107898261.016977,2663713067.9185944,-2349162979.1033587
13447,2457048.8562757643,-6107392379.289252,2664019057.995553,-2349174197.4114184
13448,2457049.1062876126,-6106894953.130301,2664333305.260045,-2349187987.865664
13449,2457049.3562992793,-6106405694.909236,2664643616.9407034,-2349199069.01057
13450,2457049.6063112,-6105911335.853834,2664950301.804621,-2349207599.669771
13451,2457049.856323117,-6105412296.717627,2665265533.124095,-2349218859.7797203
13452,2457050.106334594,-6104921861.5103855,2665588880.591007,-2349232644.9568787
13453,2457050.3563458947,-6104439513.944667,2665908157.80104,-2349243676.8847914
13454,2457050.6063574506,-6103951993.045761,2666223883.05175,-2349252205.2166367
13455,2457050.856368995,-6103459947.632386,2666548221.472667,-2349263505.9978724
13456,2457051.106380098,-6102976651.456975,2666880533.3258066,-2349277284.0786586
13457,2457051.3563910294,-6102501359.781751,2667208642.183802,-2349288265.8449364
13458,2457051.606402217,-6102020823.404603,2667533275.721957,-2349296791.7073264
13459,2457051.856413386,-6101535919.066168,2667866587.325363,-2349308132.2600193
13460,2457052.1064241114,-6101059906.379936,2668207728.0114846,-2349321901.6741304
13461,2457052.356434671,-6100591812.421852,2668544534.9270205,-2349332832.59854
13462,2457052.6064454876,-6100118403.72444,2668877944.9018583,-2349341356.10126
13463,2457052.8564562784,-6099640784.730286,2669220095.971227,-2349352735.765984
13464,2457053.1064666235,-6099172197.027782,2669569930.149206,-2349366495.198384
13465,2457053.3564768084,-6098711439.830044,2669915301.7446947,-2349377374.868133
13466,2457053.6064872504,-6098245299.353956,2670257356.4529014,-2349385896.372962
13467,2457053.8564976603,-6097775107.449581,2670608213.3545504,-2349397314.728606
13468,2457054.1065076226,-6097314083.792824,2670966605.76015,-2349411063.1155133
13469,2457054.35651743,-6096860800.118848,2671320408.721111,-2349421891.379229
13470,2457054.6065274947,-6096402066.267274,2671670976.4444475,-2349430411.4921317
13471,2457054.8565375204,-6095939441.128671,2672030405.45499,-2349441868.3467617
13472,2457055.106547097,-6095486118.58072,2672397220.7189445,-2349455604.8652887
13473,2457055.356556524,-6095040443.328363,2672759321.602292,-2349466381.821165
13474,2457055.606566209,-6094589252.761037,2673118270.4065704,-2349474901.3790584
13475,2457055.856575848,-6094134332.371495,2673486137.503942,-2349486396.7557154
13476,2457056.106585036,-6093688846.357095,2673861239.935097,-2349500120.8086324
13477,2457056.3565940806,-6093250912.903516,2674231504.9433107,-2349510846.787818
13478,2457056.6066033826,-6092807400.864999,2674598702.4438176,-2349519366.8406973
13479,2457056.856612632,-6092360321.82712,2674974873.065163,-2349530900.9586496
13480,2457057.1066214293,-6091922806.429599,2675358126.4008756,-2349544612.154684
13481,2457057.3566300883,-6091492746.912804,2675736421.124063,-2349555287.700227
13482,2457057.6066390052,-6091057047.497269,2676111734.2197933,-2349563809.4889355
13483,2457057.8566478626,-6090617945.280944,2676496072.989491,-2349575382.740757
13484,2457058.1066562664,-6090188533.47431,2676887340.117854,-2349589080.8708086
13485,2457058.3566645375,-6089766479.008822,2677273529.2499113,-2349599706.7127
13486,2457058.6066730665,-6089338725.358041,2677656823.8347054,-2349608231.643049
13487,2457058.856681529,-6088907734.480853,2678049194.2724133,-2349619844.5682635
13488,2457059.106689537,-6088486558.293635,2678448336.9382186,-2349633529.5785875
13489,2457059.3566974173,-6088072639.11789,2678842283.98079,-2349644106.606125
13490,2457059.6067055557,-6087652963.551254,2679233424.64647,-2349652636.220648
13491,2457059.856713621,-6087230217.691645,2679633688.871745,-2349664289.4775157
13492,2457060.1067212303,-6086817408.305092,2680040567.383632,-2349677961.44149
13493,2457060.356728718,-6086411753.865176,2680442134.3557806,-2349688490.674629
13494,2457060.6067364635,-6086000287.948771,2680840984.1055923,-2349697026.623818
13495,2457060.8567441287,-6085585920.00184,2681249002.5570617,-2349708720.9610343
13496,2457061.1067513376,-6085181607.794815,2681663475.512956,-2349722380.051243
13497,2457061.35675843,-6084784346.779598,2682072522.6825113,-2349732862.612651
13498,2457061.60676578,-6084381221.351976,2682478942.6690245,-2349741406.6272244
13499,2457061.856773043,-6083975363.447775,2682894573.8500447,-2349753142.8569565
13500,2457062.1067798487,-6083579678.010377,2683316497.890356,-2349766789.318855
13501,2457062.3567865435,-6083190938.361898,2683732883.53336,-2349777226.4077315
13502,2457062.606793496,-6082796283.541835,2684146732.8238873,-2349785780.2727113
13503,2457062.856800354,-6082399067.052502,2684569833.074121,-2349797559.245423
13504,2457063.106806754,-6082012137.195303,2684999062.658125,-2349811193.3727074
13505,2457063.3568130494,-6081632046.121438,2685422642.837693,-2349821586.2400646
13506,2457063.6068196017,-6081245991.324335,2685843778.1941466,-2349830151.770006
13507,2457063.856826053,-6080857546.885704,2686274201.4694304,-2349841974.349976
13508,2457064.106832045,-6080479500.668754,2686710588.65271,-2349855596.4601192
13509,2457064.356837939,-6080108184.680091,2687141216.9904737,-2349865946.3835974
13510,2457064.6068440885,-6079730858.662083,2687569492.632259,-2349874525.3965178
13511,2457064.8568501305,-6079351316.225334,2688007090.2569137,-2349886392.435183
13512,2457065.1068557133,-6078982281.018175,2688450484.429557,-2349900002.8417835
13513,2457065.356861203,-6078619865.995385,2688888011.825302,-2349910311.096166
13514,2457065.606866948,-6078251396.925556,2689323279.1270127,-2349918905.3819747
13515,2457065.856872578,-6077880885.832728,2689767899.466915,-2349930817.684409
13516,2457066.1068777493,-6077520988.391756,2690218146.9979234,-2349944416.661306
13517,2457066.356882833,-6077167599.661264,2690662421.2405834,-2349954684.479332
13518,2457066.606888171,-6076808115.1905365,2691104528.3063383,-2349963295.757015
13519,2457066.856893388,-6076446764.232137,2691556016.3042154,-2349975254.035676
13520,2457067.1068981458,-6076096130.742519,2692012960.0343866,-2349988841.766782
13521,2457067.356902821,-6075751893.095803,2692463825.2490096,-2349999070.2842426
13522,2457067.6069077505,-6075401520.345162,2692912616.3120503,-2350007700.142018
13523,2457067.856912552,-6075049457.709527,2693370812.839684,-2350019704.9521656
13524,2457068.1069168937,-6074708213.687679,2693834291.3860345,-2350033281.4619994
13525,2457068.3569211597,-6074373251.226823,2694291587.2907624,-2350043471.642888
13526,2457068.6069256784,-6074032116.56451,2694746901.926084,-2350052121.458012
13527,2457068.8569300626,-6073689469.536224,2695211642.958035,-2350064173.112859
13528,2457069.106933987,-6073357739.439676,2695681489.854611,-2350077738.177437
13529,2457069.356937841,-6073032175.087545,2696145050.8758903,-2350087890.720735
13530,2457069.6069419472,-6072700403.528159,2696606723.1008806,-2350096561.5629573
13531,2457069.8569459124,-6072367297.767017,2697077838.814554,-2350108660.0351458
13532,2457070.106949418,-6072045204.146391,2697553881.6267433,-2350122213.082726
13533,2457070.356952859,-6071729158.665144,2698023536.0442815,-2350132328.3235674
13534,2457070.606956551,-6071406872.749863,2698491393.514267,-2350141020.858424
13535,2457070.8569600955,-6071083431.032582,2698968707.5583725,-2350153165.687589
13536,2457071.1069631805,-6070771093.138634,2699450767.246328,-2350166705.712499
13537,2457071.3569662077,-6070464683.608368,2699926336.6735973,-2350176783.5442677
13538,2457071.606969484,-6070152001.765116,2700400200.3029814,-2350185497.965807
13539,2457071.8569726064,-6069838342.242829,2700883529.5826573,-2350197688.2043676
13540,2457072.1069752704,-6069535874.2022295,2701371420.4704785,-2350211213.7278647
13541,2457072.356977882,-6069239212.138659,2701852720.0245485,-2350221253.579919
13542,2457072.606980742,-6068936246.768551,2702332404.371751,-2350229989.6073236
13543,2457072.8569834414,-6068632481.053665,2702821559.659171,-2350242223.8375797
13544,2457073.1069856836,-6068339989.99078,2703315090.2749286,-2350255732.94597
13545,2457073.3569878787,-6068053179.536186,2703801929.643152,-2350265733.842984
13546,2457073.6069903215,-6067760035.30733,2704287244.196373,-2350274490.801451
13547,2457073.8569925977,-6067466266.904252,2704782031.622436,-2350286767.2376213
13548,2457074.106994417,-6067183851.540818,2705281006.3752966,-2350300257.703683
13549,2457074.3569961963,-6066906988.259382,2705773191.651358,-2350310218.404237
13550,2457074.6069982215,-6066623761.1193075,2706263942.793796,-2350318995.3789186
13551,2457074.857000074,-6066340084.671159,2706764165.9096985,-2350331312.034198
13552,2457075.107001471,-6066067834.818737,2707268387.211601,-2350344781.493848
13553,2457075.3570028334,-6065801005.438107,2707765723.0395656,-2350354700.672844
13554,2457075.6070044413,-6065527782.60065,2708261716.179632,-2350363496.6941347
13555,2457075.8570058704,-6065254284.112989,2708767178.0393863,-2350375851.566255
13556,2457076.1070068446,-6064992281.120042,2709276448.307559,-2350389297.700913
13557,2457076.3570077913,-6064735564.181899,2709778739.7753916,-2350399174.1252146
13558,2457076.607008982,-6064472424.957052,2710279781.108073,-2350407988.335396
13559,2457076.8570099873,-6064209182.781612,2710790285.8799076,-2350420379.562878
13560,2457077.10701054,-6063957500.644606,2711304408.9844117,-2350433800.243474
13561,2457077.357011071,-6063710967.714555,2711811462.8985734,-2350443632.901748
13562,2457077.607011845,-6063457984.78847,2712317360.5042286,-2350452464.670064
13563,2457077.8570124274,-6063205070.947433,2712832714.3954864,-2350464890.632757
13564,2457078.107012559,-6062963777.655949,2713351496.4146624,-2350478284.005672
13565,2457078.357012675,-6062727494.666973,2713863121.8935075,-2350488072.179588
13566,2457078.6070130323,-6062484735.423635,2714373686.1805553,-2350496921.1593375
13567,2457078.857013193,-6062242216.89384,2714893697.7433214,-2350509380.5227833
13568,2457079.1070129042,-6062011375.66533,2715416947.1458235,-2350522745.0425024
13569,2457079.357012606,-6061785404.092555,2715932955.691656,-2350532488.3283434
13570,2457079.607012548,-6061552931.720082,2716447999.3739815,-2350541354.468686
13571,2457079.8570122872,-6061320871.466783,2716972479.4033465,-2350553846.187731
13572,2457080.1070115785,-6061100541.706413,2717500006.880462,-2350567180.6134014
13573,2457080.3570108674,-6060884939.451907,2718020212.1578555,-2350576878.912342
13574,2457080.6070103943,-6060662813.752604,2718539549.991559,-2350585762.4434857
13575,2457080.8570097126,-6060441271.467797,2719068311.232319,-2350598285.743661
13576,2457081.1070085857,-6060231509.4396105,2719599929.3833776,-2350611589.11744
13577,2457081.357007462,-6060026331.440223,2720124146.8903685,-2350621242.6113915
13578,2457081.607006575,-6059814609.378891,2720647595.3380795,-2350630144.018725
13579,2457081.857005474,-6059603641.97589,2721180452.1487155,-2350642698.3695674
13580,2457082.1070039296,-6059404501.249987,2721715975.1486154,-2350655969.989432
13581,2457082.3570023943,-6059209799.881772,2722244021.890239,-2350665579.1134357
13582,2457082.607001094,-6059008535.951535,2722771398.803732,-2350674499.110056
13583,2457082.856999574,-6058808197.897801,2723308166.850799,-2350687084.1982794
13584,2457083.1069976133,-6058619729.655777,2723847410.156511,-2350700323.591763
13585,2457083.3569956683,-6058435555.015636,2724379104.3628173,-2350709889.0081086
13586,2457083.606993956,-6058244801.498707,2724910228.7130847,-2350718828.509654
13587,2457083.8569920184,-6058055145.05989,2725450724.713644,-2350731444.2149587
13588,2457084.106989642,-6057877398.326095,2725993504.817486,-2350744651.1156282
13589,2457084.3569872878,-6057703798.452198,2726528665.7056613,-2350754173.690678
13590,2457084.606985165,-6057523605.6307745,2727063357.3531036,-2350763133.792682
13591,2457084.8569828104,-6057344681.074506,2727607398.852384,-2350775780.1658483
13592,2457085.10698002,-6057177702.915081,2728153533.065078,-2350788954.4917192
13593,2457085.356977258,-6057014723.981593,2728691980.6254463,-2350798435.2742105
13594,2457085.6069747247,-6056845140.328038,2729230060.1078396,-2350807417.230487
13595,2457085.856971955,-6056676996.110639,2729777465.268674,-2350820094.472037
13596,2457086.1069687516,-6056520831.817942,2730326771.5082874,-2350833236.3040833
13597,2457086.356965583,-6056368518.316417,2730868326.290578,-2350842676.5030255
13598,2457086.606962641,-6056209590.67035,2731409614.606225,-2350851681.7031927
13599,2457086.856959457,-6056052273.609988,2731960201.989028,-2350864390.140814
13600,2457087.1069558426,-6055906966.872202,2732512498.556357,-2350877499.6998305
13601,2457087.3569522677,-6055765361.776229,2733056981.43907,-2350886900.6604033
13602,2457087.6069489187,-6055617135.502711,2733601299.8103666,-2350895930.605144
13603,2457087.856945322,-6055470690.9310665,2734154888.1314316,-2350908670.668604
13604,2457088.1069412967,-6055336283.977501,2734709993.4623785,-2350921748.2894187
13605,2457088.356937318,-6055205428.88039,2735257225.3984814,-2350931111.466129
13606,2457088.6069335626,-6055067947.998403,2735804395.0116363,-2350940167.7396235
13607,2457088.856929554,-6054932419.88009,2736360802.878086,-2350952939.932894
13608,2457089.1069251206,-6054808953.592097,2736918535.273608,-2350965986.0358706
13609,2457089.356920739,-6054688888.808189,2737468337.01505,-2350975312.9630404
13610,2457089.6069165785,-6054562196.081242,2738018178.740388,-2350984397.202867
13611,2457089.85691216,-6054437627.094459,2738577224.3675127,-2350997202.0738997
13612,2457090.1069073193,-6054325141.077038,2739137401.7077656,-2351010217.134232
13613,2457090.3569025365,-6054215905.703705,2739689593.5161023,-2351019509.394465
13614,2457090.6068979725,-6054100042.691651,2740241927.616114,-2351028623.259644
13615,2457090.856893145,-6053986474.270908,2740803428.533904,-2351041461.3684096
13616,2457091.1068878984,-6053885006.887766,2741365867.9826765,-2351054445.883848
13617,2457091.356882716,-6053786638.832549,2741920269.3305073,-2351063705.0750113
13618,2457091.60687775,-6053681645.910436,2742474915.1587586,-2351072850.21256
13619,2457091.856872515,-6053579118.258491,2743038687.908602,-2351085722.0976048
13620,2457092.1068668645,-6053488706.63839,2743603205.606445,-2351098676.5545993
13621,2457092.356861284,-6053401242.619368,2744159634.8653665,-2351107904.25506
13622,2457092.606855917,-6053307158.971272,2744716410.5489388,-2351117082.264573
13623,2457092.8568502762,-6053215711.047324,2745282270.3599677,-2351129988.407225
13624,2457093.106844223,-6053136391.06731,2745848681.092247,-2351142913.244322
13625,2457093.3568382463,-6053059866.590216,2746406955.1902742,-2351152110.9749794
13626,2457093.60683248,-6052976730.178745,2746965677.2754107,-2351161323.3693986
13627,2457093.8568264353,-6052896399.659904,2747533437.697201,-2351174264.153492
13628,2457094.1068199817,-6052828205.898153,2748101554.5111604,-2351187159.7195606
13629,2457094.35681361,-6052762655.197836,2748661488.5313334,-2351196328.899918
13630,2457094.606807446,-6052690502.690786,2749221971.5624065,-2351205577.0594935
13631,2457094.856800999,-6052621325.881811,2749791444.0232306,-2351218552.7234516
13632,2457095.106794147,-6052564291.507624,2750361077.7630596,-2351231419.2273955
13633,2457095.356787382,-6052509747.413224,2750922484.4533167,-2351240561.1223283
13634,2457095.6067808224,-6052448614.018338,2751484540.4574227,-2351249846.238536
13635,2457095.856773975,-6052390625.651291,2752055533.723941,-2351262856.8166833
13636,2457096.1067667254,-6052344782.184476,2752626492.465211,-2351275694.2658916
13637,2457096.35675957,-6052301275.831268,2753189181.648007,-2351284809.920885
13638,2457096.6067526164,-6052251194.952653,2753752619.522718,-2351294132.9287105
13639,2457096.85674537,-6052204427.7814,2754324939.0700483,-2351307178.1811495
13640,2457097.1067377264,-6052169804.618215,2754897027.47592,-2351319986.309103
13641,2457097.3567301817,-6052137364.8966,2755460805.3959246,-2351329076.4757056
13642,2457097.6067228364,-6052098367.498767,2756025430.2570863,-2351338437.977735
13643,2457097.8567151935,-6052062851.572209,2756598877.626761,-2351351517.3140755
13644,2457098.106707157,-6052039475.162664,2757171896.3263063,-2351364295.504436
13645,2457098.3566992255,-6052018127.794021,2757736565.0611396,-2351373360.565603
13646,2457098.606691491,-6051990241.372389,2758302177.7013044,-2351382760.7600894
13647,2457098.8566834535,-6051966002.899467,2758876550.0240974,-2351395873.1718445
13648,2457099.1066750274,-6051953895.508898,2759450295.215781,-2351408620.396538
13649,2457099.3566667116,-6051943661.706945,2760015652.377416,-2351417660.3120008
13650,2457099.6066585896,-6051926908.85559,2760582049.084469,-2351427098.947581
13651,2457099.8566501606,-6051913968.690933,2761157139.035343,-2351440242.9741445
13652,2457100.106641347,-6051913146.818691,2761731402.595027,-2351452957.7721453
13653,2457100.35663265,-6051914041.658309,2762297241.606036,-2351461972.0716596
13654,2457100.6066241437,-6051908438.409542,2762864214.6222053,-2351471448.4570384
13655,2457100.856615326,-6051906810.389506,2763439811.07355,-2351484622.21329
13656,2457101.106606128,-6051917283.129566,2764014381.4078965,-2351497302.736673
13657,2457101.3565970524,-6051929313.960465,2764580492.556584,-2351506290.585128
13658,2457101.606588165,-6051934868.28163,2765147831.33336,-2351515803.67408
13659,2457101.856578962,-6051944557.836001,2765723720.802118,-2351529004.95508
13660,2457102.106569383,-6051966325.6342,2766298384.4734693,-2351541649.092051
13661,2457102.356559932,-6051989491.010723,2766864556.696674,-2351550609.4293323
13662,2457102.6065506665,-6052006201.930561,2767432049.8119545,-2351560157.976188
13663,2457102.8565410813,-6052027205.426813,2768008018.4831033,-2351573384.4263406
13664,2457103.1065311255,-6052060259.659018,2768582562.306421,-2351585989.9806805
13665,2457103.3565213038,-6052094549.160778,2769148585.324701,-2351594921.707994
13666,2457103.6065116636,-6052122406.83508,2769716022.621054,-2351604504.458306
13667,2457103.8565017004,-6052154711.886839,2770291858.453683,-2351617753.76345
13668,2457104.106491371,-6052199035.4015,2770866071.535205,-2351630318.6441607
13669,2457104.356481182,-6052244430.393996,2771431737.791609,-2351639220.8075767
13670,2457104.606471171,-6052283417.063461,2771998912.1876283,-2351648836.6731305
13671,2457104.856460834,-6052327003.66222,2772574406.5754275,-2351662106.7250285
13672,2457105.106450136,-6052382572.059297,2773148081.802591,-2351674629.097691
13673,2457105.356439583,-6052439047.089794,2773713187.767947,-2351683501.024107
13674,2457105.6064292057,-6052489138.561953,2774279896.3716154,-2351693149.2026286
13675,2457105.8564184983,-6052543980.616048,2774854845.0621347,-2351706438.2021847
13676,2457106.106407435,-6052610763.815043,2775427779.829916,-2351718916.5751634
13677,2457106.3563965233,-6052678288.182029,2775992126.542121,-2351727757.9411864
13678,2457106.606385784,-6052739455.37739,2776558171.014213,-2351737437.968667
13679,2457106.856374711,-6052805522.214878,2777132374.3100357,-2351750744.4629607
13680,2457107.106363287,-6052883485.89759,2777704370.5742736,-2351763177.710059
13681,2457107.3563520205,-6052962025.018378,2778267763.560043,-2351771988.551281
13682,2457107.606340923,-6053034235.251691,2778832949.9228277,-2351781700.2995076
13683,2457107.856329488,-6053111492.808964,2779406212.3955574,-2351795023.1693277
13684,2457108.1063177083,-6053200599.511799,2779977076.308589,-2351807410.508638
13685,2457108.356306091,-6053290115.915997,2780539325.1566997,-2351816191.191094
13686,2457108.6062946394,-6053373333.791018,2781103463.321206,-2351825934.833347
13687,2457108.8562828475,-6053461745.412593,2781675593.3073726,-2351839273.254628
13688,2457109.1062707156,-6053561955.236281,2782245134.694176,-2351851614.206689
13689,2457109.356258752,-6053662409.190009,2782806052.522109,-2351860365.3826375
13690,2457109.606246951,-6053756597.143957,2783368955.7554975,-2351870141.3483243
13691,2457109.8562348057,-6053856124.055041,2783939764.8330646,-2351883494.746619
13692,2457110.106222327,-6053967395.073301,2784507796.6821795,-2351895789.089074
13693,2457110.3562100213,-6054078744.930284,2785067199.6457033,-2351904511.652286
13694,2457110.6061978745,-6054183863.534036,2785628684.1040573,-2351914320.5836515
13695,2457110.856185381,-6054294465.097997,2786197986.651454,-2351927688.592711
13696,2457111.106172559,-6054416753.579511,2786764324.7006984,-2351939936.3206253
13697,2457111.3561599157,-6054538955.972815,2787322031.6063337,-2351948631.3684626
13698,2457111.606147428,-6054654964.097764,2787881915.974676,-2351958474.084929
13699,2457111.8561345898,-6054776597.964422,2788449528.838037,-2351971856.5134187
13700,2457112.1061214292,-6054909858.5078745,2789013991.2667937,-2351984057.8079143
13701,2457112.3561084527,-6055042868.474986,2789569823.286841,-2351992726.6116834
13702,2457112.6060956283,-6055169723.411243,2790127928.5157504,-2352002604.082196
13703,2457112.8560824506,-6055302345.632454,2790693670.7654223,-2352016000.888026
13704,2457113.1060689557,-6055446531.28275,2791256077.9675493,-2352028156.0919805
13705,2457113.3560556504,-6055590302.383523,2791809858.426293,-2352036800.0736237
13706,2457113.606042493,-6055727959.960895,2792366007.5296884,-2352046713.3945932
13707,2457113.8560289796,-6055871525.116831,2792929700.2673635,-2352060124.664037
13708,2457114.1060151556,-6056026587.498119,2793489874.6640925,-2352072234.26167
13709,2457114.3560015257,-6056181071.954046,2794041428.8533587,-2352080854.9734635
13710,2457114.60598804,-6056329486.687126,2794595446.72513,-2352090805.3488064
13711,2457114.855974196,-6056483948.038169,2795156912.8996224,-2352104231.276806
13712,2457115.1059600464,-6056649837.51248,2795714678.7512946,-2352116295.873571
13713,2457115.355946096,-6056814986.370321,2796263833.7356286,-2352124894.9772477
13714,2457115.605932287,-6056974111.62573,2796815546.9472146,-2352134883.697008
13715,2457115.855918116,-6057139421.283045,2797374611.1431913,-2352148324.5653005
13716,2457116.105903646,-6057316087.123408,2797929794.326796,-2352160344.8648944
13717,2457116.35588938,-6057491850.428303,2798476378.708009,-2352168924.1071815
13718,2457116.6058752513,-6057661638.595616,2799025615.259889,-2352178952.52201
13719,2457116.855860758,-6057837747.689313,2799582103.4359994,-2352192408.6726403
13720,2457117.105845972,-6058025138.243823,2800134531.16834,-2352204385.4489326
